,FID,Inspection,License__,Risk,Zip,Latitude,Longitude,Pass,Violation,exp,Type,year_built,str_name,d_rodent,d_14crime,d_14san_co,d_14en_com,count_insp,PassProb,FailProb,FailRank
1286,1285,1515277,55054,Risk 1 (High),60617,41.73585958,-87.58577161,0,1,0,Complaint Re-Inspection,1954,STONY,287.3176,518.7292,563.6089,2423.3008,10,0.00%,100.00%,1
4100,4099,1515510,1980017,Risk 1 (High),60647,41.91826596,-87.68952838,0,1,0,Short Form Complaint,1899,Milwaukee,155.6699,699.421,470.4222,2314.3168,10,0.00%,100.00%,2
6158,6157,1501475,2246913,Risk 1 (High),60618,41.93940917,-87.71113056,0,0,0,Short Form Complaint,1905,BELMONT,707.9282,608.9292,616.9453,1849.1503,9,0.00%,100.00%,3
2494,2493,1512580,1519152,Risk 2 (Medium),60637,41.77859718,-87.61544139,0,1,0,Short Form Complaint,2005,DR,496.4853,137.0981,632.9227,2669.4994,9,0.00%,100.00%,4
3190,3189,1363206,1801390,Risk 1 (High),60608,41.85771616,-87.66439496,0,1,0,Short Form Complaint,1881,18TH,819.2054,412.1061,333.7904,2826.7432,8,0.00%,100.00%,5
1376,1375,1467451,63356,Risk 1 (High),60607,41.8661742,-87.63935715,0,1,0,Complaint Re-Inspection,1997,CANAL,185.7067,1415.934,1073.2603,2516.099,8,0.00%,100.00%,6
1494,1493,1496824,75883,Risk 1 (High),60616,41.85309846,-87.63460289,0,1,1,Complaint Re-Inspection,1998,ARCHER,344.1338,298.8195,414.5407,1912.0423,8,0.00%,100.00%,7
6916,6915,1493752,2308009,Risk 1 (High),60638,41.7969,-87.75543002,0,1,0,Short Form Complaint,1928,ARCHER,216.2501,638.3463,863.2349,6125.5795,8,0.00%,100.00%,8
251,250,1512909,9278,Risk 1 (High),60611,41.88997109,-87.62707477,1,0,0,Short Form Complaint,1949,HUBBARD,46.3991,337.8757,796.0746,796.5861,7,0.00%,100.00%,9
4397,4396,1418702,2026186,Risk 1 (High),60659,41.99798375,-87.68142045,1,1,0,Short Form Complaint,1962,DEVON,337.2706,525.0655,583.4943,1153.0561,7,0.00%,100.00%,10
3333,3332,1515350,1840678,Risk 1 (High),60614,41.91549679,-87.63431441,0,0,0,Consultation,1974,LINCOLN,142.9445,849.693,293.4478,2255.5794,7,0.00%,100.00%,11
2670,2669,1325327,1594881,Risk 1 (High),60644,41.86945018,-87.74471635,0,1,0,Canvass,1974,CICERO,1089.2479,399.6519,296.1328,2317.867,7,0.00%,100.00%,12
493,492,1412216,21794,Risk 1 (High),60652,41.75466012,-87.74138476,0,1,1,Short Form Complaint,2005,CICERO,275.6054,1309.1745,1657.995,5852.1175,7,0.00%,100.00%,13
3472,3471,1493669,1874364,Risk 2 (Medium),60637,41.7779982,-87.60573012,0,1,0,Complaint Re-Inspection,1907,COTTAGE,531.8705,268.3187,554.8434,2150.1485,6,0.01%,99.99%,14
6989,6988,1512986,2309011,Risk 1 (High),60636,41.77912871,-87.68348988,0,1,0,Canvass Re-Inspection,1925,WESTERN,1049.0052,376.3557,358.9386,1701.4716,6,0.01%,99.99%,15
1982,1981,1513018,1273271,Risk 2 (Medium),60620,41.7510225,-87.62698029,0,1,0,Complaint Re-Inspection,1966,79TH,161.7937,616.1569,544.2035,2346.4235,6,0.01%,99.99%,16
144,143,1439546,4190,Risk 1 (High),60611,41.89076289,-87.62754901,0,0,0,Short Form Complaint,1992,ILLINOIS,771.8941,210.8024,642.3658,722.9691,6,0.01%,99.99%,17
6086,6085,1467509,2240843,Risk 1 (High),60607,41.86940158,-87.66467526,0,1,0,Short Form Complaint,1884,TAYLOR,1292.7555,506.204,612.9203,3347.0841,6,0.01%,99.99%,18
2268,2267,1501933,1445981,Risk 2 (Medium),60620,41.73638005,-87.62750922,0,1,0,Short Form Complaint,1974,87TH,613.5416,364.2359,565.1077,3256.4383,6,0.01%,99.99%,19
1035,1034,1501633,40377,Risk 1 (High),60610,41.91061037,-87.63179897,0,1,0,Canvass Re-Inspection,2008,CLARK,54.4199,686.7098,254.4047,537.8379,6,0.01%,99.99%,20
780,779,1496674,32246,Risk 1 (High),60613,41.95437176,-87.65499811,0,1,0,Complaint Re-Inspection,1905,IRVING,471.4059,277.7374,406.6877,2241.0648,6,0.01%,99.99%,21
2531,2530,1464617,1544937,Risk 1 (High),60660,41.9939727,-87.66024238,0,1,0,Canvass Re-Inspection,1914,BROADWAY,129.2811,430.9956,336.6668,1898.1529,6,0.01%,99.99%,22
6646,6645,1501367,2293041,Risk 1 (High),60620,41.75030523,-87.65940224,0,1,1,Short Form Complaint,1919,79TH,340.5966,277.1233,388.8188,2462.5076,6,0.01%,99.99%,23
4001,4000,1464618,1968755,Risk 2 (Medium),60660,41.9839522,-87.66900616,0,1,0,Short Form Complaint,1974,CLARK,129.2811,942.8011,428.2796,1918.403,6,0.01%,99.99%,24
2649,2648,1445262,1592999,Risk 1 (High),60605,41.86551745,-87.62564806,0,1,1,Canvass Re-Inspection,1937,WABASH,359.2846,248.409,108.4368,2018.2869,6,0.01%,99.99%,25
1182,1181,1497666,47719,Risk 1 (High),60616,41.85362074,-87.63298133,0,1,1,Short Form Complaint,1989,ARCHER,202.125,265.9655,525.5637,1732.0274,6,0.01%,99.99%,26
3068,3067,1385625,1742764,Risk 1 (High),60651,41.89493601,-87.76732423,0,1,0,Complaint Re-Inspection,2006,CHICAGO,309.6364,223.954,175.4046,1940.661,6,0.01%,99.99%,27
5645,5644,1515405,2177289,Risk 2 (Medium),60609,41.79491574,-87.63037667,0,1,1,Complaint,1992,WENTWORTH,92.3567,677.5027,386.141,4134.6505,6,0.01%,99.99%,28
725,724,1418572,29726,Risk 1 (High),60659,41.99349817,-87.71220433,0,1,1,Short Form Complaint,2006,LINCOLN,228.577,945.9036,768.9179,3799.6037,6,0.02%,99.98%,29
328,327,1502205,12886,Risk 2 (Medium),60617,41.72788019,-87.55106123,0,1,0,Short Form Complaint,1986,COMMERCIAL,259.6382,626.7205,1054.5308,825.0044,5,0.05%,99.95%,30
4882,4881,1459467,2092903,Risk 1 (High),60649,41.76638422,-87.57269447,0,1,0,Complaint Re-Inspection,1918,71ST,297.6944,181.9602,532.8497,1508.792,5,0.06%,99.94%,31
3444,3443,1387825,1869774,Risk 1 (High),60653,41.80925659,-87.61766628,0,1,0,Complaint,1888,47TH,155.6699,253.2414,505.0675,1511.1216,5,0.06%,99.94%,32
4146,4145,1493494,1985943,Risk 2 (Medium),60649,41.76005986,-87.55848986,0,1,0,Short Form Complaint,1893,75TH,282.4212,256.9991,474.1362,3053.5249,5,0.06%,99.94%,33
6954,6953,1497755,2308399,Risk 1 (High),60653,41.80921878,-87.62003481,0,1,0,Complaint Re-Inspection,1924,47TH,189.03,312.8748,583.4806,1267.3666,5,0.06%,99.94%,34
1561,1560,1512325,82530,Risk 1 (High),60616,41.85206881,-87.63214293,0,1,0,Complaint Re-Inspection,1908,WENTWORTH,924.5808,246.7288,540.7721,1352.5504,5,0.07%,99.93%,35
3510,3509,1491205,1879470,Risk 1 (High),60653,41.82254786,-87.61681562,0,1,0,Short Form Complaint,1894,DR,214.9444,567.2594,367.916,1909.3627,5,0.07%,99.93%,36
1703,1702,1501741,1119697,Risk 1 (High),60653,41.80979548,-87.59237387,0,0,0,Short Form Complaint,2006,47th,607.0921,1029.5005,792.2948,651.4724,5,0.07%,99.93%,37
17,16,1497728,644,Risk 1 (High),60602,41.88243401,-87.63103701,0,1,0,Complaint Re-Inspection,1922,CLARK,489.6121,471.9712,383.698,930.8544,5,0.07%,99.93%,38
5191,5190,1490757,2129398,Risk 1 (High),60602,41.88216417,-87.62451427,0,1,0,Complaint Re-Inspection,1899,MICHIGAN,860.222,418.9847,321.2643,1460.5889,5,0.07%,99.93%,39
1458,1457,1497260,71168,Risk 1 (High),60614,41.92868241,-87.66841493,0,1,0,Short Form Complaint,1891,ASHLAND,390.4667,421.8793,368.5036,645.4382,5,0.07%,99.93%,40
5985,5984,1445258,2229578,Risk 1 (High),60610,41.91105208,-87.63393075,0,1,0,Canvass Re-Inspection,1906,NORTH,389.5239,579.0979,354.5389,1136.5829,5,0.07%,99.93%,41
746,745,1515441,30743,Risk 1 (High),60661,41.87790422,-87.64219482,0,1,0,Complaint Re-Inspection,1951,JACKSON,329.3877,360.3067,927.7034,1227.5974,5,0.07%,99.93%,42
6957,6956,1493571,2308505,Risk 2 (Medium),60649,41.75193793,-87.55908695,0,1,0,Complaint Re-Inspection,1989,79TH,1392.4545,314.5864,251.576,2016.9998,5,0.07%,99.93%,43
1059,1058,1155238,41570,Risk 1 (High),60622,41.89967742,-87.67616546,0,1,0,Complaint,1896,AUGUSTA,265.9764,203.5349,325.4992,1050.5452,5,0.07%,99.93%,44
635,634,1493384,26260,Risk 1 (High),60610,41.90409273,-87.62882709,0,1,0,Complaint Re-Inspection,1891,STATE,784.146,668.8678,107.0648,1525.2426,5,0.07%,99.93%,45
6753,6752,1467536,2298788,Risk 1 (High),60607,41.8835571,-87.6484324,0,1,0,Complaint Re-Inspection,1908,GREEN,478.1617,446.2136,298.8875,1364.7324,5,0.07%,99.93%,46
4705,4704,1512640,2069345,Risk 1 (High),60610,41.90239382,-87.62846892,0,1,0,Suspected Food Poisoning Re-inspection,1928,STATE,405.9639,544.5747,244.2806,966.8093,5,0.07%,99.93%,47
1778,1777,1482217,1144034,Risk 1 (High),60640,41.96989465,-87.65954702,0,1,0,Complaint Re-Inspection,1915,BROADWAY,353.7813,531.9466,180.8906,129.032,5,0.07%,99.93%,48
1980,1979,1502116,1273265,Risk 2 (Medium),60649,41.7658708,-87.58646837,0,1,0,Complaint Re-Inspection,1975,STONY,284.7176,500.126,416.8124,2106.1379,5,0.08%,99.92%,49
1717,1716,1387681,1121241,Risk 1 (High),60628,41.68293421,-87.64193427,0,1,0,Complaint Re-Inspection,1967,HALSTED,734.7739,640.1764,861.3498,2869.2628,5,0.08%,99.92%,50
841,840,1393322,33783,Risk 1 (High),60614,41.93217875,-87.64884537,0,1,0,Canvass Re-Inspection,1901,HALSTED,314.9473,535.57,41.3586,853.8741,5,0.08%,99.92%,51
5770,5769,1497966,2189438,Risk 1 (High),60622,41.90045256,-87.6675601,0,1,0,Complaint Re-Inspection,1909,ASHLAND,229.9727,367.7576,201.1934,960.5003,5,0.08%,99.92%,52
4363,4362,1501603,2017640,Risk 1 (High),60610,41.91106882,-87.63171063,0,1,0,Complaint Re-Inspection,1963,NORTH,411.9666,694.746,261.5911,607.0634,5,0.08%,99.92%,53
6257,6256,1467527,2256680,Risk 1 (High),60607,41.8835377,-87.65456046,1,1,0,Recent Inspection,1921,ABERDEEN,505.6758,605.3815,407.6104,1790.0749,5,0.08%,99.92%,54
1085,1084,1498026,42672,Risk 1 (High),60611,41.89894854,-87.62397499,0,1,0,Canvass Re-Inspection,1969,MICHIGAN,585.8021,404.3009,457.1987,1148.0283,5,0.08%,99.92%,55
6333,6332,1482373,2263820,Risk 1 (High),60640,41.97385029,-87.65965358,0,1,0,Short Form Complaint,1914,BROADWAY,221.7046,388.8519,723.1352,1406.2663,5,0.08%,99.92%,56
2394,2393,1501289,1490824,Risk 1 (High),60608,41.85382873,-87.6956564,0,1,0,Complaint Re-Inspection,1904,CALIFORNIA,735.8611,480.8006,334.0079,1929.2448,5,0.08%,99.92%,57
264,263,1512635,9821,Risk 1 (High),60640,41.97261318,-87.65991335,0,1,0,Complaint,1936,BROADWAY,285.3305,349.044,584.9986,952.576,5,0.08%,99.92%,58
5091,5090,1513147,2119915,Risk 1 (High),60616,41.85433395,-87.63204756,0,1,0,Canvass Re-Inspection,2006,ARCHER,21087.1053,504.5973,514.3693,1767.7288,5,0.08%,99.92%,59
2957,2956,1434750,1696469,Risk 1 (High),60614,41.92640348,-87.64988949,0,1,0,Suspected Food Poisoning Re-inspection,1916,LINCOLN,202.7312,363.4194,53.1809,1310.9659,5,0.08%,99.92%,60
3295,3294,1199578,1820926,Risk 2 (Medium),60661,41.88199434,-87.63975868,0,1,0,Short Form Complaint,1988,MADISON,492.7934,1096.3383,654.4124,1134.8121,5,0.08%,99.92%,61
4501,4500,1498105,2041814,Risk 1 (High),60610,41.90431303,-87.62883833,0,0,0,Complaint Re-Inspection,1936,STATE,411.9666,677.8766,168.37,1603.2253,5,0.08%,99.92%,62
273,272,1439404,10393,Risk 1 (High),60611,41.8949033,-87.62074373,0,1,0,Canvass Re-Inspection,1979,HURON,387.52,1034.8256,915.5311,1798.2631,5,0.08%,99.92%,63
2908,2907,1387771,1679682,Risk 2 (Medium),60628,41.68624927,-87.64204217,0,0,0,Short Form Complaint,2008,HALSTED,456.0208,492.7677,611.2434,2780.4465,5,0.09%,99.91%,64
2389,2388,1307606,1490035,Risk 2 (Medium),60621,41.76915534,-87.62681268,0,1,1,Complaint Re-Inspection,1889,LAFAYETTE,573.5405,527.3526,777.3115,2546.9246,5,0.09%,99.91%,65
171,170,1385549,6394,Risk 1 (High),60623,41.84424328,-87.7170764,0,1,0,Complaint Re-Inspection,1923,26TH,604.758,220.3949,504.9336,2042.1359,5,0.09%,99.91%,66
4741,4740,1501531,2074133,Risk 1 (High),60613,41.95427746,-87.65468607,0,0,0,Consultation,1905,SHERIDAN,571.5939,332.6177,386.7801,2208.259,5,0.09%,99.91%,67
2899,2898,1464524,1678633,Risk 1 (High),60660,41.99468413,-87.65847729,0,1,0,Complaint Re-Inspection,1924,GRANVILLE,55.3408,395.7655,670.5843,1891.1373,5,0.09%,99.91%,68
6998,6997,1464498,2309128,Risk 1 (High),60626,42.00800274,-87.66671916,0,1,0,Complaint Re-Inspection,1932,MORSE,179.6541,330.8763,337.9282,1151.0185,5,0.09%,99.91%,69
6950,6949,1199616,2308390,Risk 1 (High),60661,41.88431283,-87.64112327,0,1,0,Canvass,2000,CLINTON,309.0323,783.221,676.6763,1699.8921,5,0.09%,99.91%,70
4957,4956,1501466,2099284,Risk 1 (High),60605,41.86400154,-87.62422573,0,1,0,Consultation,2007,MICHIGAN,707.9282,427.396,457.3288,1857.8133,5,0.09%,99.91%,71
630,629,1497326,26022,Risk 1 (High),60657,41.94108326,-87.64428467,0,1,0,Canvass Re-Inspection,1960,BROADWAY,418.5959,310.6772,216.5154,1529.6214,5,0.09%,99.91%,72
7158,7157,1199609,2320537,Risk 1 (High),60614,41.92866902,-87.6737792,0,1,0,Canvass,1995,CLYBOURN,273.1113,1032.9587,690.3503,1137.0464,5,0.10%,99.90%,73
3926,3925,1515406,1954531,Risk 1 (High),60612,41.88118544,-87.69636211,0,1,0,Complaint,1894,MADISON,303.5194,536.8014,283.2815,2905.2723,5,0.10%,99.90%,74
3988,3987,1307631,1964480,Risk 1 (High),60629,41.78662296,-87.7032112,0,1,0,Complaint Re-Inspection,1923,KEDZIE,195.2162,163.9834,299.5865,3195.3152,5,0.10%,99.90%,75
5806,5805,1496945,2195973,Risk 1 (High),60616,41.8552817,-87.63199264,0,1,0,Complaint,2006,WENTWORTH,240.5251,434.2769,348.8954,1921.1048,5,0.10%,99.90%,76
2853,2852,1501800,1650274,Risk 1 (High),60607,41.86441075,-87.64669154,0,1,0,Complaint Re-Inspection,2005,HALSTED,182.8048,941.3445,549.9814,1960.2561,5,0.10%,99.90%,77
1938,1937,1513115,1246262,Risk 1 (High),60610,41.90690784,-87.63443525,0,1,1,Canvass Re-Inspection,1885,WELLS,247.4526,668.4614,288.5433,1651.4804,5,0.10%,99.90%,78
1692,1691,1385598,1095992,Risk 1 (High),60639,41.91399921,-87.74586369,0,1,0,Complaint Re-Inspection,1951,GRAND,199.2554,946.0632,840.2218,1841.5949,5,0.10%,99.90%,79
3665,3664,1385796,1905309,Risk 1 (High),60639,41.92449956,-87.73465293,0,1,0,Complaint Re-Inspection,1923,FULLERTON,422.7046,320.5095,440.7975,2119.9641,5,0.10%,99.90%,80
4033,4032,1447519,1969971,Risk 2 (Medium),60606,41.87853128,-87.63942746,0,1,1,Complaint Re-Inspection,1972,CANAL,281.5189,867.3054,844.0556,970.5025,5,0.10%,99.90%,81
4612,4611,1372585,2059986,Risk 1 (High),60602,41.88280623,-87.6292815,0,0,1,Consultation,1966,DEARBORN,1038.3822,658.6551,642.4036,1041.1739,5,0.10%,99.90%,82
2444,2443,1480449,1495623,Risk 1 (High),60623,41.84443293,-87.70281289,0,1,1,Short Form Complaint,1901,26TH,246.8855,350.1296,984.5684,2166.5158,5,0.10%,99.90%,83
3471,3470,1307694,1874347,Risk 2 (Medium),60636,41.77511657,-87.68338584,0,1,0,Complaint Re-Inspection,2008,WESTERN,367.2857,500.7545,155.6259,2228.6771,5,0.10%,99.90%,84
5196,5195,1385502,2129537,Risk 1 (High),60639,41.90949805,-87.76480716,0,1,0,Complaint Re-Inspection,1952,NORTH,413.2852,742.5177,246.2118,1342.0601,5,0.11%,99.89%,85
6969,6968,1496628,2308713,Risk 1 (High),60625,41.96842385,-87.72135178,0,1,0,Canvass Re-Inspection,1924,LAWRENCE,310.3727,569.6851,155.677,1859.5254,5,0.11%,99.89%,86
737,736,1496438,30466,Risk 1 (High),60622,41.90289444,-87.68823387,0,1,1,Complaint Re-Inspection,1904,DIVISION,356.4367,415.7807,464.3671,1422.8191,5,0.11%,99.89%,87
4697,4696,1325218,2069144,Risk 1 (High),60612,41.88086598,-87.70585425,0,1,0,Complaint Re-Inspection,1974,MADISON,370.9673,473.412,451.9731,2270.1906,5,0.11%,99.89%,88
4714,4713,1396205,2069562,Risk 2 (Medium),60615,41.80189222,-87.62256559,0,1,0,Complaint Re-Inspection,2005,51ST,546.0044,456.5399,67.9505,3219.7091,5,0.11%,99.89%,89
3827,3826,1498190,1937623,Risk 1 (High),60643,41.67756731,-87.66584493,0,1,0,Short Form Complaint,1980,119TH,106.2913,1567.3967,1278.5378,5697.6078,5,0.11%,99.89%,90
1979,1978,1385519,1273264,Risk 2 (Medium),60644,41.88799311,-87.77476283,0,1,0,Complaint Re-Inspection,1974,AUSTIN,525.938,670.6474,426.9383,1488.8694,5,0.11%,99.89%,91
2876,2875,1418519,1676717,Risk 1 (High),60659,41.99789335,-87.68679892,0,1,0,Short Form Complaint,1957,DEVON,485.846,447.5386,167.2428,1833.0662,5,0.11%,99.89%,92
1046,1045,1501680,40692,Risk 1 (High),60610,41.91048635,-87.63199584,0,1,1,Canvass Re-Inspection,2008,GERMANIA,414.9457,686.1021,247.2342,571.4574,5,0.12%,99.88%,93
2808,2807,1506280,1648110,Risk 1 (High),60634,41.93853493,-87.80691268,0,1,0,Canvass Re-Inspection,1902,HARLEM,295.7179,265.9115,949.9368,3405.5855,5,0.12%,99.88%,94
2217,2216,1385542,1384031,Risk 1 (High),60644,41.88041,-87.76070578,0,1,0,Complaint Re-Inspection,1917,MADISON,215.4946,330.3988,375.3635,3606.4811,5,0.12%,99.88%,95
4252,4251,1464304,2003172,Risk 1 (High),60626,42.00568707,-87.66080018,0,1,1,Canvass Re-Inspection,1926,SHERIDAN,244.6286,409.9498,376.798,1686.1189,5,0.13%,99.87%,96
4382,4381,1482255,2021367,Risk 1 (High),60659,41.9976283,-87.7020184,0,1,0,Complaint Re-Inspection,1937,DEVON,331.8695,525.2574,123.3265,3010.5497,5,0.13%,99.87%,97
6775,6774,1385688,2299097,Risk 2 (Medium),60612,41.88107056,-87.68523086,0,1,0,Complaint Re-Inspection,2006,MADISON,396.2967,393.9158,628.0119,3630.4465,5,0.13%,99.87%,98
3105,3104,1501692,1767685,Risk 1 (High),60610,41.9039376,-87.6362147,0,1,1,Short Form Complaint,2004,DIVISION,154.1387,470.3332,575.7371,1856.9793,5,0.14%,99.86%,99
1722,1721,1385722,1122044,Risk 2 (Medium),60639,41.92405853,-87.76805155,0,1,0,Complaint Re-Inspection,2005,FULLERTON,630.3573,647.553,498.9989,2433.5822,5,0.14%,99.86%,100
488,487,1424640,21604,Risk 1 (High),60640,41.96526739,-87.65923798,0,1,1,Complaint Re-Inspection,1975,WILSON,463.1435,592.0764,410.0781,1737.0443,5,0.14%,99.86%,101
2931,2930,1497789,1682456,Risk 1 (High),60652,41.75466012,-87.74138476,0,1,0,Canvass Re-Inspection,2005,CICERO,280.0002,1309.1745,1657.995,5852.1175,5,0.14%,99.86%,102
2152,2151,1385746,1356889,Risk 2 (Medium),60644,41.88033045,-87.74978952,0,1,0,Short Form Complaint,2008,MADISON,3085.0477,367.7835,96.3656,2853.745,5,0.14%,99.86%,103
4664,4663,1418759,2065146,Risk 1 (High),60656,41.98114975,-87.8068093,1,0,0,Short Form Complaint,1952,HARLEM,322.8438,1092.1967,778.6825,3089.9594,5,0.15%,99.85%,104
2844,2843,1471447,1649503,Risk 1 (High),60707,41.9237502,-87.78988086,0,1,1,Complaint Re-Inspection,1988,FULLERTON,322.8263,903.8341,1100.4528,2550.3857,5,0.18%,99.82%,105
3638,3637,1501796,1903424,Risk 1 (High),60652,41.75466012,-87.74138476,0,1,1,Complaint Re-Inspection,2005,CICERO,805.6062,1309.1745,1657.995,5852.1175,5,0.19%,99.81%,106
52,51,1490375,1542,Risk 1 (High),60615,41.79965621,-87.58873571,0,1,0,Suspected Food Poisoning Re-inspection,1888,53RD,21087.1053,363.0366,181.1658,366.7991,4,0.56%,99.44%,107
1007,1006,1501740,39084,Risk 1 (High),60615,41.79943426,-87.58904626,0,1,0,Complaint Re-Inspection,1910,53RD,440.1689,366.8799,204.737,331.8651,4,0.66%,99.34%,108
258,257,1497429,9576,Risk 1 (High),60617,41.73204914,-87.5856895,0,1,0,Canvass,1929,STONY,381.8047,458.3575,640.1508,1838.2405,4,0.72%,99.28%,109
2106,2105,1453634,1335879,Risk 1 (High),60605,41.86769438,-87.62597903,0,1,0,Canvass Re-Inspection,1878,WABASH,523.172,204.41,559.9481,1380.3882,4,0.76%,99.24%,110
1115,1114,1199612,43981,Risk 1 (High),60661,41.87995707,-87.64128,0,1,0,Canvass Re-Inspection,1905,CLINTON,418.0417,920.9745,699.8348,754.1112,4,0.77%,99.23%,111
5956,5955,1497853,2221173,Risk 1 (High),60610,41.90038779,-87.63781902,0,1,0,Complaint,1891,OAK,481.3451,522.1599,598.0694,914.9623,4,0.79%,99.21%,112
4359,4358,1498041,2017191,Risk 1 (High),60653,41.81525377,-87.60653033,0,1,0,Canvass,1915,COTTAGE,667.2815,575.5817,1044.4188,2234.8799,4,0.79%,99.21%,113
7099,7098,1453671,2314740,Risk 2 (Medium),60604,41.87867435,-87.6262423,0,1,0,Canvass,1894,WABASH,469.379,658.1295,482.3127,1131.6521,4,0.79%,99.21%,114
1195,1194,1453636,48297,Risk 1 (High),60604,41.87739694,-87.62751493,0,1,0,Canvass Re-Inspection,1911,STATE,370.7442,474.0265,711.0218,1165.2678,4,0.80%,99.20%,115
58,57,1439520,1673,Risk 1 (High),60611,41.89348368,-87.62188277,0,1,0,Complaint,1881,ONTARIO,221.7046,695.6195,381.4157,1369.0989,4,0.81%,99.19%,116
3678,3677,1493697,1908804,Risk 1 (High),60653,41.81676172,-87.60178732,0,1,0,Complaint Re-Inspection,1898,43RD,1024.7529,258.8958,532.8987,2435.8308,4,0.83%,99.17%,117
5269,5268,1497797,2134495,Risk 1 (High),60614,41.93054553,-87.64908543,0,1,0,Complaint Re-Inspection,1891,HALSTED,1068.9717,623.4294,41.6748,318.5257,4,0.84%,99.16%,118
7127,7126,1515372,2319999,Risk 1 (High),60637,41.77955532,-87.61546237,0,1,0,Canvass Re-Inspection,1898,DR,70.2142,249.481,501.519,2835.1536,4,0.87%,99.13%,119
569,568,1439619,23327,Risk 1 (High),60611,41.88945828,-87.62036838,0,0,0,Recent Inspection,1991,NORTH,430.1415,844.2264,845.2472,221.4319,4,0.87%,99.13%,120
6603,6602,1493847,2289500,Risk 1 (High),60608,41.8388118,-87.64644308,0,1,0,Canvass Re-Inspection,1900,HALSTED,83.098,592.802,472.7563,1808.3803,4,0.87%,99.13%,121
2329,2328,1513049,1474614,Risk 1 (High),60608,41.83692677,-87.64610298,0,1,0,Complaint Re-Inspection,1898,HALSTED,161.7937,607.6793,579.3245,2005.0387,4,0.87%,99.13%,122
7058,7057,1387750,2314101,Risk 1 (High),60628,41.69247632,-87.62284192,0,1,0,Short Form Complaint,1958,111TH,737.7645,411.2087,478.4478,2393.6181,4,0.87%,99.13%,123
6876,6875,1453676,2304669,Risk 1 (High),60605,41.87077549,-87.6242927,0,1,0,Canvass Re-Inspection,1913,MICHIGAN,1050.118,489.3591,399.4688,1580.0045,4,0.88%,99.12%,124
2893,2892,1447604,1678249,Risk 1 (High),60606,41.88480929,-87.63553583,0,1,0,Canvass Re-Inspection,1874,FRANKLIN,370.5578,503.2709,455.2705,2156.0406,4,0.88%,99.12%,125
4194,4193,1467528,1992138,Risk 1 (High),60607,41.88429093,-87.64784177,1,1,0,Complaint Re-Inspection,1879,RANDOLPH,973.1121,535.6581,210.4594,1670.471,4,0.89%,99.11%,126
7253,7252,1512634,2327223,Risk 1 (High),60614,41.92757678,-87.65152817,0,1,0,Canvass Re-Inspection,1891,LINCOLN,422.9092,363.4695,131.359,976.0742,4,0.90%,99.10%,127
4854,4853,1482474,2088536,Risk 1 (High),60640,41.96935748,-87.65982657,0,1,0,Short Form Complaint,1906,BROADWAY,195.5035,503.4128,210.7624,238.8475,4,0.90%,99.10%,128
2737,2736,1482361,1620335,Risk 1 (High),60640,41.96908332,-87.65981945,0,1,0,Complaint Re-Inspection,1906,BROADWAY,597.6172,496.2302,259.2061,337.642,4,0.90%,99.10%,129
3987,3986,1385302,1964476,Risk 1 (High),60639,41.90994655,-87.72995037,0,1,0,Canvass Re-Inspection,1905,NORTH,119.3269,517.9572,278.5871,23.7041,4,0.91%,99.09%,130
6920,6919,1491091,2308020,Risk 2 (Medium),60649,41.7516336,-87.56516065,0,1,0,Short Form Complaint,1994,79TH,107.6008,200.1396,481.8527,2237.4176,4,0.92%,99.08%,131
6886,6885,1493980,2304771,Risk 1 (High),60642,41.89098034,-87.65645936,0,1,0,Canvass Re-Inspection,1879,GRAND,474.6417,278.5646,79.6531,1641.4096,4,0.93%,99.07%,132
7396,7395,1447363,2340652,Risk 1 (High),60606,41.87853128,-87.63942746,0,1,0,License Re-Inspection,1972,CANAL,348.018,867.3054,844.0556,970.5025,4,0.93%,99.07%,133
3150,3149,1447418,1797796,Risk 1 (High),60606,41.88166429,-87.63888744,0,1,0,Canvass,1965,RIVERSIDE,1559.4816,1058.4043,767.1808,1041.3951,4,0.93%,99.07%,134
216,215,1307608,7575,Risk 2 (Medium),60636,41.79188783,-87.66467701,0,1,0,Consultation,1926,ASHLAND,199.1335,311.1334,335.4328,1866.1243,4,0.93%,99.07%,135
6880,6879,1496357,2304698,Risk 1 (High),60614,41.91821388,-87.65342198,0,1,0,Short Form Complaint,1895,ARMITAGE,267.4143,261.3166,45.5933,1136.2515,4,0.94%,99.06%,136
1294,1293,1512955,55418,Risk 1 (High),60622,41.90304274,-87.67934669,0,1,0,Canvass Re-Inspection,1899,DIVISION,186.1383,235.3327,248.2443,1122.9812,4,0.94%,99.06%,137
5780,5779,1387775,2192608,Risk 1 (High),60619,41.7512853,-87.61152388,0,1,0,Complaint Re-Inspection,1938,79TH,449.5591,178.5614,78.1255,2531.7906,4,0.95%,99.05%,138
7481,7480,1494001,2342220,Risk 2 (Medium),60602,41.88199089,-87.62503595,0,0,0,License Re-Inspection,1929,MADISON,185.3257,289.9847,292.4075,1534.2364,4,0.95%,99.05%,139
6866,6865,1395987,2304513,Risk 1 (High),60623,41.84442156,-87.72010367,0,1,0,License Re-Inspection,1904,26TH,412.0643,122.5632,874.4104,1864.4022,4,0.95%,99.05%,140
2133,2132,1453673,1353702,Risk 1 (High),60604,41.87814786,-87.62557273,0,1,0,Canvass Re-Inspection,1962,JACKSON,236.1045,780.8951,721.5625,1381.7721,4,0.95%,99.05%,141
404,403,1501982,17495,Risk 1 (High),60611,41.89765955,-87.62553181,1,1,0,Canvass Re-Inspection,1927,PEARSON,124.8301,435.7389,331.3879,1485.6832,4,0.95%,99.05%,142
6470,6469,1385790,2278990,Risk 1 (High),60639,41.9093193,-87.76135055,1,1,0,Canvass,1924,NORTH,21087.1053,711.194,588.1952,828.2775,4,0.96%,99.04%,143
6618,6617,1493881,2289820,Risk 1 (High),60608,41.85183235,-87.69264086,0,1,0,Canvass Re-Inspection,1911,CERMAK,114.2225,585.2716,530.1235,1660.6234,4,0.96%,99.04%,144
3493,3492,1439482,1878434,Risk 1 (High),60611,41.8926669,-87.62286601,0,1,0,Canvass,1931,OHIO,732.5854,664.668,61.4174,1246.3876,4,0.96%,99.04%,145
6661,6660,1447603,2293441,Risk 1 (High),60606,41.87822324,-87.63424738,0,1,0,Canvass Re-Inspection,1970,JACKSON,246.9321,692.4768,804.9868,1325.6043,4,0.96%,99.04%,146
6838,6837,1512950,2304081,Risk 1 (High),60616,41.84970609,-87.63208956,0,1,0,Complaint Re-Inspection,1961,WENTWORTH,68.1983,648.8955,260.3698,1179.9548,4,0.97%,99.03%,147
5265,5264,1441542,2134399,Risk 1 (High),60657,41.94002724,-87.65373273,0,1,0,Canvass Re-Inspection,1911,960,402.7641,442.6111,202.0669,1015.6443,4,0.97%,99.03%,148
3066,3065,1439325,1742374,Risk 1 (High),60611,41.89271058,-87.62013066,0,0,0,Consultation,1976,OHIO,478.4365,448.3136,531.3865,988.41,4,0.97%,99.03%,149
7338,7337,1385807,2333651,Risk 1 (High),60639,41.90991058,-87.73269824,0,1,0,Canvass Re-Inspection,1900,NORTH,67.6224,341.734,393.1155,735.1941,4,0.97%,99.03%,150
231,230,1199597,8397,Risk 1 (High),60614,41.91817809,-87.65595102,0,1,0,Canvass Re-Inspection,1893,ARMITAGE,253.0125,529.1696,186.6488,1564.9006,4,0.97%,99.03%,151
5317,5316,1498118,2137962,Risk 1 (High),60610,41.90147084,-87.63152427,0,1,0,Canvass Re-Inspection,1989,CLARK,333.5012,818.1011,672.6592,677.8598,4,0.97%,99.03%,152
3210,3209,1513093,1802986,Risk 1 (High),60622,41.89598205,-87.66604607,1,1,0,Canvass Re-Inspection,1879,CHICAGO,752.533,236.8271,87.9054,1894.4668,4,0.98%,99.02%,153
1072,1071,1445259,41906,Risk 1 (High),60610,41.90153198,-87.63152607,0,1,0,Canvass Re-Inspection,1989,CLARK,338.1075,810.4101,666.8102,695.9031,4,0.98%,99.02%,154
2581,2580,1385806,1574620,Risk 1 (High),60639,41.90970026,-87.73196604,0,1,0,Canvass Re-Inspection,1911,NORTH,335.1183,311.4792,325.804,546.1979,4,0.98%,99.02%,155
3501,3500,1199613,1879163,Risk 1 (High),60661,41.87960062,-87.64097256,0,1,0,Canvass Re-Inspection,1999,CLINTON,360.2321,868.3427,744.1725,734.3288,4,0.99%,99.01%,156
64,63,1497932,1804,Risk 1 (High),60608,41.85807384,-87.65579981,0,1,0,Short Form Complaint,1942,18TH,68.5208,313.6262,430.9059,1574.2803,4,0.99%,99.01%,157
3008,3007,1447611,1718943,Risk 1 (High),60606,41.87856015,-87.63652387,0,1,0,Canvass Re-Inspection,1974,WACKER,366.0617,1059.1697,672.0239,1236.4,4,0.99%,99.01%,158
4864,4863,1453674,2088943,Risk 1 (High),60605,41.87181181,-87.6243155,0,1,0,Canvass Re-Inspection,1961,MICHIGAN,116.1669,640.2911,583.5438,1683.2014,4,0.99%,99.01%,159
4140,4139,1501474,1985404,Risk 2 (Medium),60611,41.89406651,-87.61760751,0,1,0,Canvass Re-Inspection,1985,MCCLURG,447.7285,528.2116,998.6402,1618.7526,4,1.00%,99.00%,160
371,370,1502147,15622,Risk 1 (High),60643,41.70344854,-87.68138191,1,1,0,Canvass,1943,WESTERN,1089.2479,1152.7239,1908.6464,4545.5751,4,1.00%,99.00%,161
6535,6534,1480400,2284218,Risk 1 (High),60623,41.84646241,-87.70371914,0,1,0,Canvass Re-Inspection,1907,25TH,242.3975,688.0438,414.3,1840.8493,4,1.00%,99.00%,162
6545,6544,1498040,2284464,Risk 1 (High),60610,41.90337195,-87.63431415,0,1,0,Complaint Re-Inspection,1932,WELLS,349.3397,122.9949,344.0701,1699.8053,4,1.01%,98.99%,163
994,993,1482518,38176,Risk 1 (High),60640,41.97315779,-87.65815505,0,1,0,Canvass Re-Inspection,1911,ARGYLE,184.4483,350.9337,441.4727,1255.3685,4,1.01%,98.99%,164
1855,1854,1513203,1194410,Risk 1 (High),60625,41.97127302,-87.69041425,0,1,0,Canvass Re-Inspection,1922,LINCOLN,103.1156,599.5017,329.7661,477.3896,4,1.01%,98.99%,165
7662,7661,1447516,2358755,Risk 1 (High),0,41.88406738,-87.63373558,0,1,0,License Re-Inspection,1926,WELLS,182.2896,286.2287,154.7788,1797.7218,4,1.01%,98.99%,166
6897,6896,1497956,2307811,Risk 1 (High),60623,41.84653889,-87.70495286,0,1,0,Canvass Re-Inspection,1916,KEDZIE,248.5347,766.5571,493.5327,1854.6658,4,1.02%,98.98%,167
6184,6183,1501523,2252310,Risk 1 (High),60622,41.91063855,-87.67470688,0,1,0,Canvass Re-Inspection,1920,NORTH,299.6145,334.1058,223.5902,1302.1916,4,1.02%,98.98%,168
5544,5543,1441571,2157501,Risk 1 (High),60657,41.94371099,-87.64489109,1,0,0,Short Form Complaint,1911,BROADWAY,314.1616,330.2981,511.2173,1930.8941,4,1.03%,98.97%,169
6465,6464,1199630,2278921,Risk 1 (High),60661,41.88199434,-87.63975868,0,1,0,Canvass Re-Inspection,1988,MADISON,391.1974,1096.3383,654.4124,1134.8121,4,1.03%,98.97%,170
1395,1394,1199648,64874,Risk 1 (High),60661,41.88199434,-87.63975868,0,1,0,Canvass,1988,MADISON,385.4076,1096.3383,654.4124,1134.8121,4,1.03%,98.97%,171
7148,7147,1199594,2320371,Risk 1 (High),60661,41.88199434,-87.63975868,0,1,0,Canvass,1988,MADISON,256.7624,1096.3383,654.4124,1134.8121,4,1.03%,98.97%,172
7312,7311,1473864,2333092,Risk 1 (High),60610,41.91089478,-87.63484962,0,0,0,Short Form Complaint,1950,WELLS,204.3758,570.72,328.3068,1359.7644,4,1.03%,98.97%,173
4731,4730,1385605,2073681,Risk 1 (High),60639,41.90976348,-87.72729104,0,1,0,Complaint Re-Inspection,1928,NORTH,416.5846,580.9356,436.0431,742.4108,4,1.03%,98.97%,174
6342,6341,1383424,2264030,Risk 1 (High),60607,41.8843852,-87.65493667,0,1,0,License Re-Inspection,1919,RANDOLPH,735.8611,538.4507,377.5288,2088.2985,4,1.03%,98.97%,175
2017,2016,1501651,1299747,Risk 1 (High),60615,41.79995223,-87.59650592,0,1,1,Canvass,1923,WOODLAWN,386.1018,473.9689,787.964,1774.0872,4,1.03%,98.97%,176
1034,1033,1441410,40374,Risk 1 (High),60657,41.93609763,-87.66838427,0,0,0,Short Form Complaint,1906,ASHLAND,426.1607,697.9612,221.3116,1488.4773,4,1.03%,98.97%,177
4541,4540,1493772,2048358,Risk 1 (High),60654,41.8911927,-87.62819803,0,1,0,Complaint Re-Inspection,2012,STATE,288.7269,189.3783,503.9836,655.478,4,1.04%,98.96%,178
1328,1327,1490652,58961,Risk 1 (High),60615,41.79962569,-87.59137367,0,1,1,Complaint Re-Inspection,1989,53RD,227.199,566.9486,701.3687,398.6295,4,1.04%,98.96%,179
4816,4815,1453593,2084171,Risk 1 (High),60605,41.86567654,-87.62564984,1,1,0,Short Form Complaint,1937,WABASH,458.4127,271.1659,69.3444,1971.3676,4,1.04%,98.96%,180
2300,2299,1482458,1473214,Risk 1 (High),60640,41.97316728,-87.65743782,0,1,0,Canvass Re-Inspection,1916,ARGYLE,54.2647,367.6494,415.2989,1348.2148,4,1.04%,98.96%,181
4880,4879,1199669,2092894,Risk 1 (High),60661,41.88044791,-87.64183898,0,1,0,Canvass Re-Inspection,2002,MONROE,294.0209,973.9449,596.1032,867.0935,4,1.04%,98.96%,182
6354,6353,1467489,2269542,Risk 1 (High),60607,41.86627727,-87.63936045,0,1,0,Complaint Re-Inspection,1997,CANAL,21087.1053,1405.0083,1067.7773,2531.7089,4,1.04%,98.96%,183
1315,1314,1512705,57160,Risk 1 (High),60632,41.8093419,-87.70387672,0,1,0,Canvass Re-Inspection,1978,KEDZIE,577.9425,367.8848,837.5663,1579.9308,4,1.04%,98.96%,184
4561,4560,1447549,2049306,Risk 1 (High),60606,41.88461562,-87.63668236,0,0,0,Recent Inspection,1954,WACKER,791.6179,677.0438,607.3331,1959.4434,4,1.04%,98.96%,185
6128,6127,1385552,2245936,Risk 2 (Medium),60639,41.90952906,-87.74508051,0,1,0,Complaint Re-Inspection,1895,W,730.8613,473.646,426.3998,1350.0584,4,1.05%,98.95%,186
939,938,1439497,36164,Risk 1 (High),60611,41.89404236,-87.62338516,0,1,0,Complaint Re-Inspection,1961,ERIE,245.2945,886.0239,437.9999,1737.6876,4,1.05%,98.95%,187
4019,4018,1480348,1969627,Risk 1 (High),60623,41.85877516,-87.72509959,0,1,0,Complaint Re-Inspection,1904,PULASKI,226.0008,363.7772,372.5043,1860.3787,4,1.05%,98.95%,188
2687,2686,1387772,1595935,Risk 1 (High),60619,41.75154486,-87.60535958,0,1,0,Canvass,1970,COTTAGE,315.9195,160.0411,284.2768,3050.2237,4,1.06%,98.94%,189
352,351,1501247,14709,Risk 1 (High),60620,41.7363802,-87.62769923,1,1,0,Complaint Re-Inspection,1974,87TH,634.7213,336.1449,616.8553,3222.9644,4,1.06%,98.94%,190
6112,6111,1441401,2245461,Risk 1 (High),60657,41.94334006,-87.64466387,0,1,0,Complaint Re-Inspection,1923,BROADWAY,88.1305,341.4831,464.3172,1867.2847,4,1.06%,98.94%,191
4276,4275,1513135,2004462,Risk 1 (High),60614,41.91843669,-87.63851035,0,1,0,Canvass,1978,ARMITAGE,286.9362,542.2676,139.58,699.2317,4,1.06%,98.94%,192
1560,1559,1497216,82474,Risk 1 (High),60609,41.823636,-87.64082112,1,1,0,Complaint,1967,PERSHING,231.2307,805.2948,441.7943,2170.7834,4,1.07%,98.93%,193
3850,3849,1496941,1942424,Risk 1 (High),60647,41.92755328,-87.69763849,0,1,0,Complaint Re-Inspection,1902,CALIFORNIA,711.0862,664.1966,54.4422,1331.6077,4,1.07%,98.93%,194
4291,4290,1459774,2008547,Risk 1 (High),60642,41.90485662,-87.6685902,0,1,0,Complaint Re-Inspection,1924,MILWAUKEE,401.6582,231.8701,327.9091,1831.394,4,1.07%,98.93%,195
4527,4526,1482459,2043282,Risk 1 (High),60640,41.97319805,-87.65524806,0,1,0,Canvass,1918,ARGYLE,547.8141,463.7786,552.9903,1740.157,4,1.07%,98.93%,196
1153,1152,1498085,46041,Risk 1 (High),60623,41.84360781,-87.71491199,0,1,0,Canvass Re-Inspection,1908,CENTRAL,272.0089,525.3412,414.2098,2214.0953,4,1.07%,98.93%,197
2964,2963,1482453,1697396,Risk 1 (High),60640,41.96601388,-87.65770297,0,1,0,Canvass Re-Inspection,1906,BROADWAY,401.1464,492.519,173.7149,1581.2369,4,1.07%,98.93%,198
1625,1624,1501374,1044724,Risk 1 (High),60611,41.89329368,-87.62039289,1,1,0,Short Form Complaint,2007,ONTARIO,361.8539,578.9212,573.7536,1205.0166,4,1.08%,98.92%,199
2486,2485,1387797,1517920,Risk 2 (Medium),60619,41.75102047,-87.61510225,1,0,0,Short Form Complaint,2005,DR,155.3063,499.7844,396.5086,2487.1854,4,1.08%,98.92%,200
252,251,1363251,9344,Risk 1 (High),60608,41.8403016,-87.66047036,0,1,0,Complaint,1868,ARCHER,160.8565,740.0834,231.4024,3636.0842,4,1.08%,98.92%,201
1708,1707,1493967,1120400,Risk 2 (Medium),60649,41.76633652,-87.57817739,0,1,1,Complaint Re-Inspection,1955,71ST,304.8944,315.0125,454.9664,1659.6331,4,1.09%,98.91%,202
3203,3202,1305578,1802063,Risk 1 (High),60608,41.8317244,-87.64627639,0,1,0,Complaint Re-Inspection,2006,HALSTED,408.4809,317.6161,279.9013,1193.6369,4,1.09%,98.91%,203
1619,1618,1482449,1043966,Risk 1 (High),60640,41.97318905,-87.65583712,0,1,0,Canvass Re-Inspection,1927,ARGYLE,387.1279,439.1179,521.7892,1622.3919,4,1.09%,98.91%,204
3004,3003,1512620,1718695,Risk 1 (High),60617,41.7446261,-87.56191378,0,1,1,Complaint Re-Inspection,1927,83RD,676.2736,470.8727,237.2629,2486.2357,4,1.10%,98.90%,205
2464,2463,1464621,1514893,Risk 1 (High),60640,41.96995886,-87.65984318,0,1,0,Canvass Re-Inspection,1989,BROADWAY,347.2651,504.9939,185.302,45.2057,4,1.10%,98.90%,206
5620,5619,1480389,2164181,Risk 1 (High),60623,41.84430121,-87.72904239,0,1,0,Complaint Re-Inspection,1921,26TH,746.8282,517.8879,343.3714,1992.1886,4,1.11%,98.89%,207
5291,5290,1385434,2137182,Risk 1 (High),60651,41.89483794,-87.77408919,0,1,0,Complaint Re-Inspection,1889,CHICAGO,288.3438,286.2193,765.3541,2085.1226,4,1.12%,98.88%,208
3839,3838,1493337,1938693,Risk 2 (Medium),60649,41.77102801,-87.58641719,0,1,1,Complaint,1962,STONY,463.7724,372.8907,369.1667,1492.8354,4,1.12%,98.88%,209
5528,5527,1512793,2156868,Risk 1 (High),60620,41.75081791,-87.6830146,1,1,0,Complaint,2005,WESTERN,68.5208,641.8599,886.9923,2417.3392,4,1.12%,98.88%,210
1983,1982,1496855,1273274,Risk 2 (Medium),60620,41.75034206,-87.67300239,0,1,0,Complaint Re-Inspection,2005,79TH,297.1182,424.8322,212.37,1806.9959,4,1.12%,98.88%,211
1805,1804,1385814,1166055,Risk 2 (Medium),60651,41.90258319,-87.72615275,0,1,0,Complaint Re-Inspection,1913,PULASKI,263.6728,380.6761,264.1601,1613.5063,4,1.13%,98.87%,212
2895,2894,1512261,1678414,Risk 2 (Medium),60636,41.77836098,-87.66433686,1,1,0,Short Form Complaint,2005,ASHLAND,823.1192,522.9397,705.0751,2301.032,4,1.13%,98.87%,213
7339,7338,1199664,2333652,Risk 1 (High),60661,41.88418751,-87.64111967,0,1,0,Canvass,2000,CLINTON,628.1161,799.3478,698.9896,1672.9061,4,1.13%,98.87%,214
4889,4888,1498156,2093116,Risk 1 (High),60618,41.95201896,-87.70781673,0,1,0,Canvass Re-Inspection,1910,KEDZIE,1111.4781,549.1514,752.2641,2132.8326,4,1.14%,98.86%,215
669,668,1482456,27508,Risk 1 (High),60660,41.99446073,-87.65878885,0,1,0,Canvass Re-Inspection,1924,GRANVILLE,302.9548,414.3065,594.7074,1890.5992,4,1.14%,98.86%,216
4691,4690,1501842,2068972,Risk 1 (High),60609,41.81683377,-87.63134627,0,0,0,Short Form Complaint,1988,WENTWORTH,965.1447,369.6877,616.3744,2739.2752,4,1.15%,98.85%,217
2077,2076,1498180,1332360,Risk 1 (High),60608,41.84941515,-87.68541623,0,1,0,Complaint Re-Inspection,1989,WESTERN,89.1307,460.1759,391.2249,1401.3948,4,1.15%,98.85%,218
1345,1344,1493600,60184,Risk 1 (High),60618,41.93265694,-87.7130561,0,1,0,Complaint Re-Inspection,1917,MILWAUKEE,141.9549,328.3662,289.6455,1615.0581,4,1.15%,98.85%,219
5173,5172,1497585,2125785,Risk 1 (High),60654,41.89673705,-87.63183376,1,1,0,Canvass,2010,CHICAGO,398.723,352.8758,412.3003,1289.6189,4,1.15%,98.85%,220
2119,2118,1459736,1337715,Risk 1 (High),60654,41.89658519,-87.64299618,0,1,0,Canvass Re-Inspection,2005,CHICAGO,332.1702,1044.0695,746.1455,1645.7365,4,1.16%,98.84%,221
6228,6227,1467455,2254229,Risk 1 (High),60607,41.86797281,-87.64089226,0,1,0,Complaint Re-Inspection,1961,CLINTON,162.0343,1266.6095,847.1922,2972.2842,4,1.16%,98.84%,222
4327,4326,1501483,2013324,Risk 1 (High),60609,41.83050042,-87.6752214,0,1,0,Canvass Re-Inspection,1918,35TH,371.0568,782.77,395.605,3260.9373,4,1.17%,98.83%,223
2370,2369,1464425,1479953,Risk 1 (High),60660,41.99766626,-87.67033502,0,1,0,Complaint Re-Inspection,1905,CLARK,699.1485,692.4396,339.2735,1998.9852,4,1.17%,98.83%,224
7297,7296,1447575,2328466,Risk 1 (High),60607,41.88668169,-87.64826444,0,1,0,Complaint,2008,FULTON,532.0276,718.9283,376.5837,1298.2975,4,1.17%,98.83%,225
4662,4661,1490714,2065097,Risk 1 (High),60649,41.76433649,-87.56555949,0,1,1,Complaint Re-Inspection,1949,72ND,236.0789,289.4669,182.5887,2272.193,4,1.18%,98.82%,226
1821,1820,1497979,1167763,Risk 1 (High),60632,41.79993752,-87.70359508,0,1,0,Canvass Re-Inspection,1950,KEDZIE,607.0921,611.6734,491.9391,2787.3626,4,1.18%,98.82%,227
1784,1783,1387696,1144892,Risk 1 (High),60619,41.73701544,-87.58623882,0,1,1,Complaint,1958,87TH,589.071,491.4158,642.7434,2671.378,4,1.19%,98.81%,228
1613,1612,1490909,1043070,Risk 2 (Medium),60617,41.73372473,-87.56428682,0,1,1,Complaint Re-Inspection,1955,KINGSTON,640.0586,760.1949,214.2513,2524.9837,4,1.19%,98.81%,229
7790,7789,1410239,2364198,Risk 1 (High),60616,41.8552817,-87.63199264,0,0,0,Short Form Complaint,2006,WENTWORTH,461.5033,434.2769,348.8954,1921.1048,4,1.19%,98.81%,230
7448,7447,1467517,2341139,Risk 2 (Medium),60607,41.86475002,-87.64699277,0,1,0,License Re-Inspection,2004,HALSTED,570.7379,1014.5648,665.0658,2046.7851,4,1.19%,98.81%,231
4995,4994,1497722,2108171,Risk 1 (High),60613,41.95106405,-87.65979513,0,1,0,Canvass Re-Inspection,1911,CLARK,304.848,407.8764,68.3115,2276.6228,4,1.19%,98.81%,232
1747,1746,1325377,1140505,Risk 1 (High),60651,41.89488384,-87.74699285,0,1,0,Canvass Re-Inspection,1924,CHICAGO,682.034,431.3778,555.5822,2005.3368,4,1.20%,98.80%,233
957,956,1501555,37002,Risk 1 (High),60622,41.89981866,-87.66724858,0,1,1,Canvass Re-Inspection,1891,ASHLAND,625.5957,326.7506,225.7933,996.4877,4,1.20%,98.80%,234
1532,1531,1199608,80108,Risk 1 (High),60614,41.91149437,-87.6348681,0,1,0,Canvass Re-Inspection,2007,WELLS,381.5466,478.2286,398.5331,1432.6487,4,1.20%,98.80%,235
6027,6026,1473311,2232416,Risk 2 (Medium),60619,41.72190101,-87.62006369,1,0,1,Short Form Complaint,1961,95TH,542.6217,500.679,349.1495,2019.151,4,1.20%,98.80%,236
5109,5108,1467534,2120653,Risk 1 (High),60607,41.88451546,-87.6474973,1,1,1,Short Form Complaint,1879,RANDOLPH,1587.3345,574.6619,297.7329,1781.0436,4,1.20%,98.80%,237
1695,1694,1467336,1096426,Risk 1 (High),60607,41.86731941,-87.63905675,0,1,0,Complaint Re-Inspection,2005,CANAL,213.2418,1334.5722,1112.8702,2653.2607,4,1.20%,98.80%,238
6211,6210,1493633,2252937,Risk 1 (High),60614,41.92568726,-87.64095824,0,1,0,Complaint Re-Inspection,1972,FULLERTON,199.4118,389.3582,92.7374,1593.1095,4,1.20%,98.80%,239
1443,1442,1307733,69963,Risk 1 (High),60629,41.78630054,-87.6934455,0,1,0,Short Form Complaint,1951,59TH,673.2186,323.3051,353.7192,3053.4712,4,1.21%,98.79%,240
4041,4040,1474151,1970430,Risk 1 (High),60606,41.8853332,-87.63406571,0,1,1,Canvass Re-Inspection,1878,WELLS,517.2096,224.9804,293.5896,2029.2452,4,1.21%,98.79%,241
245,244,1502114,9027,Risk 1 (High),60610,41.9100205,-87.63482189,0,1,0,Complaint Re-Inspection,2007,WELLS,696.3712,714.616,191.5807,1312.572,4,1.21%,98.79%,242
1257,1256,1515370,52356,Risk 1 (High),60601,41.88458627,-87.63101045,0,1,1,Canvass,1911,RANDOLPH,171.0489,689.9932,561.5061,1693.7912,4,1.22%,98.78%,243
3218,3217,1482432,1803353,Risk 1 (High),60640,41.9689657,-87.65589622,0,1,0,Canvass Re-Inspection,1987,LAWRENCE,550.13,513.633,417.4688,1177.9646,4,1.22%,98.78%,244
5404,5403,1496909,2146584,Risk 1 (High),60614,41.93166321,-87.65766949,0,1,1,Complaint,1896,LINCOLN,151.339,535.7158,181.3192,877.2268,4,1.24%,98.76%,245
5966,5965,1482386,2222307,Risk 1 (High),60640,41.96801654,-87.6502338,0,1,0,Complaint Re-Inspection,2006,CLARENDON,121.146,737.6246,225.6462,725.5962,4,1.24%,98.76%,246
2708,2707,1493345,1598219,Risk 1 (High),60654,41.89404767,-87.63820204,0,1,1,Short Form Complaint,1906,ERIE,764.4932,523.1075,378.5507,1554.1375,4,1.24%,98.76%,247
3661,3660,1453442,1904894,Risk 1 (High),60605,41.86567587,-87.62594353,1,1,1,Short Form Complaint,1937,WABASH,21087.1053,263.6202,86.028,1924.5463,4,1.25%,98.75%,248
839,838,1325140,33706,Risk 2 (Medium),60624,41.86651389,-87.7057336,0,1,0,Complaint Re-Inspection,1981,ROOSEVELT,365.8619,267.0018,332.7416,1721.7079,4,1.25%,98.75%,249
3546,3545,1493246,1887392,Risk 1 (High),60610,41.90478289,-87.64076765,0,1,0,Complaint Re-Inspection,2006,CLYBOURN,139.1328,559.3169,423.5945,1786.8692,4,1.25%,98.75%,250
2090,2089,1363246,1332928,Risk 2 (Medium),60608,41.85812821,-87.66111256,0,1,0,Complaint Re-Inspection,1990,BLUE,551.5908,499.0861,278.5469,2160.4819,4,1.25%,98.75%,251
3710,3709,1490404,1910293,Risk 1 (High),60613,41.96152292,-87.66611582,0,1,0,Canvass Re-Inspection,1995,MONTROSE,181.5077,471.7544,626.5165,1417.4451,4,1.25%,98.75%,252
1291,1290,1501904,55255,Risk 1 (High),60654,41.88807038,-87.62969226,0,1,1,Canvass,1987,DEARBORN,138.2226,419.3748,774.9502,708.1521,4,1.27%,98.73%,253
375,374,1501697,15769,Risk 1 (High),60613,41.95464083,-87.65156901,0,1,0,Canvass Re-Inspection,1970,IRVING,169.4356,622.6293,319.8725,1897.1175,4,1.27%,98.73%,254
2512,2511,1325379,1543266,Risk 1 (High),60612,41.86778017,-87.70585901,1,1,1,Short Form Complaint,1894,KEDZIE,528.6016,537.5946,371.8392,1388.0047,4,1.28%,98.72%,255
4491,4490,1501949,2037179,Risk 1 (High),60623,41.84435645,-87.72520459,0,1,0,Canvass Re-Inspection,1957,26TH,404.89,327.2722,248.8242,2237.3253,4,1.28%,98.72%,256
4952,4951,1501967,2099079,Risk 1 (High),60611,41.89743861,-87.62564027,0,1,1,Short Form Complaint,1927,PEARSON,370.9319,381.0777,335.6059,1510.0031,4,1.29%,98.71%,257
4406,4405,1515462,2026594,Risk 1 (High),60605,41.87216696,-87.6295768,0,1,1,Complaint,1986,POLK,660.9508,515.124,576.1779,798.0324,4,1.29%,98.71%,258
6212,6211,1385569,2253032,Risk 1 (High),60639,41.92424544,-87.75411405,0,1,0,Complaint,1928,FULLERTON,1068.9717,443.2656,337.7962,1909.7267,4,1.29%,98.71%,259
5750,5749,1447578,2188995,Risk 1 (High),60606,41.88244897,-87.63369717,0,1,1,Canvass,1940,WELLS,575.8708,283.7917,306.7303,1345.4279,4,1.30%,98.70%,260
4384,4383,1363227,2021538,Risk 1 (High),60608,41.8513978,-87.66616621,0,1,0,Canvass Re-Inspection,1968,ASHLAND,1872.9473,1187.6157,506.617,3176.3658,4,1.30%,98.70%,261
7039,7038,1496452,2313773,Risk 1 (High),60616,41.83827011,-87.63746078,0,1,1,Complaint Re-Inspection,1998,31ST,296.8839,846.9959,677.2315,936.0506,4,1.30%,98.70%,262
5116,5115,1512933,2120933,Risk 1 (High),60616,41.85250898,-87.63185844,0,1,1,Canvass Re-Inspection,1972,WENTWORTH,383.623,257.4504,627.8532,1391.3851,4,1.30%,98.70%,263
4092,4091,1447420,1979983,Risk 1 (High),60606,41.87949547,-87.63382966,0,1,1,Complaint,1985,ADAMS,659.612,681.5131,782.5312,1059.033,4,1.31%,98.69%,264
1635,1634,1501952,1045268,Risk 1 (High),60623,41.84628775,-87.70156192,0,1,1,Canvass Re-Inspection,1903,WHIPPLE,311.5487,642.9165,534.7655,1850.4862,4,1.31%,98.69%,265
4395,4394,1497249,2022350,Risk 1 (High),60610,41.90586939,-87.62859787,0,1,1,Complaint Re-Inspection,1930,STATE,470.7454,865.7179,371.9111,1552.8862,4,1.32%,98.68%,266
580,579,1464547,23610,Risk 2 (Medium),60660,41.99585325,-87.67034662,0,1,0,Complaint Re-Inspection,1972,CLARK,436.9909,542.7775,591.4014,1886.6948,4,1.33%,98.67%,267
4118,4117,1493249,1980844,Risk 1 (High),60625,41.96846702,-87.69322013,0,1,0,Complaint Re-Inspection,1989,Lawrence,767.7106,591.2698,186.4458,1038.7358,4,1.33%,98.67%,268
2642,2641,1498109,1592177,Risk 1 (High),60643,41.72107515,-87.68032407,0,1,0,Consultation,1955,95TH,668.4084,288.4235,694.9809,4930.9211,4,1.34%,98.66%,269
900,899,1387608,34368,Risk 1 (High),60619,41.75825081,-87.61779767,0,1,1,Complaint,1923,75TH,654.412,218.4005,437.351,3505.7601,4,1.35%,98.65%,270
2206,2205,1512825,1382934,Risk 1 (High),60614,41.93118733,-87.6770556,1,1,0,Canvass,2005,CLYBOURN,917.7009,695.085,446.9471,1756.6018,4,1.36%,98.64%,271
790,789,1502143,32534,Risk 2 (Medium),60622,41.90452396,-87.66767409,0,1,1,Complaint Re-Inspection,1899,ASHLAND,259.6382,379.2012,279.7643,1831.5163,4,1.36%,98.64%,272
4035,4034,1512255,1970076,Risk 1 (High),60614,41.92505954,-87.6668408,0,1,0,Canvass Re-Inspection,1996,FULLERTON,48.0332,286.6396,266.4083,1995.1026,4,1.37%,98.63%,273
420,419,1325351,18234,Risk 1 (High),60644,41.88057115,-87.74795725,0,1,0,Canvass Re-Inspection,1920,MADISON,662.7869,431.7428,134.0364,2758.88,4,1.37%,98.63%,274
1143,1142,1512939,45131,Risk 1 (High),60629,41.75912971,-87.74155365,0,1,0,Canvass Re-Inspection,1971,CICERO,210.6177,2845.5241,3250.3568,6508.7182,4,1.38%,98.62%,275
5976,5975,1385808,2229330,Risk 1 (High),60639,41.92067663,-87.77563027,0,1,0,Canvass Re-Inspection,1926,GRAND,311.4978,503.5408,499.8658,2325.3569,4,1.38%,98.62%,276
2609,2608,1482299,1577572,Risk 1 (High),60640,41.96518464,-87.66487058,0,1,0,Complaint,1972,WILSON,554.0562,743.5639,279.6613,2198.609,4,1.38%,98.62%,277
3490,3489,1387773,1875208,Risk 1 (High),60619,41.75849308,-87.61647026,0,1,1,Complaint Re-Inspection,1928,75TH,662.7869,262.4795,419.7295,3616.0444,4,1.39%,98.61%,278
6131,6130,1497106,2246018,Risk 1 (High),60657,41.94574252,-87.65551181,0,1,0,Complaint Re-Inspection,1974,CLARK,40.4937,484.425,93.6077,2257.3962,4,1.39%,98.61%,279
1899,1898,1418570,1226430,Risk 1 (High),60659,41.99457623,-87.68992713,1,1,0,Canvass,1931,WESTERN,154.3404,420.5742,182.1284,2338.153,4,1.39%,98.61%,280
4654,4653,1501297,2064662,Risk 2 (Medium),60616,41.84676661,-87.61717578,1,1,1,Short Form Complaint,1980,DR,448.8995,1029.8497,1873.9037,3406.5665,4,1.39%,98.61%,281
6054,6053,1385728,2233173,Risk 1 (High),60639,41.9241403,-87.76200034,0,1,0,Complaint Re-Inspection,1929,FULLERTON,437.4964,359.8029,250.1194,2221.9531,4,1.39%,98.61%,282
2404,2403,1512330,1491998,Risk 1 (High),60610,41.89197722,-87.62951676,0,1,1,Complaint Re-Inspection,2004,DEARBORN,397.6572,486.7339,427.9102,732.4389,4,1.41%,98.59%,283
1449,1448,1512853,70313,Risk 1 (High),60609,41.8163763,-87.64079565,1,1,1,Short Form Complaint,1995,43RD,352.0709,887.1083,661.2354,1736.3851,4,1.41%,98.59%,284
606,605,1501912,25104,Risk 1 (High),60610,41.90434217,-87.63014525,0,1,1,Canvass Re-Inspection,1954,DEARBORN,511.2559,663.6992,382.2077,1582.8366,4,1.41%,98.59%,285
609,608,1490756,25159,Risk 1 (High),60652,41.73641424,-87.70219239,0,1,0,Complaint Re-Inspection,1992,KEDZIE,80.2224,342.7196,936.8265,4489.8361,4,1.43%,98.57%,286
2915,2914,1447535,1680379,Risk 1 (High),60606,41.8803341,-87.63658024,0,1,1,Canvass Re-Inspection,2005,WACKER,190.1971,1014.6289,711.4112,1110.6211,4,1.43%,98.57%,287
5217,5216,1497617,2130022,Risk 1 (High),60654,41.89007085,-87.63575525,0,1,1,Complaint Re-Inspection,2001,HUBBARD,212.3899,514.8364,652.5557,1156.0971,4,1.44%,98.56%,288
4174,4173,1496499,1991022,Risk 1 (High),60610,41.90082771,-87.63718892,0,0,1,Complaint Re-Inspection,1997,ORLEANS,101.1742,478.5943,576.2853,1054.1373,4,1.45%,98.55%,289
385,384,1513141,16411,Risk 1 (High),60607,41.86917024,-87.66538447,0,1,0,Complaint Re-Inspection,2006,TAYLOR,235.7391,467.2245,767.9012,3356.225,4,1.45%,98.55%,290
3677,3676,1447558,1908795,Risk 1 (High),60606,41.87779165,-87.63652434,0,1,1,Canvass Re-Inspection,1990,WACKER,115.6832,1051.6041,525.9496,1384.0448,4,1.46%,98.54%,291
32,31,1497566,1058,Risk 1 (High),60622,41.90282133,-87.6961433,0,1,1,Complaint,1909,DIVISION,387.354,381.2171,342.918,1864.4608,4,1.46%,98.54%,292
2701,2700,1501373,1597447,Risk 1 (High),60642,41.89910985,-87.64773276,0,1,1,Complaint Re-Inspection,2005,HALSTED,138.2226,1245.0115,489.5413,697.3019,4,1.46%,98.54%,293
1883,1882,1418737,1223716,Risk 1 (High),60640,41.97868454,-87.66846673,0,1,1,Complaint Re-Inspection,1906,CLARK,571.101,352.0815,384.8614,1665.0687,4,1.47%,98.53%,294
150,149,1512267,4978,Risk 1 (High),60652,41.75504428,-87.72231551,0,1,0,Canvass Re-Inspection,1963,PULASKI,329.3879,1033.7209,636.5183,4496.0018,4,1.47%,98.53%,295
4613,4612,1512976,2060126,Risk 1 (High),60614,41.92944796,-87.64292489,0,1,1,Complaint Re-Inspection,1974,CLARK,525.938,592.1955,140.3948,820.9582,4,1.48%,98.52%,296
3812,3811,1482350,1933748,Risk 1 (High),60640,41.97988428,-87.66842948,0,1,1,Complaint Re-Inspection,1920,CLARK,202.3361,464.8109,504.5719,1547.1062,4,1.48%,98.52%,297
6564,6563,1501351,2284803,Risk 1 (High),60625,41.97592671,-87.69904569,0,1,0,Canvass Re-Inspection,1979,FOSTER,137.9661,979.2017,673.6817,2534.4524,4,1.50%,98.50%,298
1385,1384,1447600,64185,Risk 1 (High),60606,41.88183547,-87.63389739,1,1,1,Short Form Complaint,1997,MADISON,178.1296,319.608,254.8008,1254.5533,4,1.51%,98.49%,299
2473,2472,1513045,1515745,Risk 1 (High),60618,41.95463111,-87.68863081,0,1,1,Complaint,1905,WESTERN,161.7937,742.5626,524.0178,2013.559,4,1.51%,98.49%,300
1270,1269,1501525,53740,Risk 1 (High),60618,41.9391926,-87.71156589,0,1,1,Canvass Re-Inspection,1905,BELMONT,138.5842,593.5089,578.0496,1934.0351,4,1.51%,98.49%,301
3679,3678,1506246,1908934,Risk 1 (High),60634,41.95265083,-87.80782478,0,1,0,Canvass Re-Inspection,1965,IRVING,371.2346,752.9627,1175.9484,2337.4852,4,1.52%,98.48%,302
5329,5328,1501693,2138309,Risk 1 (High),60613,41.95234331,-87.67765677,0,1,1,Canvass Re-Inspection,1912,LINCOLN,917.2613,739.1805,362.8665,1899.1102,4,1.52%,98.48%,303
4186,4185,1385468,1991820,Risk 1 (High),60644,41.88023654,-87.75722039,0,1,0,Complaint Re-Inspection,1929,MADISON,235.6259,499.4817,296.6293,3422.9026,4,1.52%,98.48%,304
2448,2447,1474192,1496019,Risk 1 (High),60643,41.72108295,-87.67978068,0,1,0,Complaint Re-Inspection,2005,95TH,290.7038,408.9787,606.5986,4816.4642,4,1.53%,98.47%,305
987,986,1496702,37913,Risk 1 (High),60641,41.9534702,-87.73380301,1,1,0,Short Form Complaint,1978,IRVING,226.3051,648.509,797.8153,2659.625,4,1.53%,98.47%,306
3429,3428,1502163,1869181,Risk 1 (High),60643,41.72084893,-87.68191511,1,1,0,Complaint,2009,WESTERN,750.6048,415.8059,1039.7408,5283.6886,4,1.54%,98.46%,307
2945,2944,1482475,1695169,Risk 1 (High),60640,41.97467398,-87.66809697,0,1,0,Short Form Complaint,2005,CLARK,818.9181,291.2025,111.3488,2072.294,4,1.55%,98.45%,308
3784,3783,1467544,1927736,Risk 1 (High),60605,41.86101824,-87.6274171,0,1,1,Complaint Re-Inspection,2001,STATE,437.5468,478.2328,189.8795,1550.7885,4,1.55%,98.45%,309
5298,5297,1467565,2137370,Risk 2 (Medium),60607,41.88135886,-87.66524939,0,1,1,Complaint Re-Inspection,2002,MADISON,323.8429,278.601,657.7178,1461.8461,4,1.56%,98.44%,310
6602,6601,1515533,2289496,Risk 1 (High),60607,41.86632954,-87.63936259,0,1,1,Canvass Re-Inspection,1997,CANAL,312.0397,1399.689,1065.2085,2539.7254,4,1.58%,98.42%,311
726,725,1418668,29735,Risk 2 (Medium),60659,41.99570495,-87.689964,1,0,0,Short Form Complaint,1985,WESTERN,110.8649,450.3952,321.7506,2395.9427,4,1.58%,98.42%,312
1236,1235,1501828,51050,Risk 1 (High),60618,41.96132,-87.70495936,0,1,1,Canvass Re-Inspection,1920,MONTROSE,390.965,680.494,202.9117,1444.6,4,1.59%,98.41%,313
7449,7448,1385614,2341198,Risk 2 (Medium),60639,41.9307938,-87.78583013,0,1,0,Complaint Re-Inspection,1948,NARRAGANSETT,339.1622,814.4448,845.419,3166.3208,4,1.60%,98.40%,314
6797,6796,1385744,2299448,Risk 2 (Medium),60644,41.89483555,-87.75574125,0,1,0,Complaint Re-Inspection,2006,LARAMIE,222.3866,495.3602,367.4179,2170.0448,4,1.60%,98.40%,315
2264,2263,1471475,1445777,Risk 1 (High),60634,41.95303003,-87.76997892,0,1,0,Complaint,1965,IRVING,250.5974,192.4174,774.6622,2776.405,4,1.60%,98.40%,316
4302,4301,1385693,2008833,Risk 2 (Medium),60651,41.8948497,-87.75348965,0,1,1,Short Form Complaint,1889,CHICAGO,478.4365,584.3008,132.1725,2064.7486,4,1.61%,98.39%,317
1765,1764,1513002,1142589,Risk 1 (High),60638,41.78932932,-87.74164564,0,0,0,Short Form Complaint,2004,CICERO,1149.484,1831.7234,1593.5354,4880.1148,4,1.61%,98.39%,318
1761,1760,1497340,1142125,Risk 1 (High),60638,41.78932932,-87.74164564,0,1,0,Canvass Re-Inspection,2004,CICERO,1125.4304,1831.7234,1593.5354,4880.1148,4,1.61%,98.39%,319
4281,4280,1501887,2008113,Risk 1 (High),60623,41.84442752,-87.70332182,0,1,1,Canvass Re-Inspection,1989,26th,519.0782,350.9128,947.1778,2190.332,4,1.61%,98.39%,320
224,223,1506256,8055,Risk 1 (High),60634,41.95995019,-87.79409123,0,1,0,Canvass Re-Inspection,1996,FOREST,356.3511,2417.1213,2559.3068,3912.806,4,1.63%,98.37%,321
1058,1057,1480427,41530,Risk 1 (High),60623,41.83691323,-87.7314113,0,1,1,Complaint Re-Inspection,1960,31ST,1220.5594,326.6756,817.462,2579.8556,4,1.66%,98.34%,322
6810,6809,1512420,2303642,Risk 1 (High),60707,41.90907048,-87.79979158,0,1,0,Canvass,1955,NORTH,202.1736,811.6954,506.1417,3157.7623,4,1.71%,98.29%,323
2312,2311,1471504,1473503,Risk 2 (Medium),60634,41.95302475,-87.78668324,0,1,0,Short Form Complaint,1989,IRVING,198.8732,962.9554,1290.3359,3189.8093,4,1.72%,98.28%,324
5212,5211,1473678,2129915,Risk 1 (High),60610,41.90599708,-87.64288347,0,1,1,Complaint,2009,CLYBOURN,374.03,562.6225,378.2988,1789.614,4,1.72%,98.28%,325
3598,3597,1418507,1893848,Risk 1 (High),60659,41.99021468,-87.71383608,0,1,0,Canvass Re-Inspection,1957,PETERSON,1583.779,430.3255,386.4535,3492.8099,4,1.73%,98.27%,326
5185,5184,1515335,2129223,Risk 1 (High),60633,41.65279476,-87.54729921,0,1,0,Canvass Re-Inspection,1912,BALTIMORE,1134.5702,667.4665,576.161,10118.2845,4,1.75%,98.25%,327
2661,2660,1502004,1594197,Risk 2 (Medium),60620,41.73560252,-87.66890848,0,1,1,Canvass Re-Inspection,2005,87TH,98.4751,693.6563,164.7927,3093.6631,4,1.77%,98.23%,328
5377,5376,1497810,2142482,Risk 1 (High),60625,41.97835599,-87.7088929,0,1,1,Complaint Re-Inspection,1922,KEDZIE,282.9888,510.524,713.2015,2747.724,4,1.80%,98.20%,329
3076,3075,1464609,1743114,Risk 1 (High),60626,42.00919262,-87.67386024,0,1,1,Canvass Re-Inspection,1997,CLARK,310.8175,878.3785,239.2989,1089.6191,4,1.87%,98.13%,330
5193,5192,1497480,2129489,Risk 2 (Medium),60655,41.69167416,-87.70115136,0,1,0,Short Form Complaint,1947,111th,1292.7555,1029.858,703.1463,7673.4103,4,1.88%,98.12%,331
5873,5872,1506251,2202277,Risk 1 (High),60634,41.93910447,-87.80663912,0,1,0,Canvass,1987,HARLEM,278.2608,369.0951,970.4189,3438.8733,4,1.88%,98.12%,332
2018,2017,1497628,1299842,Risk 1 (High),60613,41.94716116,-87.6638707,0,1,1,Canvass,2006,SOUTHPORT,940.1301,379.6614,398.7115,2262.3418,4,1.97%,98.03%,333
4383,4382,1325120,2021498,Risk 1 (High),60612,41.86878384,-87.68624469,1,1,1,Complaint,2005,WESTERN,656.0106,205.0934,248.0638,2772.1991,4,2.03%,97.97%,334
2496,2495,1424593,1519918,Risk 1 (High),60631,41.99534648,-87.80696582,0,1,0,Canvass Re-Inspection,1968,HARLEM,707.9282,1271.944,470.2548,3767.1347,4,2.17%,97.83%,335
4707,4706,1418563,2069431,Risk 1 (High),60630,41.96950931,-87.76233991,0,1,0,Canvass Re-Inspection,2007,Milwaukee,302.4514,625.3738,531.6086,4247.9905,4,2.27%,97.73%,336
1307,1306,1418613,56642,Risk 1 (High),60646,41.98461843,-87.76815927,0,1,1,Short Form Complaint,1956,CENTRAL,479.8876,648.2159,1126.276,5009.2406,4,2.77%,97.23%,337
1552,1551,1473745,81721,Risk 2 (Medium),60655,41.7055203,-87.70145804,0,1,1,Complaint Re-Inspection,1995,KEDZIE,384.7284,1123.2721,628.9462,7239.3901,4,2.81%,97.19%,338
256,255,1418596,9567,Risk 1 (High),60646,41.98498822,-87.76815296,0,1,1,Short Form Complaint,1973,CENTRAL,536.2413,744.2756,1202.3964,4995.1036,4,2.86%,97.14%,339
3505,3504,1424630,1879167,Risk 1 (High),60666,42.0085364,-87.91442844,0,1,0,Short Form Complaint,2006,TOUHY,641.1874,22126.3784,20207.5073,26816.328,4,3.31%,96.69%,340
863,862,1424404,34169,Risk 1 (High),60666,42.0085364,-87.91442844,0,1,0,Complaint Re-Inspection,2006,TOUHY,429.3375,22126.3784,20207.5073,26816.328,4,3.31%,96.69%,341
6772,6771,1424617,2299087,Risk 1 (High),60666,42.0085364,-87.91442844,0,1,0,Canvass Re-Inspection,2006,TOUHY,358.6906,22126.3784,20207.5073,26816.328,4,3.31%,96.69%,342
864,863,1424580,34173,Risk 1 (High),60666,42.0085364,-87.91442844,0,1,0,Canvass Re-Inspection,2006,TOUHY,275.9611,22126.3784,20207.5073,26816.328,4,3.31%,96.69%,343
862,861,1424645,34167,Risk 1 (High),60666,42.0085364,-87.91442844,0,0,0,Short Form Complaint,2006,TOUHY,224.4578,22126.3784,20207.5073,26816.328,4,3.31%,96.69%,344
4050,4049,1424672,1974743,Risk 1 (High),60666,42.0085364,-87.91442844,0,1,0,Canvass Re-Inspection,2006,TOUHY,67.2029,22126.3784,20207.5073,26816.328,4,3.32%,96.68%,345
2381,2380,1424610,1488968,Risk 1 (High),60631,41.9874096,-87.84438866,0,1,1,Canvass Re-Inspection,2005,HIGGINS,422.2847,2759.6249,2789.3186,8475.0986,4,4.43%,95.57%,346
3534,3533,1515521,1884293,Risk 1 (High),60666,42.0085364,-87.91442844,0,1,1,Short Form Complaint,2006,TOUHY,235.3643,22126.3784,20207.5073,26816.328,4,4.45%,95.55%,347
3495,3494,1424428,1878675,Risk 1 (High),60666,42.0085364,-87.91442844,0,1,1,Canvass Re-Inspection,2006,TOUHY,229.0351,22126.3784,20207.5073,26816.328,4,4.45%,95.55%,348
2491,2490,1424609,1518913,Risk 1 (High),60631,41.98142816,-87.8364343,0,0,1,Recent Inspection,1971,CUMBERLAND,369.9993,1246.2814,843.7059,7169.1298,4,4.47%,95.53%,349
4891,4890,1434229,2093205,Risk 1 (High),60617,41.7063238,-87.55483677,0,1,0,Canvass Re-Inspection,1922,MUSKEGON,488.3578,2067.6704,1924.5303,1881.2179,3,6.28%,93.72%,350
1783,1782,1512862,1144631,Risk 1 (High),60617,41.70648743,-87.55949851,0,1,0,Complaint Re-Inspection,1939,TORRENCE,525.8984,1124.7531,837.2527,1287.2983,3,7.15%,92.85%,351
3782,3781,1512682,1927671,Risk 1 (High),60615,41.79939926,-87.59208771,0,1,0,Canvass Re-Inspection,1923,53RD,339.2057,580.0606,863.2981,609.9104,3,7.38%,92.62%,352
5024,5023,1497870,2109775,Risk 1 (High),60653,41.80978194,-87.59413802,1,1,0,Canvass,1899,47TH,1119.6537,868.0674,709.2367,1130.9559,3,7.68%,92.32%,353
4423,4422,1501508,2027309,Risk 1 (High),60654,41.89017092,-87.62824385,0,1,0,Canvass,1894,HUBBARD,258.2787,303.408,792.5403,482.224,3,8.03%,91.97%,354
4015,4014,1512677,1969513,Risk 1 (High),60617,41.75142348,-87.55303702,0,1,0,Canvass,1893,EXCHANGE,954.886,380.2441,513.9566,2563.7998,3,8.09%,91.91%,355
6214,6213,1435180,2253097,Risk 1 (High),60649,41.76640928,-87.570067,0,1,0,Canvass Re-Inspection,1925,71ST,464.5244,251.0581,325.7975,1308.6116,3,8.09%,91.91%,356
7005,7004,1497519,2309232,Risk 2 (Medium),60649,41.76603169,-87.56954996,0,1,0,License Re-Inspection,1925,71ST,102.9453,303.2376,392.5297,1451.283,3,8.16%,91.84%,357
407,406,1496491,17576,Risk 2 (Medium),60615,41.79957001,-87.59623911,1,1,0,Short Form Complaint,1909,53RD,259.2231,477.1291,799.0766,1708.4552,3,8.28%,91.72%,358
6723,6722,1512266,2298245,Risk 1 (High),60608,41.85910428,-87.64682758,0,1,0,Canvass Re-Inspection,1879,HALSTED,1080.6917,426.4742,658.0993,1116.7339,3,8.45%,91.55%,359
2597,2596,1387685,1576258,Risk 1 (High),60628,41.68527964,-87.61640258,0,1,0,Canvass Re-Inspection,1886,115TH,1593.2106,793.1259,367.1303,2686.626,3,8.46%,91.54%,360
1588,1587,1490384,86322,Risk 1 (High),60615,41.7996338,-87.59068096,0,1,1,Canvass Re-Inspection,1908,53RD,21087.1053,560.8536,527.9663,228.6601,3,8.50%,91.50%,361
3520,3519,1460118,1883506,Risk 1 (High),60653,41.80973695,-87.59816456,0,1,0,Complaint Re-Inspection,1913,47TH,239.1599,783.1568,912.3949,1884.2934,3,8.55%,91.45%,362
5687,5686,1512540,2183563,Risk 1 (High),60617,41.70257661,-87.5258717,0,1,0,Complaint Re-Inspection,1957,106TH,944.0092,1052.8225,1140.2888,3262.1467,3,8.57%,91.43%,363
4408,4407,1496536,2026715,Risk 1 (High),60609,41.83069534,-87.64625092,1,1,0,Complaint,1888,HALSTED,1068.9717,222.8296,406.7537,1052.7399,3,8.58%,91.42%,364
5563,5562,1501751,2158242,Risk 1 (High),60649,41.76063238,-87.58633266,0,1,0,Canvass Re-Inspection,1925,STONY,239.8712,524.4086,676.8292,2038.9712,3,8.60%,91.40%,365
7639,7638,1447472,2355339,Risk 1 (High),60605,41.86753863,-87.62620848,0,1,0,License Re-Inspection,1878,ROOSEVELT,158.4954,181.0832,560.1129,1367.8723,3,8.63%,91.37%,366
4785,4784,1501754,2079748,Risk 1 (High),60654,41.8889586,-87.63120054,0,1,0,Canvass,1915,CLARK,352.0591,309.6842,661.198,500.882,3,8.67%,91.33%,367
4238,4237,1512285,2002661,Risk 1 (High),60603,41.87929007,-87.63236273,0,1,0,Canvass Re-Inspection,1914,ADAMS,587.2164,564.208,742.1414,693.516,3,8.68%,91.32%,368
3561,3560,1496377,1888203,Risk 1 (High),60654,41.88841374,-87.62941081,0,1,0,Complaint,1962,DEARBORN,21087.1053,410.5252,817.0384,599.9028,3,8.68%,91.32%,369
1719,1718,1453680,1121323,Risk 1 (High),60605,41.87273361,-87.62899897,0,1,0,Canvass,1893,733,155.7724,460.2905,554.2173,1032.7964,3,8.72%,91.28%,370
1210,1209,1453649,49256,Risk 1 (High),60605,41.87525983,-87.62439667,0,1,0,Canvass Re-Inspection,1900,MICHIGAN,500.4058,875.2091,1520.9597,2101.8103,3,8.75%,91.25%,371
324,323,1493660,12681,Risk 1 (High),60617,41.70670653,-87.55979215,0,1,1,Complaint,1909,TORRENCE,780.663,1086.0693,767.6848,1201.4943,3,8.79%,91.21%,372
4237,4236,1502132,2002643,Risk 1 (High),60617,41.75163817,-87.56608496,0,1,0,Canvass Re-Inspection,1927,YATES,521.4371,193.9754,433.0642,2290.3885,3,8.80%,91.20%,373
4990,4989,1501966,2104487,Risk 1 (High),60654,41.89138849,-87.62949496,1,1,0,Canvass,1915,DEARBORN,311.5487,471.5803,525.6691,524.337,3,8.88%,91.12%,374
1086,1085,1199614,42683,Risk 1 (High),60661,41.87927791,-87.6474293,0,1,0,Canvass Re-Inspection,1916,HALSTED,198.0573,557.4311,813.763,747.9105,3,8.92%,91.08%,375
2788,2787,1453669,1646340,Risk 1 (High),60604,41.87876622,-87.62624557,0,1,0,Canvass,1894,WABASH,200.704,665.4971,457.618,1116.9549,3,8.99%,91.01%,376
4762,4761,1512448,2078723,Risk 1 (High),60657,41.940826,-87.65121094,1,1,0,Short Form Complaint,1884,CLARK,233.9474,197.0033,453.614,446.2673,3,9.01%,90.99%,377
1220,1219,1512393,49732,Risk 1 (High),60654,41.89211867,-87.63244969,0,1,0,Canvass,1903,LA,423.1789,617.2552,662.6276,1020.2967,3,9.03%,90.97%,378
4844,4843,1512425,2087900,Risk 1 (High),60654,41.88874104,-87.63708054,0,1,0,Canvass Re-Inspection,1933,ORLEANS,1001.3713,873.8231,1003.64,917.8385,3,9.17%,90.83%,379
2839,2838,1490809,1649366,Risk 1 (High),60603,41.8806754,-87.62645664,0,1,0,Complaint Re-Inspection,1912,MONROE,401.9045,545.5777,489.8997,995.8667,3,9.22%,90.78%,380
7330,7329,1372571,2333475,Risk 1 (High),60601,41.88745658,-87.6246991,0,1,0,License Re-Inspection,1888,MICHIGAN,614.5994,392.0013,569.3554,1579.9725,3,9.25%,90.75%,381
2958,2957,1497631,1696544,Risk 1 (High),60602,41.88217262,-87.62756936,1,0,0,Short Form Complaint,1904,MADISON,57.9341,413.8183,368.5506,1031.9843,3,9.28%,90.72%,382
4749,4748,1497257,2074427,Risk 1 (High),60607,41.88153575,-87.65558049,0,1,0,Complaint Re-Inspection,1879,MADISON,422.3676,578.3627,489.508,1327.3171,3,9.28%,90.72%,383
3356,3355,1435145,1842843,Risk 1 (High),60661,41.88629367,-87.64264392,1,1,0,Consultation,1877,JEFFERSON,183.4652,595.6677,516.6858,1530.5258,3,9.30%,90.70%,384
4128,4127,1512244,1984969,Risk 1 (High),60654,41.89092422,-87.63161779,1,1,0,Canvass,1933,ILLINOIS,432.9539,354.3776,524.9784,554.5081,3,9.33%,90.67%,385
7260,7259,1453668,2327396,Risk 1 (High),60604,41.87849644,-87.6259421,0,1,0,Canvass,1916,WABASH,1320.7925,709.4921,568.7626,1233.4897,3,9.42%,90.58%,386
381,380,1512449,15961,Risk 1 (High),60614,41.93080351,-87.64909406,0,1,0,Canvass Re-Inspection,1891,HALSTED,1368.2891,627.3205,82.7782,382.7686,3,9.43%,90.57%,387
7383,7382,1439396,2340283,Risk 1 (High),60611,41.89679772,-87.62735306,0,1,0,Canvass Re-Inspection,1891,CHICAGO,285.1935,235.8411,406.3438,1371.5341,3,9.44%,90.56%,388
3260,3259,1453667,1816978,Risk 1 (High),60604,41.87837042,-87.62544271,1,1,0,Canvass,1916,JACKSON,479.9689,813.9124,686.2023,1375.8734,3,9.46%,90.54%,389
6626,6625,1501635,2289963,Risk 1 (High),60653,41.80953717,-87.61372042,0,1,0,Canvass Re-Inspection,1909,47TH,685.1466,309.8713,339.7898,1961.9166,3,9.46%,90.54%,390
2137,2136,1439650,1354372,Risk 1 (High),60661,41.87739939,-87.64237065,0,1,0,Canvass Re-Inspection,1922,JEFFERSON,242.3419,327.531,936.704,1374.1067,3,9.47%,90.53%,391
5219,5218,1501352,2130070,Risk 1 (High),60653,41.80979431,-87.59279042,1,1,0,Canvass,2006,47TH,434.7541,966.2114,779.493,764.4442,3,9.51%,90.49%,392
1526,1525,1512931,79128,Risk 1 (High),60610,41.88858244,-87.62941701,0,1,0,Canvass Re-Inspection,1962,DEARBORN,517.6701,432.0485,834.4988,540.4172,3,9.51%,90.49%,393
757,756,1493390,31037,Risk 1 (High),60649,41.76594474,-87.57802589,0,1,0,Complaint,1966,71ST,784.146,344.4804,365.3748,1786.5892,3,9.54%,90.46%,394
644,643,1502170,26579,Risk 2 (Medium),60637,41.77731765,-87.61540656,0,1,0,Canvass,1922,DR,259.6382,115.2241,697.7568,2495.6783,3,9.57%,90.43%,395
6740,6739,1447593,2298574,Risk 1 (High),60606,41.88197705,-87.63887584,1,1,0,Complaint,1929,RIVERSIDE,846.9318,1020.6801,795.9262,1130.6928,3,9.57%,90.43%,396
5905,5904,1501238,2202887,Risk 1 (High),60609,41.80293871,-87.66467188,0,1,0,Canvass Re-Inspection,1904,ASHLAND,513.8778,601.3232,457.6789,1664.1867,3,9.57%,90.43%,397
4333,4332,1363242,2013433,Risk 1 (High),60608,41.85787544,-87.65455188,0,1,0,Canvass Re-Inspection,1889,18th,1967.0986,379.1159,328.5091,1504.3003,3,9.58%,90.42%,398
2846,2845,1512956,1649678,Risk 1 (High),60614,41.92847358,-87.64901462,0,1,0,Canvass,1891,HALSTED,249.8598,471.247,184.1109,617.5067,3,9.58%,90.42%,399
5343,5342,1447360,2138491,Risk 1 (High),60606,41.87800198,-87.63440913,1,1,0,Short Form Complaint,1918,JACKSON,300.4898,697.1128,725.2859,1404.2766,3,9.61%,90.39%,400
4016,4015,1387480,1969524,Risk 1 (High),60619,41.74863,-87.61504931,0,1,0,Complaint Re-Inspection,1929,DR,929.1888,338.9617,438.3823,2377.9765,3,9.62%,90.38%,401
1129,1128,1515212,44712,Risk 1 (High),60622,41.91051964,-87.66774969,0,1,0,Complaint,1889,NORTH,967.5069,359.9418,172.647,641.1467,3,9.62%,90.38%,402
4897,4896,1199445,2093573,Risk 1 (High),60661,41.88008392,-87.64099078,0,1,0,Canvass Re-Inspection,1985,CLINTON,21087.1053,966.9154,673.9412,707.981,3,9.63%,90.37%,403
192,191,1372655,6781,Risk 1 (High),60603,41.88181246,-87.63102088,0,1,0,Complaint Re-Inspection,1927,CLARK,436.3351,491.8791,244.6808,716.6092,3,9.66%,90.34%,404
6351,6350,1473939,2269538,Risk 1 (High),60615,41.79931759,-87.58713414,0,1,0,License Re-Inspection,2004,LAKE,215.5717,462.244,484.7891,820.0659,3,9.70%,90.30%,405
499,498,1490824,22361,Risk 1 (High),60610,41.91018953,-87.63453317,0,1,0,Canvass Re-Inspection,1886,WELLS,342.0094,706.6311,216.7227,1235.889,3,9.72%,90.28%,406
4449,4448,1512288,2032059,Risk 1 (High),60603,41.88165874,-87.6245001,1,0,0,Complaint Re-Inspection,1912,MICHIGAN,201.3977,466.6909,413.3042,1366.4803,3,9.73%,90.27%,407
6035,6034,1387673,2232836,Risk 1 (High),60619,41.7367306,-87.59114387,0,1,0,Canvass,1957,87TH,346.1658,418.1183,650.0208,2561.3973,3,9.74%,90.26%,408
3241,3240,1497682,1816692,Risk 1 (High),60608,41.85803142,-87.65822434,0,1,0,Complaint Re-Inspection,1878,18TH,384.7432,213.737,308.5,1757.6126,3,9.76%,90.24%,409
3681,3680,1453436,1909035,Risk 1 (High),60605,41.87057299,-87.62844791,0,1,0,Canvass Re-Inspection,1980,PLYMOUTH,1011.9787,406.3271,720.6492,471.5058,3,9.78%,90.22%,410
6306,6305,1513149,2262950,Risk 1 (High),60614,41.91849214,-87.64866909,1,1,0,Canvass,1896,HALSTED,630.3573,808.9176,82.4783,658.136,3,9.78%,90.22%,411
4935,4934,1439309,2098215,Risk 1 (High),60611,41.89112059,-87.6239887,0,1,0,Short Form Complaint,1925,MICHIGAN,247.0704,857.4869,521.1208,1160.3142,3,9.78%,90.22%,412
902,901,1199624,34402,Risk 1 (High),60614,41.91806475,-87.63866177,0,1,0,Canvass,1904,LINCOLN,522.606,599.5302,186.6225,793.7317,3,9.81%,90.19%,413
6684,6683,1491042,2293873,Risk 1 (High),60615,41.80041098,-87.58865845,0,0,0,License Re-Inspection,2012,HARPER,80.2376,395.8827,202.6989,395.2764,3,9.82%,90.18%,414
6683,6682,1491041,2293872,Risk 1 (High),60615,41.80041098,-87.58865845,0,1,0,License Re-Inspection,2012,HARPER,57.5602,395.8827,202.6989,395.2764,3,9.82%,90.18%,415
4065,4064,1490926,1975697,Risk 1 (High),60608,41.83472852,-87.64634782,0,1,0,Canvass Re-Inspection,1929,HALSTED,21087.1053,547.6368,300.1819,1989.9311,3,9.86%,90.14%,416
6456,6455,1459847,2278786,Risk 1 (High),60615,41.80040952,-87.58836369,0,1,0,Complaint,2012,HARPER,512.0546,367.6659,214.0474,470.4747,3,9.87%,90.13%,417
6441,6440,1447610,2278208,Risk 1 (High),60606,41.87993282,-87.63540258,0,1,0,Canvass,1927,FRANKLIN,177.7845,853.0812,643.5897,1296.1213,3,9.87%,90.13%,418
6104,6103,1453681,2245297,Risk 1 (High),60605,41.87423458,-87.62935644,0,1,0,Canvass,1911,DEARBORN,153.1084,512.7968,442.1817,1553.0509,3,9.89%,90.11%,419
2888,2887,1501246,1677434,Risk 1 (High),60649,41.76113827,-87.58634581,0,1,0,Canvass,1988,STONY,1587.3345,566.4384,701.4978,1999.7773,3,9.90%,90.10%,420
5103,5102,1513044,2120460,Risk 1 (High),60609,41.80862763,-87.65504091,1,1,0,Short Form Complaint,1914,47TH,642.3589,664.5228,473.5911,1841.8969,3,9.91%,90.09%,421
1279,1278,1501802,54103,Risk 1 (High),60602,41.88331726,-87.63302428,1,1,0,Short Form Complaint,1905,WASHINGTON,360.097,435.0203,349.3809,1462.7437,3,9.91%,90.09%,422
778,777,1513016,32172,Risk 1 (High),60616,41.85351003,-87.63375047,0,1,0,Canvass Re-Inspection,1912,ARCHER,405.2453,260.1041,522.3397,1824.9638,3,9.92%,90.08%,423
1486,1485,1496225,75290,Risk 1 (High),60608,41.85207113,-87.6755623,1,1,0,Canvass Re-Inspection,1894,CERMAK,301.5133,764.2771,349.2656,1425.3042,3,9.94%,90.06%,424
5496,5495,1307533,2153140,Risk 2 (Medium),60636,41.77972433,-87.6643735,0,1,0,Complaint Re-Inspection,1909,ASHLAND,310.3602,423.6265,711.8661,2418.3782,3,9.95%,90.05%,425
2537,2536,1490977,1545520,Risk 1 (High),60610,41.89592017,-87.63433036,0,1,0,Complaint Re-Inspection,1881,WELLS,381.2555,640.3353,382.4324,1897.4668,3,9.98%,90.02%,426
6479,6478,1493689,2279189,Risk 2 (Medium),60642,41.91054576,-87.65295085,1,1,0,Complaint Re-Inspection,1914,SHEFFIELD,309.4754,691.3866,732.0172,1268.1316,3,10.00%,90.00%,427
6108,6107,1447548,2245384,Risk 1 (High),60606,41.87992331,-87.63880254,0,1,0,Canvass Re-Inspection,1965,RIVERSIDE,264.9867,1174.0758,779.152,741.3228,3,10.02%,89.98%,428
806,805,1512291,33114,Risk 1 (High),60622,41.90852391,-87.6747975,0,1,0,Canvass,1889,MILWAUKEE,87.1641,348.8575,621.0489,1412.3634,3,10.02%,89.98%,429
3462,3461,1501560,1873531,Risk 1 (High),60601,41.88458627,-87.63101045,0,1,0,Complaint Re-Inspection,1911,RANDOLPH,349.7082,689.9932,561.5061,1693.7912,3,10.03%,89.97%,430
419,418,1441488,18219,Risk 1 (High),60657,41.93741732,-87.64879561,0,1,0,Canvass,1900,CLARK,445.2361,404.648,386.1048,996.5827,3,10.04%,89.96%,431
7418,7417,1512334,2341011,Risk 1 (High),60601,41.88458627,-87.63101045,0,1,0,Complaint,1911,RANDOLPH,264.9321,689.9932,561.5061,1693.7912,3,10.04%,89.96%,432
7388,7387,1307636,2340459,Risk 1 (High),60621,41.75866791,-87.63127912,0,1,0,Complaint Re-Inspection,1907,VINCENNES,657.7807,381.8847,406.0888,2822.7071,3,10.04%,89.96%,433
176,175,1501331,6465,Risk 1 (High),60610,41.90404478,-87.6290831,0,1,0,Canvass Re-Inspection,1891,DIVISION,450.4043,654.7031,161.4718,1494.9569,3,10.06%,89.94%,434
202,201,1441505,7212,Risk 1 (High),60657,41.94281449,-87.64950813,0,1,0,Canvass,1892,HALSTED,203.8899,300.451,305.2052,1034.3347,3,10.08%,89.92%,435
5170,5169,1387680,2125700,Risk 1 (High),60619,41.75100958,-87.62440142,0,1,0,Complaint Re-Inspection,1997,STATE,21087.1053,448.8771,651.77,2329.1289,3,10.11%,89.89%,436
6927,6926,1401546,2308082,Risk 1 (High),60654,41.88807428,-87.6349552,0,1,0,License Re-Inspection,1933,MERCHANDISE,129.1739,719.74,799.9669,1520.8607,3,10.14%,89.86%,437
1562,1561,1496850,82831,Risk 1 (High),60657,41.94004143,-87.65268367,0,1,0,Canvass Re-Inspection,1916,BELMONT,1294.1206,407.2951,391.4972,730.3251,3,10.15%,89.85%,438
7329,7328,1497928,2333460,Risk 3 (Low),60607,41.88411358,-87.65808167,0,0,0,License Re-Inspection,1926,RANDOLPH,834.6597,615.2017,909.4386,1587.4523,3,10.17%,89.83%,439
5391,5390,1515240,2146279,Risk 1 (High),60622,41.90707243,-87.67206836,0,1,0,Complaint,1891,MILWAUKEE,245.6209,326.5213,331.0814,1206.2972,3,10.17%,89.83%,440
2004,2003,1482437,1276237,Risk 1 (High),60640,41.97891353,-87.66008655,0,1,0,Canvass Re-Inspection,1925,BROADWAY,489.9775,521.0138,674.5844,396.6264,3,10.18%,89.82%,441
715,714,1512835,29270,Risk 1 (High),60614,41.926907,-87.6486651,0,1,0,Canvass Re-Inspection,1891,HALSTED,239.0156,271.5154,203.7196,1184.2237,3,10.18%,89.82%,442
1224,1223,1199353,50044,Risk 1 (High),60611,41.9024912,-87.62776815,0,1,0,Canvass Re-Inspection,1925,CEDAR,510.5919,522.5787,283.6183,1092.3983,3,10.19%,89.81%,443
5948,5947,1501495,2220586,Risk 1 (High),60654,41.88935203,-87.62884885,0,1,0,Canvass,2000,KINZIE,552.6409,493.4877,881.0583,392.438,3,10.19%,89.81%,444
7328,7327,1497926,2333459,Risk 1 (High),60607,41.88411358,-87.65808167,0,1,0,License Re-Inspection,1926,RANDOLPH,347.4184,615.2017,909.4386,1587.4523,3,10.19%,89.81%,445
5041,5040,1512747,2113802,Risk 1 (High),60607,41.87694977,-87.63410369,1,1,0,Canvass Re-Inspection,1926,Van,465.2013,683.8819,562.3021,1576.2457,3,10.22%,89.78%,446
5122,5121,1199545,2121068,Risk 1 (High),60614,41.91798129,-87.65434085,1,1,0,Canvass,1881,ARMITAGE,568.4502,419.2208,161.27,1391.7517,3,10.23%,89.77%,447
7461,7460,1491070,2341509,Risk 1 (High),60654,41.89628637,-87.64766873,0,1,0,License Re-Inspection,1929,CHICAGO,556.0621,628.2776,826.5375,1494.7388,3,10.24%,89.76%,448
7675,7674,1512320,2358994,Risk 1 (High),60607,41.88428084,-87.64845424,0,1,0,License Re-Inspection,1884,RANDOLPH,211.2624,465.1794,56.3874,1615.781,3,10.27%,89.73%,449
7676,7675,1512321,2358995,Risk 1 (High),60607,41.88428084,-87.64845424,0,0,0,License Re-Inspection,1884,RANDOLPH,176.3958,465.1794,56.3874,1615.781,3,10.27%,89.73%,450
6668,6667,1501509,2293575,Risk 1 (High),60625,41.97077349,-87.68883024,0,1,0,Canvass Re-Inspection,1890,WESTERN,400.7045,666.067,288.6091,425.027,3,10.29%,89.71%,451
4679,4678,1497414,2068718,Risk 1 (High),60602,41.88323718,-87.63255558,1,0,0,Short Form Complaint,1929,LA,323.5998,476.7757,409.4565,1369.6581,3,10.30%,89.70%,452
3933,3932,1501580,1958590,Risk 1 (High),60622,41.90955451,-87.6678068,0,1,0,Canvass,1927,ASHLAND,886.7955,191.7338,309.5847,618.6824,3,10.30%,89.70%,453
1149,1148,1155248,45693,Risk 1 (High),60622,41.89589266,-87.67156245,0,1,0,Canvass Re-Inspection,1879,CHICAGO,161.5585,321.5032,342.324,1682.6441,3,10.31%,89.69%,454
2506,2505,1441576,1542497,Risk 1 (High),60657,41.9330949,-87.6592489,0,1,0,Canvass,1891,LINCOLN,665.3156,370.5596,241.012,1146.193,3,10.31%,89.69%,455
5643,5642,1363250,2177172,Risk 1 (High),60608,41.8577781,-87.66058843,0,1,0,Canvass Re-Inspection,1879,18th,285.2962,392.0382,280.5494,2127.7678,3,10.32%,89.68%,456
4677,4676,1496259,2068654,Risk 1 (High),60622,41.89641176,-87.66867223,1,1,0,Complaint,1889,MARSHFIELD,570.2921,302.272,349.4439,1558.1774,3,10.33%,89.67%,457
1023,1022,1494009,39807,Risk 1 (High),60616,41.85273606,-87.63244397,1,1,0,Complaint Re-Inspection,1949,CERMAK,325.1591,155.4565,578.3771,1505.0639,3,10.33%,89.67%,458
3657,3656,1512655,1904661,Risk 1 (High),60610,41.88926953,-87.62973533,0,1,0,Complaint Re-Inspection,2008,DEARBORN,528.4115,445.789,815.2344,275.7753,3,10.35%,89.65%,459
7379,7378,1325248,2334867,Risk 1 (High),60647,41.91269192,-87.69720455,0,1,0,License Re-Inspection,1891,CALIFORNIA,334.1665,466.3943,560.0152,1241.4862,3,10.36%,89.64%,460
4751,4750,1434780,2074459,Risk 1 (High),60649,41.75161986,-87.5836352,0,1,0,Canvass,1968,79TH,147.4679,49.3606,541.5195,2705.5932,3,10.37%,89.63%,461
7669,7668,1467567,2358907,Risk 1 (High),60607,41.8867877,-87.65669395,0,1,0,Short Form Complaint,1902,FULTON,327.3706,538.6151,752.1805,2028.3576,3,10.37%,89.63%,462
5230,5229,1501762,2130391,Risk 1 (High),60615,41.79942351,-87.58996408,0,1,1,Canvass Re-Inspection,1940,53RD,102.9969,482.394,371.8369,210.3059,3,10.37%,89.63%,463
6675,6674,1515460,2293793,Risk 1 (High),60605,41.87195036,-87.62738308,1,0,0,Canvass,1984,STATE,556.3636,486.4998,839.6874,1006.5745,3,10.38%,89.62%,464
3307,3306,1447415,1822283,Risk 1 (High),60606,41.88166429,-87.63888744,0,1,0,Canvass,1965,RIVERSIDE,712.7447,1058.4043,767.1808,1041.3951,3,10.39%,89.61%,465
7038,7037,1307409,2313764,Risk 1 (High),60636,41.78039045,-87.68381819,0,1,0,Complaint Re-Inspection,1914,WESTERN,236.9333,401.0848,102.1314,1699.7508,3,10.41%,89.59%,466
1860,1859,1439441,1194932,Risk 1 (High),60611,41.89319256,-87.62617281,0,1,0,Complaint,1929,ONTARIO,301.2091,808.5583,505.011,1561.878,3,10.44%,89.56%,467
3753,3752,1512896,1923040,Risk 1 (High),60642,41.89619237,-87.66677231,0,1,0,Canvass Re-Inspection,1879,CHICAGO,532.6278,26.4052,248.0375,1775.4374,3,10.44%,89.56%,468
4759,4758,1501497,2074632,Risk 1 (High),60622,41.89615776,-87.66883075,0,1,0,Canvass Re-Inspection,1894,CHICAGO,235.0686,276.5284,372.5735,1601.9939,3,10.49%,89.51%,469
3815,3814,1496614,1933960,Risk 1 (High),60610,41.91097646,-87.64053424,0,1,0,Suspected Food Poisoning,1931,NORTH,552.935,590.6036,166.3858,827.7377,3,10.50%,89.50%,470
2730,2729,1501347,1619550,Risk 1 (High),60610,41.90378484,-87.63179996,0,1,0,Canvass Re-Inspection,1906,DIVISION,482.5188,653.8068,117.4511,1463.7067,3,10.51%,89.49%,471
6893,6892,1324920,2307751,Risk 2 (Medium),60623,41.85082727,-87.70537067,0,1,0,License Re-Inspection,1899,KEDZIE,261.1092,185.131,323.617,1415.1349,3,10.51%,89.49%,472
6366,6365,1401755,2269688,Risk 1 (High),60622,41.90011226,-87.68680973,0,1,0,Short Form Complaint,1907,Western,558.2478,311.7909,352.245,1066.4806,3,10.51%,89.49%,473
4085,4084,1512600,1979691,Risk 1 (High),60637,41.780461,-87.59634922,1,1,0,Short Form Complaint,1923,WOODLAWN,394.2472,205.2335,553.0508,3318.2385,3,10.52%,89.48%,474
3052,3051,1501365,1741356,Risk 1 (High),60610,41.89747568,-87.62836809,0,1,0,Complaint Re-Inspection,1952,STATE,233.1147,529.6102,414.6335,1021.5691,3,10.55%,89.45%,475
1132,1131,1496709,44793,Risk 1 (High),60610,41.89143931,-87.63126818,0,1,0,Complaint,1985,CLARK,435.943,480.7645,610.1827,627.9666,3,10.57%,89.43%,476
4353,4352,1473468,2016793,Risk 1 (High),60642,41.90088615,-87.66285624,0,1,0,Complaint Re-Inspection,1894,MILWAUKEE,597.2122,379.1451,210.2882,1519.6882,3,10.58%,89.42%,477
6851,6850,1296945,2304340,Risk 2 (Medium),60620,41.75621188,-87.63213054,0,1,0,Complaint Re-Inspection,1950,VINCENNES,114.5851,656.1947,534.8882,2525.5572,3,10.60%,89.40%,478
3862,3861,1490519,1943058,Risk 1 (High),60649,41.77272515,-87.58644244,1,1,0,Canvass,2005,STONY,717.9271,526.3027,419.2403,1766.5953,3,10.63%,89.37%,479
1597,1596,1512233,1000049,Risk 1 (High),60607,41.88426142,-87.64953413,0,1,0,Canvass,1912,RANDOLPH,123.7316,365.5513,223.4975,1558.081,3,10.67%,89.33%,480
4421,4420,1502128,2027214,Risk 1 (High),60652,41.74992094,-87.68348562,0,1,0,Canvass,1927,79TH,365.7298,663.2633,661.3434,2611.4872,3,10.70%,89.30%,481
4160,4159,1387508,1986698,Risk 1 (High),60628,41.70790993,-87.64300674,0,1,0,Canvass Re-Inspection,1957,HALSTED,300.3822,715.6312,768.0353,3073.5944,3,10.72%,89.28%,482
5774,5773,1439583,2189458,Risk 1 (High),60611,41.89387135,-87.61527478,0,1,0,Canvass Re-Inspection,1964,LAKE,621.4162,520.3571,1060.1109,1909.349,3,10.73%,89.27%,483
1932,1931,1387729,1245305,Risk 1 (High),60619,41.74226463,-87.60483675,0,1,0,Canvass,1998,COTTAGE,728.5345,299.762,544.3397,2202.1041,3,10.73%,89.27%,484
921,920,1372678,35095,Risk 1 (High),60602,41.8822157,-87.62955625,1,0,0,Short Form Complaint,1979,DEARBORN,57.1364,692.1522,492.9918,816.42,3,10.73%,89.27%,485
6330,6329,1387654,2263661,Risk 1 (High),60619,41.75098204,-87.61645549,1,1,0,Complaint Re-Inspection,1966,79TH,109.1894,688.2459,393.2302,2389.2181,3,10.74%,89.26%,486
4024,4023,1387691,1969754,Risk 1 (High),60628,41.69266063,-87.62594006,0,1,0,Canvass,2009,111TH,648.0344,363.9668,725.2607,2384.9587,3,10.74%,89.26%,487
70,69,1383460,1922,Risk 1 (High),60601,41.88799989,-87.62256513,0,1,0,Complaint Re-Inspection,1974,WACKER,345.5478,752.1489,517.4602,1009.5108,3,10.75%,89.25%,488
5991,5990,1439310,2231717,Risk 1 (High),60611,41.89019628,-87.62673545,1,1,0,Consultation,1991,HUBBARD,399.5006,359.094,747.581,891.782,3,10.75%,89.25%,489
6195,6194,1441584,2252473,Risk 1 (High),60657,41.9409191,-87.66968717,0,1,0,Canvass Re-Inspection,1938,LINCOLN,751.0633,426.0706,247.7908,345.578,3,10.77%,89.23%,490
1282,1281,1467556,54665,Risk 1 (High),60607,41.86936687,-87.65307781,0,1,0,Canvass,1869,TAYLOR,349.4446,1007.0378,743.271,3191.7675,3,10.77%,89.23%,491
1252,1251,1441638,52004,Risk 1 (High),60657,41.94382098,-87.65396259,0,1,0,Canvass,1896,CLARK,724.8932,422.9343,556.3995,1761.006,3,10.78%,89.22%,492
5050,5049,1490946,2114374,Risk 2 (Medium),60614,41.93062311,-87.64401133,0,1,0,Canvass,1912,CLARK,994.3137,536.8554,70.2563,1114.9314,3,10.78%,89.22%,493
7119,7118,1412212,2319906,Risk 2 (Medium),60617,41.72259147,-87.57429098,0,1,0,Short Form Complaint,1988,95TH,309.3413,382.4078,509.1562,2979.8304,3,10.79%,89.21%,494
7342,7341,1480398,2333768,Risk 1 (High),60623,41.84483539,-87.70489989,0,1,0,Canvass Re-Inspection,1894,KEDZIE,320.3204,505.8946,735.2736,2275.4635,3,10.80%,89.20%,495
7450,7449,1513084,2341212,Risk 1 (High),60614,41.91336686,-87.65305079,0,1,0,Canvass,1891,SHEFFIELD,429.3515,471.6777,228.5707,1790.7747,3,10.82%,89.18%,496
5294,5293,1501894,2137239,Risk 1 (High),60657,41.93841197,-87.6444918,0,1,0,Complaint,1889,BROADWAY,316.22,435.029,74.9028,1555.6712,3,10.87%,89.13%,497
2783,2782,1387826,1646157,Risk 1 (High),60619,41.75621543,-87.60518239,0,1,0,Complaint,1913,COTTAGE,82.3122,519.2242,383.0625,3677.4382,3,10.87%,89.13%,498
3566,3565,1199393,1888944,Risk 1 (High),60614,41.9329932,-87.64071617,0,1,0,Canvass Re-Inspection,1921,DIVERSEY,588.3478,635.1699,158.616,1108.0371,3,10.88%,89.12%,499
3164,3163,1501993,1799069,Risk 2 (Medium),60611,41.89113317,-87.61916021,1,1,0,Canvass Re-Inspection,2001,ILLINOIS,529.4933,351.6803,403.2799,472.0263,3,10.88%,89.12%,500
2069,2068,1512770,1331003,Risk 1 (High),60602,41.88209337,-87.63039164,0,1,0,Canvass,1979,MADISON,597.6592,597.1151,334.6817,770.2679,3,10.89%,89.11%,501
5627,5626,1501217,2172561,Risk 1 (High),60608,41.84473394,-87.69536307,0,1,0,Complaint Re-Inspection,1902,CALIFORNIA,454.6904,1070.2758,714.6786,2258.3716,3,10.90%,89.10%,502
2880,2879,1501859,1676986,Risk 1 (High),60622,41.89587067,-87.67282139,0,1,0,Canvass Re-Inspection,1891,CHICAGO,365.8619,442.4141,267.5733,1806.2093,3,10.90%,89.10%,503
7122,7121,1496669,2319925,Risk 1 (High),60610,41.90382384,-87.62916036,0,1,0,License Re-Inspection,1930,DIVISION,668.6553,649.6227,183.4847,1412.0807,3,10.91%,89.09%,504
3021,3020,1307498,1738553,Risk 1 (High),60636,41.76409854,-87.68337319,1,1,0,Short Form Complaint,1922,WESTERN,654.8356,518.235,150.6115,2176.3643,3,10.93%,89.07%,505
491,490,1464493,21637,Risk 1 (High),60660,41.98623081,-87.67454136,0,1,0,Complaint Re-Inspection,1891,RAVENSWOOD,437.2597,601.6039,1056.5637,1881.9572,3,10.93%,89.07%,506
6650,6649,1325139,2293130,Risk 2 (Medium),60624,41.88080416,-87.72824442,0,1,0,Complaint,1904,MADISON,325.401,559.4868,209.3939,901.4552,3,10.94%,89.06%,507
4890,4889,1494226,2093201,Risk 1 (High),60608,41.85203288,-87.69378808,0,1,0,Complaint Re-Inspection,1919,CERMAK,245.4099,503.0907,443.7705,1616.6651,3,10.96%,89.04%,508
508,507,1512916,22899,Risk 1 (High),60610,41.89899799,-87.63592067,0,1,0,Canvass Re-Inspection,1949,FRANKLIN,567.8025,755.1739,399.6278,1265.8212,3,10.96%,89.04%,509
6575,6574,1396099,2288709,Risk 2 (Medium),60617,41.72244934,-87.56810109,0,1,0,License Re-Inspection,2005,95TH,2165.9724,687.0979,495.2155,2883.8103,3,10.96%,89.04%,510
2205,2204,1501628,1382730,Risk 1 (High),60615,41.79956946,-87.59631993,0,1,1,Canvass,1909,53RD,68.4551,479.6468,793.4642,1730.4193,3,10.97%,89.03%,511
1571,1570,1199406,83788,Risk 1 (High),60611,41.89953903,-87.623989,0,1,0,Canvass Re-Inspection,1972,MICHIGAN,120.1344,388.5289,506.3417,1098.9225,3,10.98%,89.02%,512
4614,4613,1491139,2060138,Risk 1 (High),60617,41.74116699,-87.58589024,1,1,0,Complaint,1948,STONY,366.1158,617.354,241.8089,3283.6087,3,10.99%,89.01%,513
3107,3106,1496587,1767714,Risk 1 (High),60622,41.91038686,-87.67683124,0,1,0,Complaint Re-Inspection,1909,NORTH,605.4317,276.6348,211.7003,1270.3299,3,10.99%,89.01%,514
7052,7051,1501757,2313921,Risk 1 (High),60610,41.89726884,-87.62836235,1,0,0,Canvass Re-Inspection,1967,STATE,153.242,493.6115,435.8168,1090.5737,3,11.00%,89.00%,515
6171,6170,1515242,2247256,Risk 1 (High),60610,41.90146341,-87.62848137,0,1,0,Canvass,1979,STATE,712.6198,548.441,302.8851,674.7792,3,11.01%,88.99%,516
5021,5020,1408249,2109678,Risk 1 (High),60642,41.90885466,-87.65225588,1,1,0,Complaint,1959,KINGSBURY,106.2372,1204.4676,862.8216,1305.0659,3,11.02%,88.98%,517
4537,4536,1363243,2043590,Risk 1 (High),60608,41.85630665,-87.66265895,1,1,0,Canvass,1879,BLUE,469.379,549.5021,310.8265,2701.4809,3,11.02%,88.98%,518
6782,6781,1385826,2299275,Risk 1 (High),60651,41.9026284,-87.71847814,0,1,0,Complaint Re-Inspection,1909,DIVISION,21087.1053,347.6347,325.3292,1781.8773,3,11.03%,88.97%,519
6554,6553,1515210,2284667,Risk 1 (High),60607,41.88157126,-87.6538079,0,1,0,Canvass,1951,MADISON,700.8379,524.7562,358.1459,1184.5818,3,11.03%,88.97%,520
2706,2705,1473935,1598128,Risk 1 (High),60640,41.96735088,-87.65888549,0,1,0,Complaint,1906,BROADWAY,687.0241,311.082,164.2353,1011.8446,3,11.05%,88.95%,521
2437,2436,1497397,1495171,Risk 1 (High),60613,41.95139015,-87.64946947,0,1,0,Canvass,1896,BROADWAY,373.0317,496.7861,455.9116,1842.6603,3,11.08%,88.92%,522
7635,7634,1387676,2355187,Risk 1 (High),60619,41.73652031,-87.60618645,0,1,0,License Re-Inspection,1992,87TH,57.1364,283.2376,671.3035,2759.0525,3,11.08%,88.92%,523
942,941,1441548,36251,Risk 1 (High),60657,41.93637251,-87.65413314,0,1,0,Canvass,1901,SHEFFIELD,85.8882,479.3082,370.3816,1735.541,3,11.12%,88.88%,524
57,56,1464494,1655,Risk 1 (High),60660,41.98352468,-87.65939689,0,1,0,Complaint Re-Inspection,1914,BRYN,118.3111,533.6025,636.3381,1294.8777,3,11.15%,88.85%,525
7467,7466,1480383,2341734,Risk 1 (High),60623,41.85193458,-87.72462254,0,1,0,Complaint,1909,PULASKI,222.3998,341.3635,359.2032,1479.8311,3,11.16%,88.84%,526
4638,4637,1155249,2064138,Risk 1 (High),60622,41.89591277,-87.67033934,0,1,0,Canvass Re-Inspection,1923,CHICAGO,184.4483,194.0396,461.1797,1625.1662,3,11.16%,88.84%,527
6345,6344,1199591,2269350,Risk 1 (High),60661,41.88103715,-87.64131323,0,1,0,Canvass Re-Inspection,1985,CLINTON,295.5517,1068.649,513.3808,895.4037,3,11.17%,88.83%,528
7392,7391,1199622,2340600,Risk 1 (High),60661,41.88110007,-87.64131524,0,1,0,Complaint Re-Inspection,1985,CLINTON,795.7058,1074.0741,504.1055,909.8405,3,11.18%,88.82%,529
4240,4239,1512329,2002759,Risk 1 (High),60625,41.96615793,-87.70120563,0,1,0,Canvass,1925,MANOR,21087.1053,925.3829,834.6459,1769.9367,3,11.19%,88.81%,530
1698,1697,1513020,1118829,Risk 1 (High),60622,41.91039719,-87.6761811,1,1,0,Canvass,1912,NORTH,342.9296,334.8649,169.8878,1305.2253,3,11.19%,88.81%,531
7485,7484,1439446,2342306,Risk 2 (Medium),60611,41.89406316,-87.62139584,0,1,0,Recent Inspection,1969,ERIE,287.8242,839.874,623.3945,1528.667,3,11.20%,88.80%,532
5550,5549,1494216,2157666,Risk 2 (Medium),60623,41.85166568,-87.72417435,0,1,0,Complaint,1916,CERMAK,749.409,451.7078,345.9774,1371.1942,3,11.20%,88.80%,533
714,713,1447354,29177,Risk 1 (High),60606,41.88140721,-87.63715509,0,1,0,Canvass Re-Inspection,1987,WACKER,307.5816,857.6522,683.5495,1146.2555,3,11.20%,88.80%,534
4996,4995,1480340,2108309,Risk 1 (High),60623,41.85166707,-87.72408696,0,1,0,Canvass,1916,CERMAK,254.1783,467.3925,347.2352,1359.1111,3,11.21%,88.79%,535
2954,2953,1307640,1696182,Risk 1 (High),60636,41.77511152,-87.68367904,0,1,0,Complaint,1924,WESTERN,323.6527,497.1216,155.5257,2230.2233,3,11.21%,88.79%,536
6796,6795,1501522,2299436,Risk 1 (High),60647,41.91122291,-87.67854694,0,1,0,Canvass,1909,MILWAUKEE,328.5534,383.0794,141.0395,1305.03,3,11.21%,88.79%,537
6787,6786,1482494,2299314,Risk 1 (High),60640,41.97309108,-87.6596322,0,1,0,Canvass Re-Inspection,1930,BROADWAY,1303.5298,342.8957,594.6544,1130.8709,3,11.22%,88.78%,538
4721,4720,1512250,2069775,Risk 1 (High),60607,41.86931407,-87.6562544,0,1,0,Canvass Re-Inspection,1879,Taylor,301.3224,563.108,593.8962,3146.8365,3,11.22%,88.78%,539
2112,2111,1482495,1336796,Risk 1 (High),60640,41.97296305,-87.65962862,0,1,0,Canvass Re-Inspection,1930,BROADWAY,550.3497,340.6283,579.814,1084.4956,3,11.23%,88.77%,540
2292,2291,1473965,1470960,Risk 1 (High),60610,41.89016137,-87.62884924,1,1,1,Short Form Complaint,1925,HUBBARD,443.0753,409.2671,784.4295,318.8124,3,11.23%,88.77%,541
6977,6976,1496647,2308808,Risk 2 (Medium),60622,41.91073661,-87.66792445,0,1,0,Short Form Complaint,1953,NORTH,1078.8776,397.0331,160.5032,625.4989,3,11.24%,88.76%,542
4784,4783,1501766,2079703,Risk 1 (High),60622,41.89604872,-87.67535123,0,1,0,Canvass,1907,CHICAGO,127.6222,290.5754,442.0661,1917.0719,3,11.25%,88.75%,543
3952,3951,1453672,1959931,Risk 1 (High),60605,41.8760741,-87.62618266,0,1,1,Canvass Re-Inspection,1886,Wabash,276.0588,664.8522,1197.337,1768.4902,3,11.25%,88.75%,544
507,506,1441261,22897,Risk 1 (High),60657,41.94161682,-87.65887368,0,0,0,Short Form Complaint,1891,RACINE,431.0767,416.053,512.4887,2120.9531,3,11.26%,88.74%,545
6210,6209,1512324,2252854,Risk 1 (High),60610,41.90353562,-87.63432059,0,1,0,Canvass Re-Inspection,1932,WELLS,347.3635,163.8952,298.5921,1744.589,3,11.28%,88.72%,546
4446,4445,1512851,2031862,Risk 1 (High),60647,41.91033293,-87.67971585,0,1,0,Complaint Re-Inspection,1930,NORTH,350.7999,522.9232,336.3274,1145.3216,3,11.28%,88.72%,547
6475,6474,1501240,2279057,Risk 1 (High),60653,41.80956704,-87.61644678,0,1,0,Canvass,2005,DR,323.3691,427.5281,552.6293,1681.5095,3,11.29%,88.71%,548
7299,7298,1464614,2328478,Risk 1 (High),60660,41.99014662,-87.65928408,0,1,0,Complaint,1916,THORNDALE,21087.1053,755.6078,377.9868,1828.9996,3,11.30%,88.70%,549
2669,2668,1501639,1594852,Risk 1 (High),60622,41.89595604,-87.68084203,0,1,0,Canvass,1921,CHICAGO,269.1302,514.513,360.535,1491.3861,3,11.30%,88.70%,550
6630,6629,1490413,2290055,Risk 1 (High),60629,41.77882758,-87.70543427,0,1,0,Canvass Re-Inspection,1922,63RD,140.2221,171.8265,928.2939,2959.5066,3,11.30%,88.70%,551
4320,4319,1199640,2013097,Risk 1 (High),60614,41.9217195,-87.66501942,0,1,0,Canvass,1890,WEBSTER,386.8451,428.0851,158.8962,1860.0997,3,11.30%,88.70%,552
2843,2842,1480309,1649402,Risk 1 (High),60623,41.83699686,-87.72298591,0,1,0,Canvass,1914,HARDING,422.738,397.0426,779.932,2158.5996,3,11.31%,88.69%,553
6167,6166,1512383,2247171,Risk 1 (High),60608,41.85793565,-87.66440106,0,1,0,Canvass,1887,18TH,285.9343,427.9749,394.2948,2817.9165,3,11.31%,88.69%,554
5530,5529,1199617,2156906,Risk 1 (High),60661,41.88199434,-87.63975868,1,1,0,Canvass,1988,MADISON,570.7504,1096.3383,654.4124,1134.8121,3,11.32%,88.68%,555
2474,2473,1447444,1515958,Risk 1 (High),60661,41.88199434,-87.63975868,0,1,0,Canvass Re-Inspection,1988,MADISON,520.7256,1096.3383,654.4124,1134.8121,3,11.32%,88.68%,556
1465,1464,1199461,71885,Risk 1 (High),60661,41.88199434,-87.63975868,0,1,0,Canvass Re-Inspection,1988,MADISON,424.972,1096.3383,654.4124,1134.8121,3,11.33%,88.67%,557
6761,6760,1199650,2298934,Risk 1 (High),60661,41.88199434,-87.63975868,0,1,0,Canvass Re-Inspection,1988,MADISON,388.3818,1096.3383,654.4124,1134.8121,3,11.33%,88.67%,558
6600,6599,1502005,2289412,Risk 1 (High),60622,41.90618801,-87.67719932,0,1,0,Canvass,1909,DAMEN,427.1119,239.1337,500.7608,1902.9069,3,11.33%,88.67%,559
666,665,1199547,27474,Risk 1 (High),60661,41.88199434,-87.63975868,0,1,0,Canvass Re-Inspection,1988,MADISON,311.1166,1096.3383,654.4124,1134.8121,3,11.33%,88.67%,560
3741,3740,1516027,1916363,Risk 1 (High),60607,41.86932679,-87.65549441,0,1,0,Canvass Re-Inspection,1879,TAYLOR,852.0158,686.8686,532.5696,3181.2159,3,11.34%,88.66%,561
3601,3600,1498053,1894000,Risk 1 (High),60605,41.86862204,-87.62426074,0,1,0,Canvass Re-Inspection,1969,MICHIGAN,312.725,658.137,446.9466,1641.9269,3,11.34%,88.66%,562
6072,6071,1199531,2240175,Risk 1 (High),60661,41.88199434,-87.63975868,0,0,0,Short Form Complaint,1988,MADISON,146.5903,1096.3383,654.4124,1134.8121,3,11.34%,88.66%,563
1580,1579,1439233,85096,Risk 1 (High),60611,41.90024876,-87.62711776,0,1,0,Canvass Re-Inspection,1993,RUSH,743.3869,273.569,386.1847,789.9054,3,11.34%,88.66%,564
6861,6860,1502034,2304445,Risk 1 (High),60632,41.81761822,-87.70420285,0,1,0,Canvass,1914,KEDZIE,143.0261,479.312,641.4855,2449.9977,3,11.36%,88.64%,565
2025,2024,1501573,1300627,Risk 1 (High),60614,41.91612704,-87.64828823,1,1,0,Complaint,1919,HALSTED,679.13,708.6406,78.1428,1486.2664,3,11.37%,88.63%,566
5910,5909,1512457,2203025,Risk 1 (High),60611,41.8949033,-87.62074373,0,1,0,Canvass,1979,HURON,399.5006,1034.8256,915.5311,1798.2631,3,11.37%,88.63%,567
5313,5312,1512468,2137886,Risk 1 (High),60615,41.79900326,-87.58389266,0,1,1,Canvass Re-Inspection,1917,HYDE,399.5006,601.8077,499.5589,1704.4828,3,11.39%,88.61%,568
4586,4585,1447607,2055067,Risk 1 (High),60606,41.87927284,-87.6341032,0,1,0,Canvass,2006,ADAMS,290.6762,718.9602,826.9488,1148.4368,3,11.40%,88.60%,569
6341,6340,1383425,2264029,Risk 1 (High),60607,41.8843852,-87.65493667,0,1,0,License Re-Inspection,1919,RANDOLPH,506.6231,538.4507,377.5288,2088.2985,3,11.40%,88.60%,570
5957,5956,1482433,2221581,Risk 1 (High),60640,41.96967995,-87.65498242,0,1,0,Canvass Re-Inspection,1929,SHERIDAN,496.0605,643.2411,621.1057,1359.988,3,11.41%,88.59%,571
3651,3650,1498079,1904287,Risk 1 (High),60625,41.9731385,-87.69131446,0,1,0,Complaint Re-Inspection,1905,LINCOLN,336.6037,545.2819,499.9431,1198.2746,3,11.42%,88.58%,572
4303,4302,1501853,2008835,Risk 1 (High),60622,41.89603793,-87.67606494,1,1,0,Canvass Re-Inspection,1912,CHICAGO,84.3662,274.0075,330.9702,1797.8865,3,11.42%,88.58%,573
4324,4323,1501254,2013226,Risk 1 (High),60647,41.91227322,-87.68062401,1,1,0,Canvass,1914,MILWAUKEE,979.2495,332.5534,335.877,1580.6617,3,11.42%,88.58%,574
1209,1208,1453650,49248,Risk 1 (High),60605,41.87525983,-87.62439667,0,1,1,Canvass Re-Inspection,1900,MICHIGAN,2326.0103,875.2091,1520.9597,2101.8103,3,11.43%,88.57%,575
4716,4715,1501360,2069677,Risk 1 (High),60641,41.93937235,-87.72734067,0,1,0,Canvass Re-Inspection,1925,Pulaski,515.4292,499.9648,584.4379,758.835,3,11.43%,88.57%,576
1524,1523,1482489,78919,Risk 1 (High),60640,41.96895857,-87.65636687,0,1,0,Canvass,1929,LAWRENCE,582.0562,494.4423,346.384,1058.4212,3,11.44%,88.56%,577
5119,5118,1482471,2121019,Risk 1 (High),60640,41.97340307,-87.65626263,0,1,0,Canvass Re-Inspection,1910,ARGYLE,226.5183,392.1767,511.5381,1603.4045,3,11.45%,88.55%,578
3957,3956,1441539,1960109,Risk 1 (High),60657,41.93877853,-87.64450312,1,1,0,Canvass Re-Inspection,1914,BROADWAY,513.4938,467.0247,81.841,1509.0591,3,11.46%,88.54%,579
7136,7135,1482490,2320163,Risk 1 (High),60640,41.97340592,-87.65601158,0,1,0,Canvass,1910,ARGYLE,257.5588,403.9704,537.5551,1648.3082,3,11.46%,88.54%,580
1910,1909,1496337,1228206,Risk 1 (High),60614,41.92584867,-87.64048642,0,1,0,Canvass Re-Inspection,1924,CLARK,525.938,389.5107,108.1493,1518.583,3,11.46%,88.54%,581
6339,6338,1387827,2263991,Risk 1 (High),60619,41.74542534,-87.60492672,0,1,0,Complaint Re-Inspection,2005,COTTAGE,341.1886,263.6893,308.0313,2300.8178,3,11.48%,88.52%,582
271,270,1482450,10235,Risk 1 (High),60640,41.97317177,-87.65714083,0,1,0,Canvass Re-Inspection,1916,ARGYLE,480.1895,388.3881,418.9281,1393.0308,3,11.48%,88.52%,583
6125,6124,1441545,2245890,Risk 1 (High),60657,41.93793979,-87.64447682,0,1,0,Canvass Re-Inspection,1911,BROADWAY,831.2004,342.7599,94.7052,1630.0654,3,11.48%,88.52%,584
1624,1623,1501460,1044714,Risk 1 (High),60610,41.90383566,-87.62882611,0,1,0,Canvass Re-Inspection,1945,STATE,454.7235,663.1345,98.1954,1433.8326,3,11.48%,88.52%,585
205,204,1501625,7246,Risk 1 (High),60622,41.89609015,-87.6728279,0,1,0,Canvass,1914,CHICAGO,915.489,462.4773,241.9809,1765.4223,3,11.49%,88.51%,586
7244,7243,1441405,2327130,Risk 1 (High),60657,41.93298721,-87.63652894,0,1,0,License Re-Inspection,1968,DIVERSEY,576.2221,1275.3771,841.2304,1441.2303,3,11.49%,88.51%,587
5552,5551,1482463,2157756,Risk 1 (High),60640,41.97340854,-87.65584324,0,1,0,Canvass Re-Inspection,1910,ARGYLE,247.6542,416.2433,545.5205,1679.4918,3,11.49%,88.51%,588
5936,5935,1447554,2203996,Risk 1 (High),60606,41.88326585,-87.63876082,0,1,0,Canvass Re-Inspection,1990,RIVERSIDE,201.568,912.0402,870.8016,1485.0439,3,11.50%,88.50%,589
468,467,1502073,21017,Risk 1 (High),60615,41.79510543,-87.58504595,1,1,1,Canvass,1888,55TH,327.9233,332.1661,348.0717,2237.4603,3,11.50%,88.50%,590
4883,4882,1441556,2092912,Risk 1 (High),60657,41.9397876,-87.65496629,0,1,0,Canvass Re-Inspection,1923,BELMONT,922.9803,320.0528,168.6049,1353.4386,3,11.53%,88.47%,591
6788,6787,1513027,2299316,Risk 1 (High),60614,41.92659312,-87.64865397,0,1,0,Canvass Re-Inspection,1938,HALSTED,342.9296,278.3221,211.0237,1294.4214,3,11.54%,88.46%,592
6568,6567,1401230,2284883,Risk 1 (High),60640,41.97339651,-87.65679875,0,1,0,Short Form Complaint,1916,ARGYLE,704.1698,367.2817,467.843,1513.2353,3,11.55%,88.45%,593
4964,4963,1501607,2099581,Risk 1 (High),60654,41.89383961,-87.63724782,0,1,0,Complaint Re-Inspection,1953,ERIE,354.0474,538.9358,332.7828,1587.2361,3,11.55%,88.45%,594
7514,7513,1512214,2349142,Risk 1 (High),60622,41.90282932,-87.69530161,0,1,0,Complaint,1911,DIVISION,471.7744,336.2759,444.0037,1747.5808,3,11.55%,88.45%,595
4609,4608,1482484,2059782,Risk 1 (High),60640,41.97249905,-87.66394438,0,1,0,Complaint,1921,ARGYLE,291.1634,595.1398,558.2336,1407.1083,3,11.56%,88.44%,596
1535,1534,1439533,80266,Risk 1 (High),60611,41.89172472,-87.6268666,0,1,0,Canvass Re-Inspection,1999,WABASH,383.3578,405.9468,528.927,1059.6947,3,11.56%,88.44%,597
204,203,1515237,7244,Risk 1 (High),60625,41.96736091,-87.68791398,0,1,0,Canvass,1915,LINCOLN,532.7118,510.9996,419.1969,1116.5777,3,11.56%,88.44%,598
6053,6052,1502159,2233148,Risk 1 (High),60617,41.72256578,-87.5763446,0,1,0,Canvass,2007,95TH,243.9496,671.4545,422.0756,3025.9363,3,11.57%,88.43%,599
6238,6237,1513127,2256141,Risk 1 (High),60629,41.76443416,-87.69279451,0,1,0,Complaint Re-Inspection,1954,71ST,587.2164,227.4959,442.0455,2242.3442,3,11.57%,88.43%,600
7147,7146,1464653,2320346,Risk 1 (High),60660,41.98374414,-87.65940409,0,1,0,Canvass,1925,BRYN,256.3869,531.6785,625.166,1374.0138,3,11.57%,88.43%,601
1054,1053,1473967,41230,Risk 1 (High),60608,41.83533622,-87.66583086,1,1,0,Short Form Complaint,1886,ASHLAND,448.8995,460.01,408.0059,3259.1669,3,11.58%,88.42%,602
6505,6504,1493284,2283318,Risk 1 (High),60601,41.88457966,-87.63375683,1,1,0,Short Form Complaint,1929,RANDOLPH,532.0276,175.3689,64.2508,1957.511,3,11.60%,88.40%,603
1069,1068,1199382,41816,Risk 1 (High),60611,41.8992486,-87.62427498,0,1,0,Canvass Re-Inspection,1988,MICHIGAN,410.1574,427.2495,459.0609,1195.6449,3,11.61%,88.39%,604
5131,5130,1493339,2124394,Risk 1 (High),60654,41.88893983,-87.64279889,1,1,0,Canvass Re-Inspection,2009,KINZIE,308.251,696.6202,666.3383,854.4496,3,11.62%,88.38%,605
5447,5446,1441568,2148023,Risk 1 (High),60657,41.94021952,-87.6445522,0,1,0,Canvass,1926,BROADWAY,954.0372,370.9997,119.7757,1435.7355,3,11.62%,88.38%,606
2299,2298,1512838,1473196,Risk 1 (High),60625,41.96655147,-87.68898885,0,1,0,Complaint Re-Inspection,1917,WESTERN,338.1075,376.9329,559.1478,1286.4294,3,11.63%,88.37%,607
3599,3598,1512546,1893928,Risk 1 (High),60632,41.81751836,-87.69434315,1,1,0,Short Form Complaint,1923,CALIFORNIA,303.0465,419.7693,560.4678,2509.974,3,11.63%,88.37%,608
5355,5354,1501526,2141345,Risk 1 (High),60654,41.89330674,-87.63350896,1,1,0,Canvass Re-Inspection,1973,ONTARIO,306.4852,635.9587,539.1426,1537.8303,3,11.64%,88.36%,609
2141,2140,1490459,1355797,Risk 1 (High),60654,41.89177251,-87.62831668,0,1,0,Complaint,2004,GRAND,363.235,287.0863,346.142,792.0233,3,11.65%,88.35%,610
6966,6965,1467513,2308660,Risk 1 (High),60607,41.86888416,-87.63939254,0,1,0,Complaint Re-Inspection,1963,CANAL,525.938,1235.4566,1128.6607,2590.443,3,11.67%,88.33%,611
4147,4146,1441569,1986215,Risk 1 (High),60657,41.94015821,-87.64455028,0,1,0,Canvass,1926,Broadway,98.1708,381.0034,114.4033,1434.9725,3,11.68%,88.32%,612
6595,6594,1434370,2289213,Risk 1 (High),60619,41.75841584,-87.60865015,0,1,0,License Re-Inspection,1919,75TH,5212.6998,385.7188,63.4525,3934.164,3,11.69%,88.31%,613
6867,6866,1490955,2304532,Risk 1 (High),60607,41.86919899,-87.66354974,0,1,0,License Re-Inspection,1889,TAYLOR,1147.4037,438.4017,577.1827,3218.7374,3,11.70%,88.30%,614
4938,4937,1199575,2098323,Risk 1 (High),60661,41.88559449,-87.64346246,1,1,0,Canvass Re-Inspection,2004,LAKE,21087.1053,439.9347,630.5516,1861.7994,3,11.71%,88.29%,615
6827,6826,1501943,2303880,Risk 1 (High),60609,41.82339003,-87.67223625,1,1,0,Canvass,1908,PERSHING,843.5443,996.0007,280.1433,2758.8779,3,11.71%,88.29%,616
98,97,1502118,3528,Risk 1 (High),60610,41.89427722,-87.63725825,0,1,0,Canvass Re-Inspection,1953,ORLEANS,103.1971,587.2644,364.4097,1728.2241,3,11.71%,88.29%,617
5855,5854,1453261,2197107,Risk 2 (Medium),60605,41.867537,-87.6263769,0,1,0,Canvass Re-Inspection,2006,ROOSEVELT,723.0056,185.0614,560.4124,1333.9759,3,11.72%,88.28%,618
5156,5155,1325080,2125165,Risk 1 (High),60624,41.88076974,-87.7311561,1,1,0,Complaint,1947,MADISON,1898.655,689.1334,376.7638,822.2812,3,11.72%,88.28%,619
2556,2555,1383477,1548267,Risk 1 (High),60601,41.88600583,-87.62082896,0,1,0,Canvass Re-Inspection,1986,COLUMBUS,924.5808,753.3002,442.0073,1472.9241,3,11.73%,88.27%,620
6868,6867,1490963,2304533,Risk 1 (High),60607,41.86919899,-87.66354974,0,0,0,License Re-Inspection,1889,TAYLOR,568.2099,438.4017,577.1827,3218.7374,3,11.73%,88.27%,621
2278,2277,1441298,1446902,Risk 2 (Medium),60657,41.9364147,-87.64412799,0,1,0,Short Form Complaint,1911,BROADWAY,395.6848,322.3978,248.862,1995.705,3,11.73%,88.27%,622
2555,2554,1482211,1548223,Risk 1 (High),60640,41.98046175,-87.66817984,0,1,0,Complaint,1915,CLARK,171.8136,479.3556,571.6326,1547.4029,3,11.73%,88.27%,623
5506,5505,1490728,2153453,Risk 1 (High),60614,41.93291622,-87.64460351,0,1,0,Complaint Re-Inspection,1926,DIVERSEY,291.6006,479.7155,185.4095,1642.7346,3,11.75%,88.25%,624
6272,6271,1307532,2262204,Risk 1 (High),60636,41.76319709,-87.6830526,0,1,0,Complaint,1956,WESTERN,986.9651,440.2945,132.4433,2107.4786,3,11.76%,88.24%,625
3704,3703,1395953,1909713,Risk 1 (High),60640,41.96606299,-87.65773412,0,1,0,Complaint Re-Inspection,1906,BROADWAY,206.7957,483.8779,177.9928,1561.4495,3,11.77%,88.23%,626
4850,4849,1401976,2088313,Risk 1 (High),60614,41.92506251,-87.63998415,0,1,0,Canvass Re-Inspection,1930,CLARK,464.5877,536.1296,255.201,1799.2958,3,11.77%,88.23%,627
5210,5209,1441297,2129878,Risk 1 (High),60657,41.93885202,-87.64421128,0,1,0,Complaint,1925,BROADWAY,572.0629,483.6184,104.0804,1547.6491,3,11.78%,88.22%,628
2267,2266,1502071,1445861,Risk 1 (High),60652,41.74988031,-87.68619277,0,1,0,Canvass Re-Inspection,1950,79TH,466.784,894.4579,772.1389,3048.19,3,11.78%,88.22%,629
7375,7374,1453487,2334788,Risk 1 (High),60605,41.87517906,-87.62747379,0,1,0,License Re-Inspection,2004,STATE,654.412,488.5315,1028.9554,1886.7189,3,11.80%,88.20%,630
3117,3116,1325347,1768967,Risk 1 (High),60644,41.88710407,-87.76560082,0,1,0,Canvass Re-Inspection,1899,CORCORAN,532.7194,257.5894,604.741,1596.4153,3,11.80%,88.20%,631
4824,4823,1482496,2084574,Risk 1 (High),60640,41.97464568,-87.65997018,0,1,0,Canvass Re-Inspection,1927,BROADWAY,663.8698,511.2513,702.5821,1692.9796,3,11.81%,88.19%,632
7599,7598,1512465,2354488,Risk 1 (High),60632,41.81530744,-87.68937057,0,1,0,License Re-Inspection,1924,ROCKWELL,623.615,370.4784,555.2625,2716.5136,3,11.81%,88.19%,633
4631,4630,1512263,2060873,Risk 1 (High),60605,41.87448906,-87.6273653,0,1,0,Canvass Re-Inspection,2004,HARRISON,147.2007,404.863,942.7076,1786.3387,3,11.82%,88.18%,634
3587,3586,1447557,1893197,Risk 1 (High),60606,41.88374822,-87.63666184,0,1,0,Canvass Re-Inspection,1980,WACKER,329.5875,552.4413,691.23,1766.7811,3,11.82%,88.18%,635
7376,7375,1453488,2334789,Risk 1 (High),60605,41.87517906,-87.62747379,0,0,0,License Re-Inspection,2004,STATE,199.4118,488.5315,1028.9554,1886.7189,3,11.83%,88.17%,636
6619,6618,1447615,2289863,Risk 1 (High),60606,41.87779165,-87.63652434,0,1,0,Complaint,1990,WACKER,57.4282,1051.6041,525.9496,1384.0448,3,11.83%,88.17%,637
2898,2897,1501998,1678622,Risk 1 (High),60625,41.96685269,-87.6873091,0,1,0,Canvass,1911,LINCOLN,272.3658,444.3166,382.9617,1360.5079,3,11.84%,88.16%,638
1097,1096,1496354,43281,Risk 1 (High),60608,41.83421149,-87.66580032,1,1,0,Complaint,1888,ASHLAND,517.3219,475.4885,163.401,3121.5714,3,11.84%,88.16%,639
336,335,1513188,13520,Risk 1 (High),60608,41.85260827,-87.6559632,0,1,0,Complaint Re-Inspection,1964,CERMAK,476.3008,1236.2843,851.7087,2293.1712,3,11.84%,88.16%,640
6570,6569,1491165,2284889,Risk 1 (High),60641,41.96070465,-87.73956935,0,1,0,Complaint,1918,MONTROSE,288.2914,841.3197,578.7771,795.5139,3,11.84%,88.16%,641
7089,7088,1497430,2314518,Risk 1 (High),60654,41.89329935,-87.63403946,0,1,0,License,1973,ONTARIO,274.8345,624.3703,480.49,1629.5164,3,11.87%,88.13%,642
1789,1788,1501855,1145333,Risk 1 (High),60643,41.70842853,-87.65556642,0,1,0,Canvass,1991,VINCENNES,268.8341,1148.5291,555.5916,2791.872,3,11.88%,88.12%,643
1621,1620,1501931,1044092,Risk 1 (High),60623,41.8443147,-87.72817992,0,1,0,Complaint Re-Inspection,1914,26TH,247.4007,654.6544,461.566,2033.9582,3,11.88%,88.12%,644
5494,5493,1447532,2153065,Risk 1 (High),60606,41.88525273,-87.63406352,0,1,0,Canvass,1946,WELLS,248.4519,227.8561,276.8216,2053.5621,3,11.89%,88.11%,645
5667,5666,1512801,2178017,Risk 1 (High),60625,41.96641309,-87.68693719,0,1,0,Canvass Re-Inspection,1906,LINCOLN,432.294,340.3482,399.2479,1549.9619,3,11.90%,88.10%,646
119,118,1496912,3769,Risk 1 (High),60657,41.93766503,-87.64446752,0,1,0,Canvass Re-Inspection,1925,BROADWAY,477.0403,325.8442,132.1269,1680.0704,3,11.90%,88.10%,647
2999,2998,1453629,1718249,Risk 2 (Medium),60604,41.87739694,-87.62751493,1,1,1,Complaint,1911,STATE,831.2004,474.0265,711.0218,1165.2678,3,11.91%,88.09%,648
7568,7567,1497111,2350335,Risk 1 (High),60632,41.8085319,-87.6855906,0,1,0,License Re-Inspection,1919,47TH,638.9695,681.4005,552.6636,2981.5765,3,11.91%,88.09%,649
1893,1892,1447434,1225539,Risk 1 (High),60606,41.88195188,-87.63662035,0,1,0,Canvass Re-Inspection,2001,WACKER,600.348,645.4049,600.1874,1318.1889,3,11.92%,88.08%,650
1835,1834,1493914,1170058,Risk 2 (Medium),60643,41.72107314,-87.66489837,0,1,0,Complaint Re-Inspection,1994,95TH,356.6485,755.2434,662.0053,2676.1501,3,11.92%,88.08%,651
1807,1806,1482442,1166474,Risk 1 (High),60640,41.97319036,-87.65575296,0,1,0,Canvass Re-Inspection,1927,W,410.5913,446.8024,528.0372,1638.7825,3,11.93%,88.07%,652
1826,1825,1467512,1168258,Risk 1 (High),60607,41.88155996,-87.6543724,0,1,1,Short Form Complaint,1869,MADISON,525.938,586.0085,445.7734,1319.4724,3,11.95%,88.05%,653
2547,2546,1502189,1546681,Risk 1 (High),60615,41.79507542,-87.58752074,0,1,1,Canvass,1929,55TH,440.059,485.5001,538.5943,1917.678,3,11.95%,88.05%,654
7011,7010,1325360,2313558,Risk 2 (Medium),60644,41.89173613,-87.74554516,0,1,0,Canvass,1899,CICERO,469.2186,481.6277,290.9065,1529.4556,3,11.95%,88.05%,655
1570,1569,1513195,83774,Risk 1 (High),60625,41.96474029,-87.70850368,0,1,0,Canvass,1914,KEDZIE,21087.1053,828.9616,243.4637,1774.7181,3,11.95%,88.05%,656
6286,6285,1497522,2262496,Risk 1 (High),60611,41.89239475,-87.62641534,1,1,0,Complaint,1999,OHIO,195.6324,607.2081,517.2874,1309.2929,3,11.96%,88.04%,657
6840,6839,1494115,2304161,Risk 1 (High),60657,41.94497417,-87.64565976,0,1,0,Canvass,1921,BROADWAY,285.2833,203.7464,494.8155,2163.3593,3,11.97%,88.03%,658
1487,1486,1513068,75380,Risk 1 (High),60614,41.92493349,-87.6765583,0,1,0,Canvass Re-Inspection,1891,FULLERTON,376.7573,669.9968,163.9398,2137.0418,3,11.98%,88.02%,659
2057,2056,1482492,1329966,Risk 1 (High),60640,41.96678036,-87.66690609,0,1,0,Canvass,1901,CLARK,1127.4264,792.2345,346.0519,1906.2344,3,11.98%,88.02%,660
6686,6685,1385700,2293891,Risk 1 (High),60639,41.91696265,-87.73366744,0,1,0,Canvass Re-Inspection,1890,ARMITAGE,122.0782,415.3913,349.8624,1713.5921,3,11.98%,88.02%,661
4419,4418,1434408,2027137,Risk 1 (High),60610,41.90947419,-87.63480392,0,1,0,Canvass,1968,WELLS,396.5767,741.5721,209.704,1321.6287,3,11.99%,88.01%,662
7322,7321,1473278,2333281,Risk 2 (Medium),60608,41.85782113,-87.67198407,0,1,0,License Re-Inspection,1894,18TH,172.6207,731.6342,230.1038,2853.5719,3,11.99%,88.01%,663
5920,5919,1459401,2203443,Risk 1 (High),60613,41.95392191,-87.64995563,0,1,0,Complaint,1911,BROADWAY,94.1091,526.4156,234.0706,1900.6915,3,12.00%,88.00%,664
594,593,1494116,24698,Risk 2 (Medium),60620,41.73637382,-87.62723156,1,0,0,Consultation,1974,87TH,314.4447,436.0676,489.36,3305.4644,3,12.00%,88.00%,665
1071,1070,1497593,41897,Risk 1 (High),60632,41.80167003,-87.70393836,1,1,0,Complaint,1942,KEDZIE,691.3691,897.0566,676.1968,2531.0001,3,12.00%,88.00%,666
6469,6468,1513184,2278971,Risk 1 (High),60610,41.91018443,-87.63482698,0,1,0,License Re-Inspection,1967,WELLS,130.5298,693.2463,187.5502,1315.6524,3,12.01%,87.99%,667
4494,4493,1512868,2037284,Risk 1 (High),60647,41.92648029,-87.69760793,1,1,0,Canvass,1912,CALIFORNIA,444.0596,612.8017,324.3035,1637.7694,3,12.01%,87.99%,668
6139,6138,1441506,2246405,Risk 1 (High),60657,41.94457997,-87.65410165,0,1,0,Canvass Re-Inspection,1921,SHEFFIELD,247.3027,472.8343,445.3472,2007.7071,3,12.02%,87.98%,669
6427,6426,1473340,2277843,Risk 1 (High),60640,41.97994675,-87.66813912,0,1,0,License Re-Inspection,1925,CLARK,290.2084,441.2145,546.0272,1530.4515,3,12.02%,87.98%,670
2188,2187,1501464,1381330,Risk 1 (High),60632,41.82347497,-87.68918179,0,1,0,Complaint Re-Inspection,1888,ARCHER,524.9933,342.5061,547.0303,3519.0046,3,12.03%,87.97%,671
6428,6427,1473341,2277844,Risk 3 (Low),60640,41.97994675,-87.66813912,0,0,0,License Re-Inspection,1925,CLARK,97.0038,441.2145,546.0272,1530.4515,3,12.03%,87.97%,672
2724,2723,1501630,1618402,Risk 1 (High),60613,41.95416858,-87.65468311,0,1,0,Canvass,1905,SHERIDAN,394.7865,334.719,391.7841,2203.5683,3,12.04%,87.96%,673
1518,1517,1441574,78414,Risk 1 (High),60657,41.94154269,-87.67012443,0,1,0,Canvass Re-Inspection,1972,LINCOLN,255.66,472.1411,242.6477,563.1957,3,12.05%,87.95%,674
6706,6705,1497502,2294203,Risk 1 (High),60647,41.9319441,-87.70360324,1,1,0,Canvass,1914,DIVERSEY,510.4865,381.4523,179.2385,1343.5902,3,12.06%,87.94%,675
7091,7090,1441520,2314537,Risk 1 (High),60657,41.93829231,-87.64907347,0,1,0,Canvass,1995,HALSTED,332.3181,380.0474,452.2093,671.4285,3,12.06%,87.94%,676
423,422,1453691,18241,Risk 1 (High),60604,41.87802566,-87.63206229,1,1,1,Short Form Complaint,1930,JACKSON,274.5625,624.1859,812.6473,912.7323,3,12.07%,87.93%,677
7476,7475,1385574,2341987,Risk 1 (High),60644,41.8915461,-87.74583187,0,1,0,Complaint,1903,CICERO,560.6699,467.8387,276.3903,1517.7815,3,12.07%,87.93%,678
3951,3950,1493216,1959848,Risk 1 (High),60610,41.89989401,-87.63715074,0,1,0,Canvass Re-Inspection,2006,ORLEANS,253.0653,626.6608,495.2262,1010.7695,3,12.07%,87.93%,679
1862,1861,1497591,1196091,Risk 1 (High),60609,41.79623488,-87.63040492,1,1,0,Complaint,1924,WENTWORTH,239.8413,555.407,844.6512,4185.9902,3,12.08%,87.92%,680
3455,3454,1501519,1873308,Risk 1 (High),60632,41.79595669,-87.7034796,0,1,0,Complaint Re-Inspection,1924,KEDZIE,314.6651,385.9039,603.5354,2957.4851,3,12.09%,87.91%,681
4207,4206,1512206,1997612,Risk 1 (High),60613,41.95315754,-87.65435899,0,1,0,Canvass,1913,SHERIDAN,344.1338,422.2263,448.2043,2148.936,3,12.09%,87.91%,682
2274,2273,1439432,1446691,Risk 1 (High),60611,41.89361392,-87.62287233,1,1,0,Recent Inspection,1987,ST,1185.3761,806.5305,367.4147,1531.6801,3,12.09%,87.91%,683
4905,4904,1439606,2093836,Risk 1 (High),60611,41.8974266,-87.62711023,1,1,0,Canvass,1994,PEARSON,348.2306,299.8013,303.6304,1224.0965,3,12.09%,87.91%,684
2781,2780,1453503,1646051,Risk 2 (Medium),60610,41.89869627,-87.63710466,0,1,1,Canvass Re-Inspection,1891,ORLEANS,558.5189,689.6442,517.002,1134.642,3,12.12%,87.88%,685
2395,2394,1434775,1490864,Risk 1 (High),60610,41.89095521,-87.63420044,0,1,0,Complaint Re-Inspection,2004,WELLS,1352.0575,610.5347,443.6226,1195.5333,3,12.12%,87.88%,686
4157,4156,1395445,1986578,Risk 1 (High),60618,41.94310044,-87.67909521,0,1,0,Consultation,1891,ROSCOE,318.5346,269.2485,121.0632,2017.1204,3,12.13%,87.87%,687
2910,2909,1441476,1679785,Risk 1 (High),60657,41.93983739,-87.65166555,1,1,0,Canvass,2007,BELMONT,472.3059,278.3703,459.5992,457.0191,3,12.14%,87.86%,688
7441,7440,1385515,2341108,Risk 2 (Medium),60612,41.86712611,-87.69606668,0,1,0,License Re-Inspection,1931,CALIFORNIA,374.445,601.4986,487.169,2130.1387,3,12.15%,87.85%,689
2073,2072,1115235,1331991,Risk 1 (High),60638,41.79300599,-87.78197456,0,1,0,Canvass Re-Inspection,1935,NARRAGANSETT,331.713,968.1092,787.7026,1956.6689,3,12.16%,87.84%,690
5742,5741,1387736,2185442,Risk 1 (High),60619,41.74440376,-87.60489923,1,1,1,Canvass,1928,COTTAGE,91.4777,291.7617,455.3948,2241.9143,3,12.16%,87.84%,691
2807,2806,1496832,1648010,Risk 1 (High),60649,41.76518952,-87.5761331,0,1,1,Canvass Re-Inspection,1950,JEFFERY,435.4469,430.5865,564.3232,2121.4031,3,12.18%,87.82%,692
1757,1756,1441491,1142007,Risk 1 (High),60657,41.93645017,-87.65055245,0,1,0,Canvass Re-Inspection,1965,WELLINGTON,473.9986,620.3094,404.8383,1302.3125,3,12.18%,87.82%,693
5389,5388,1453653,2146203,Risk 1 (High),60604,41.87801449,-87.63318903,1,1,1,Canvass Re-Inspection,1928,JACKSON,399.2756,596.89,886.9672,1130.3971,3,12.20%,87.80%,694
1388,1387,1464602,64463,Risk 1 (High),60626,42.01027404,-87.67409926,0,1,0,Canvass Re-Inspection,1916,CLARK,677.6935,966.1182,257.0985,1118.5623,3,12.21%,87.79%,695
1061,1060,1464315,41581,Risk 1 (High),60626,42.00788364,-87.66150962,0,1,0,Complaint,1938,SHERIDAN,295.4779,384.5219,504.3757,1185.4741,3,12.22%,87.78%,696
3106,3105,1512513,1767699,Risk 1 (High),60622,41.89554365,-87.69684454,0,1,0,Canvass,1909,CHICAGO,216.4453,584.2812,298.0791,2123.6492,3,12.23%,87.77%,697
4265,4264,1501962,2004043,Risk 1 (High),60647,41.93039231,-87.70980518,0,1,0,Canvass,1931,MILWAUKEE,119.3269,211.1044,265.6022,1160.2852,3,12.24%,87.76%,698
7161,7160,1447585,2320599,Risk 1 (High),60606,41.87725919,-87.63504134,0,1,0,Canvass,1989,FRANKLIN,283.2713,762.6207,470.6722,1683.2904,3,12.24%,87.76%,699
5705,5704,1512367,2184051,Risk 1 (High),60610,41.90390274,-87.63837089,0,1,0,Canvass Re-Inspection,2006,DIVISION,463.1435,445.9162,950.2533,1644.9539,3,12.25%,87.75%,700
6635,6634,1515304,2290163,Risk 1 (High),60606,41.87721319,-87.63504063,0,1,0,Canvass,1989,FRANKLIN,633.7289,768.6135,461.906,1693.3836,3,12.25%,87.75%,701
2202,2201,1480401,1382568,Risk 1 (High),60623,41.83725399,-87.7097778,0,1,0,Canvass Re-Inspection,1904,31ST,250.3679,328.5444,363.9498,2721.7783,3,12.26%,87.74%,702
6365,6364,1488222,2269679,Risk 1 (High),60608,41.84078798,-87.65946451,0,1,0,Canvass,1893,ARCHER,349.9167,676.9471,302.6507,3487.7216,3,12.26%,87.74%,703
304,303,1435248,12233,Risk 1 (High),60614,41.93284071,-87.64851625,0,1,0,Complaint Re-Inspection,1970,DIVERSEY,212.8469,508.1276,233.1332,1111.1443,3,12.27%,87.73%,704
4368,4367,1385708,2017992,Risk 1 (High),60651,41.89895832,-87.73616747,0,1,0,Complaint Re-Inspection,1924,AUGUSTA,271.2952,420.4061,342.3515,1354.766,3,12.27%,87.73%,705
576,575,1512264,23515,Risk 1 (High),60647,41.92634244,-87.70272439,0,1,0,Canvass Re-Inspection,1926,MILWAUKEE,205.2203,648.3453,517.0129,1697.4847,3,12.28%,87.72%,706
2317,2316,1515206,1473524,Risk 2 (Medium),60609,41.80861852,-87.67481801,0,1,0,Complaint Re-Inspection,1905,47TH,350.4694,374.4447,455.3131,3569.2706,3,12.29%,87.71%,707
4799,4798,1464664,2083683,Risk 1 (High),60660,41.99799565,-87.66822426,0,1,0,Canvass,1900,DEVON,357.8425,589.5418,295.5404,1761.3276,3,12.30%,87.70%,708
2942,2941,1501826,1695069,Risk 1 (High),60622,41.91021895,-87.66753454,0,1,1,Canvass Re-Inspection,1879,ASHLAND,211.7622,278.5538,229.1761,675.8372,3,12.31%,87.69%,709
4798,4797,1515294,2083473,Risk 1 (High),60613,41.95239653,-87.67769352,0,1,0,Complaint,1912,LINCOLN,395.6848,742.3888,361.5705,1905.4407,3,12.32%,87.68%,710
3326,3325,1493918,1823654,Risk 2 (Medium),60644,41.88671843,-87.74535162,0,1,0,Complaint Re-Inspection,1912,LAKE,305.8521,526.6007,511.3967,1827.5588,3,12.32%,87.68%,711
2785,2784,1512929,1646219,Risk 1 (High),60625,41.96122536,-87.70839695,0,1,0,Canvass Re-Inspection,1955,KEDZIE,448.5588,388.9346,405.8598,624.1014,3,12.33%,87.67%,712
479,478,1441345,21439,Risk 1 (High),60657,41.94555069,-87.64904996,0,1,0,Complaint Re-Inspection,1924,CORNELIA,121.3326,334.7542,152.056,1880.2659,3,12.33%,87.67%,713
5646,5645,1459587,2177367,Risk 1 (High),60618,41.94290894,-87.69641884,0,1,0,Complaint Re-Inspection,1950,ROSCOE,500.8164,1090.9886,861.4007,1560.4287,3,12.33%,87.67%,714
350,349,1453521,14622,Risk 1 (High),60605,41.87305558,-87.62741781,1,1,1,Complaint,1930,STATE,345.8193,464.3322,888.888,1317.0044,3,12.34%,87.66%,715
1055,1054,1439636,41329,Risk 1 (High),60611,41.89685832,-87.6258292,1,1,0,Complaint,1989,RUSH,616.6823,279.759,368.8304,1612.4953,3,12.34%,87.66%,716
1981,1980,1387682,1273266,Risk 2 (Medium),60619,41.73661397,-87.61444973,1,0,0,Short Form Complaint,1969,87TH,156.6392,782.5825,579.7857,3899.8741,3,12.35%,87.65%,717
5055,5054,1515495,2114541,Risk 1 (High),60661,41.88418751,-87.64111967,0,1,0,Canvass Re-Inspection,2000,CLINTON,531.539,799.3478,698.9896,1672.9061,3,12.36%,87.64%,718
2208,2207,1498176,1383038,Risk 1 (High),60618,41.96108855,-87.70625258,0,1,0,Canvass,1927,MONTROSE,403.8183,566.4158,283.1365,1093.7303,3,12.37%,87.63%,719
4544,4543,1494133,2048536,Risk 1 (High),60618,41.96122792,-87.71396543,1,1,0,Complaint,1912,MONTROSE,580.9735,447.6393,161.7947,1167.6936,3,12.37%,87.63%,720
2722,2721,1512436,1618184,Risk 1 (High),60625,41.96663446,-87.69380645,1,1,0,Canvass Re-Inspection,1918,LELAND,235.6354,699.4982,470.1421,1604.9308,3,12.38%,87.62%,721
3686,3685,1512585,1909350,Risk 1 (High),60607,41.88317183,-87.6521331,0,1,0,Canvass,2008,WASHINGTON,130.7077,497.0249,609.4519,1293.6117,3,12.39%,87.61%,722
5149,5148,1512785,2124977,Risk 1 (High),60616,41.83833303,-87.63257554,0,1,0,Canvass,2009,31ST,521.4371,420.795,521.4734,1875.6015,3,12.39%,87.61%,723
2237,2236,1498042,1441937,Risk 1 (High),60625,41.96674457,-87.67927391,1,1,0,Canvass Re-Inspection,1924,DAMEN,667.2815,302.1685,702.9425,2024.7931,3,12.42%,87.58%,724
4456,4455,1490724,2032271,Risk 1 (High),60632,41.81846434,-87.69688004,0,1,0,Canvass Re-Inspection,1922,ARCHER,249.3283,387.7528,112.4647,2514.7784,3,12.42%,87.58%,725
6099,6098,1512490,2245232,Risk 1 (High),60614,41.92135264,-87.67366719,0,0,0,License Re-Inspection,1953,WEBSTER,591.4663,795.2931,382.5529,1520.8418,3,12.43%,87.57%,726
6100,6099,1512485,2245234,Risk 1 (High),60614,41.92135264,-87.67366719,0,1,0,License Re-Inspection,1953,WEBSTER,422.2847,795.2931,382.5529,1520.8418,3,12.44%,87.56%,727
5601,5600,1490524,2163633,Risk 1 (High),60647,41.92738885,-87.70442806,0,1,0,Suspected Food Poisoning Re-inspection,1916,MILWAUKEE,327.5006,533.2132,180.9628,1586.329,3,12.44%,87.56%,728
2442,2441,1513022,1495422,Risk 2 (Medium),60616,41.83794125,-87.64579539,1,0,1,Consultation,1898,31ST,448.4704,480.019,562.1205,1748.4266,3,12.44%,87.56%,729
6952,6951,1467273,2308392,Risk 1 (High),60661,41.88431283,-87.64112327,0,1,0,License Re-Inspection,2000,CLINTON,250.3679,783.221,676.6763,1699.8921,3,12.45%,87.55%,730
5598,5597,1453632,2163546,Risk 1 (High),60605,41.86683145,-87.62566961,0,1,0,Canvass Re-Inspection,2006,WABASH,363.6043,396.1995,399.0693,1650.6087,3,12.46%,87.54%,731
6951,6950,1467272,2308391,Risk 1 (High),60661,41.88431283,-87.64112327,0,1,0,License Re-Inspection,2000,CLINTON,134.0437,783.221,676.6763,1699.8921,3,12.46%,87.54%,732
6870,6869,1493562,2304557,Risk 1 (High),60608,41.84832466,-87.67343416,0,1,0,License Re-Inspection,2005,WOLCOTT,268.2737,1272.7975,878.5519,1735.6533,3,12.47%,87.53%,733
988,987,1496998,38005,Risk 1 (High),60609,41.80863043,-87.67361893,1,1,0,Canvass Re-Inspection,1899,47TH,552.7257,396.6703,271.1256,3624.5816,3,12.48%,87.52%,734
6360,6359,1383450,2269629,Risk 2 (Medium),60601,41.88416745,-87.62260337,1,0,0,Short Form Complaint,2006,RANDOLPH,236.1045,879.4206,542.26,1676.0027,3,12.48%,87.52%,735
7346,7345,1199662,2333848,Risk 1 (High),60661,41.88305289,-87.6446886,0,1,0,Canvass Re-Inspection,1988,WASHINGTON,628.1161,794.3582,486.6873,1719.7659,3,12.48%,87.52%,736
6780,6779,1447502,2299237,Risk 1 (High),60606,41.88435558,-87.63463655,0,1,0,Canvass,1966,RANDOLPH,235.5986,338.8792,254.9605,2028.1909,3,12.49%,87.51%,737
2438,2437,1497890,1495215,Risk 1 (High),60625,41.96802693,-87.71349958,0,1,0,Canvass Re-Inspection,1907,KIMBALL,203.4838,400.0422,328.6985,1479.0515,3,12.49%,87.51%,738
5092,5091,1501725,2119949,Risk 1 (High),60622,41.90720855,-87.67228168,0,1,0,Complaint Re-Inspection,1979,MILWAUKEE,790.4741,313.2193,336.3158,1191.8619,3,12.52%,87.48%,739
6708,6707,1464668,2294234,Risk 1 (High),60660,41.99347585,-87.66022731,0,1,0,Canvass Re-Inspection,1914,BROADWAY,933.323,360.8142,390.7327,1934.2571,3,12.53%,87.47%,740
7009,7008,1502194,2313501,Risk 1 (High),60622,41.90529477,-87.66927286,0,1,0,Canvass,1949,MILWAUKEE,519.8809,155.9982,213.2855,1726.0273,3,12.53%,87.47%,741
5419,5418,1453652,2146985,Risk 1 (High),60605,41.86593104,-87.6214942,0,1,0,Canvass,2005,PRAIRIE,851.2069,774.2287,741.8535,2199.3277,3,12.55%,87.45%,742
3432,3431,1387743,1869232,Risk 1 (High),60619,41.74553394,-87.60522315,1,1,1,Complaint,1926,COTTAGE,211.9682,250.3838,267.1577,2317.7899,3,12.55%,87.45%,743
2503,2502,1441536,1520673,Risk 1 (High),60657,41.93983429,-87.65188242,0,1,1,Canvass Re-Inspection,1906,BELMONT,668.903,299.1028,467.1167,515.7146,3,12.55%,87.45%,744
2083,2082,1473800,1332670,Risk 1 (High),60640,41.98172337,-87.66828766,0,1,0,Complaint Re-Inspection,1925,CLARK,156.7317,700.437,426.9953,1716.312,3,12.55%,87.45%,745
2280,2279,1512652,1447323,Risk 1 (High),60609,41.80866777,-87.6697689,1,1,0,Canvass,1924,47TH,745.368,570.8612,312.3878,3276.6692,3,12.58%,87.42%,746
1226,1225,1515541,50158,Risk 1 (High),60607,41.88135321,-87.66591594,0,1,0,Canvass Re-Inspection,1996,MADISON,318.3997,405.8496,587.9564,1497.5728,3,12.59%,87.41%,747
7360,7359,1480242,2334226,Risk 1 (High),60623,41.85540289,-87.69870754,0,1,0,License Re-Inspection,1949,19TH,328.0662,633.68,674.8255,2361.6776,3,12.59%,87.41%,748
4878,4877,1488235,2092846,Risk 1 (High),60608,41.8380891,-87.65129461,0,1,0,Canvass,1955,31ST,513.4912,366.9244,512.9952,2869.49,3,12.60%,87.40%,749
2266,2265,1496448,1445845,Risk 1 (High),60602,41.88238074,-87.62422863,1,1,1,Complaint,1899,MICHIGAN,497.6886,495.7288,343.6858,1441.8097,3,12.61%,87.39%,750
3467,3466,1482493,1874133,Risk 1 (High),60640,41.97941448,-87.66814328,1,1,0,Complaint,1941,CLARK,298.4871,411.0166,489.2533,1553.9337,3,12.61%,87.39%,751
2041,2040,1464579,1303855,Risk 1 (High),60626,41.99820081,-87.67078848,0,1,0,Canvass,1911,CLARK,1083.27,807.8537,381.1663,1828.9318,3,12.61%,87.39%,752
3825,3824,1502098,1937525,Risk 1 (High),60611,41.89341477,-87.62600662,0,1,0,Complaint,2005,ONTARIO,944.6389,844.2925,511.2031,1652.5105,3,12.62%,87.38%,753
836,835,1512947,33590,Risk 1 (High),60610,41.91085671,-87.64510166,0,1,0,Canvass Re-Inspection,1990,NORTH,238.8804,664.2771,399.2296,1390.9892,3,12.62%,87.38%,754
5476,5475,1482360,2152669,Risk 1 (High),60640,41.97575632,-87.66851901,0,1,0,Canvass Re-Inspection,1901,CLARK,344.1338,549.794,195.0705,2050.6652,3,12.62%,87.38%,755
2768,2767,1498080,1622351,Risk 1 (High),60641,41.94467796,-87.72749565,0,1,0,Canvass,1912,PULASKI,1902.0659,381.4166,544.255,1835.823,3,12.62%,87.38%,756
3608,3607,1441502,1898062,Risk 1 (High),60657,41.93991143,-87.6608327,0,1,0,Canvass Re-Inspection,1956,BELMONT,146.5903,365.0752,743.4162,2041.3159,3,12.64%,87.36%,757
2822,2821,1512290,1649163,Risk 1 (High),60611,41.89658772,-87.62670544,0,1,0,Complaint,2005,CHICAGO,321.271,137.658,410.0163,1533.2271,3,12.65%,87.35%,758
3606,3605,1496538,1894644,Risk 1 (High),60632,41.79357416,-87.70698872,0,1,0,Complaint,1925,55TH,517.3228,554.8276,540.6198,3220.7459,3,12.65%,87.35%,759
3834,3833,1501586,1938066,Risk 1 (High),60618,41.94207713,-87.68839243,0,1,0,Canvass Re-Inspection,1961,WESTERN,280.5943,789.0523,441.2681,1180.4787,3,12.66%,87.34%,760
2129,2128,1501320,1352481,Risk 1 (High),60618,41.93902061,-87.72425158,0,1,0,Canvass Re-Inspection,1910,BELMONT,121.6704,649.9854,224.5653,1525.4949,3,12.66%,87.34%,761
1005,1004,1501814,38844,Risk 1 (High),60647,41.91723821,-87.71141424,1,1,0,Canvass Re-Inspection,1954,ARMITAGE,317.0589,621.8172,276.01,1077.5196,3,12.66%,87.34%,762
7044,7043,1434401,2313793,Risk 1 (High),60625,41.96807735,-87.70860692,0,1,0,License Re-Inspection,1919,KEDZIE,115.7501,787.4166,378.2735,1455.2234,3,12.68%,87.32%,763
6792,6791,1501521,2299403,Risk 1 (High),60613,41.95701306,-87.65476211,0,1,0,Canvass,1957,SHERIDAN,288.6725,253.5474,520.2108,1712.1205,3,12.68%,87.32%,764
7352,7351,1498001,2334077,Risk 1 (High),60618,41.94328755,-87.68161181,0,1,0,Canvass,1913,ROSCOE,721.1318,322.1179,201.4874,2019.8493,3,12.68%,87.32%,765
2423,2422,1501726,1493675,Risk 1 (High),60632,41.79358263,-87.70643689,0,1,0,Canvass Re-Inspection,1929,55TH,124.6543,519.3034,590.2751,3225.6302,3,12.69%,87.31%,766
2963,2962,1482497,1697154,Risk 1 (High),60640,41.9688869,-87.67762523,1,1,0,Complaint,1928,LAWRENCE,784.8012,313.6342,430.4788,1810.7173,3,12.70%,87.30%,767
6973,6972,1467356,2308785,Risk 1 (High),60607,41.88343796,-87.64872378,0,1,0,License Re-Inspection,2006,GREEN,766.7752,426.2303,342.3059,1300.1429,3,12.70%,87.30%,768
2917,2916,1439563,1680507,Risk 1 (High),60611,41.89681404,-87.62627782,1,1,0,Short Form Complaint,2005,CHICAGO,466.9076,202.8877,362.3893,1541.0655,3,12.73%,87.27%,769
3636,3635,1473876,1903285,Risk 1 (High),60620,41.72896519,-87.66301107,0,1,1,Suspected Food Poisoning,1900,ASHLAND,444.3455,234.9494,202.9757,2306.2338,3,12.74%,87.26%,770
928,927,1441583,35507,Risk 1 (High),60657,41.94650676,-87.67327031,0,1,0,Canvass Re-Inspection,1928,LINCOLN,413.925,744.8544,388.1299,2019.6771,3,12.75%,87.25%,771
1676,1675,1501985,1092597,Risk 1 (High),60632,41.82014352,-87.69460124,1,1,0,Canvass,1924,ARCHER,192.8466,426.2905,285.0484,2917.6786,3,12.76%,87.24%,772
7151,7150,1385617,2320422,Risk 1 (High),60651,41.89548303,-87.72538177,0,1,0,Complaint Re-Inspection,1924,CHICAGO,245.5019,551.967,566.3898,2124.259,3,12.76%,87.24%,773
5234,5233,1496442,2133665,Risk 2 (Medium),60613,41.96001995,-87.64690603,0,0,0,Short Form Complaint,1962,MARINE,3528.1037,1039.5678,155.0603,1385.5537,3,12.77%,87.23%,774
7332,7331,1467475,2333513,Risk 1 (High),60607,41.88668169,-87.64826444,0,0,0,License Re-Inspection,2008,FULTON,430.0838,718.9283,376.5837,1298.2975,3,12.78%,87.22%,775
7116,7115,1496928,2319805,Risk 2 (Medium),60601,41.8846042,-87.62675949,0,1,0,Canvass Re-Inspection,1990,RANDOLPH,566.0367,506.3145,294.4841,1895.7447,3,12.79%,87.21%,776
3971,3970,1493214,1963621,Risk 2 (Medium),60616,41.83119241,-87.6192892,1,1,0,Short Form Complaint,1984,35TH,521.4371,671.1073,121.0336,2413.85,3,12.80%,87.20%,777
2935,2934,1467506,1694688,Risk 1 (High),60607,41.8673415,-87.64141414,1,1,0,Canvass Re-Inspection,1964,ROOSEVELT,337.301,1195.7076,766.6438,2924.3248,3,12.82%,87.18%,778
5533,5532,1512847,2156947,Risk 1 (High),60620,41.75061951,-87.6344093,0,1,1,Complaint,1968,VINCENNES,296.7605,395.5817,491.8994,1478.6245,3,12.83%,87.17%,779
1374,1373,1497670,63191,Risk 1 (High),60611,41.89679057,-87.62438066,0,1,0,Canvass Re-Inspection,2001,MICHIGAN,500.8789,420.2854,325.288,1670.422,3,12.85%,87.15%,780
3087,3086,1512363,1766064,Risk 1 (High),60629,41.78651025,-87.70320844,1,1,0,Canvass,1925,KEDZIE,129.5754,189.1048,284.166,3183.7529,3,12.86%,87.14%,781
1840,1839,1482434,1172055,Risk 1 (High),60640,41.9649141,-87.66115774,0,1,0,Canvass Re-Inspection,1929,MAGNOLIA,413.4781,406.4763,176.5311,1830.585,3,12.86%,87.14%,782
5610,5609,1464363,2163841,Risk 1 (High),60660,41.9947006,-87.65718306,0,1,0,Complaint Re-Inspection,1949,GRANVILLE,286.5325,416.3265,853.0212,1997.0276,3,12.86%,87.14%,783
4257,4256,1441570,2003512,Risk 1 (High),60657,41.93831552,-87.66698474,0,1,0,Canvass,1999,LINCOLN,46.3991,597.4277,568.0893,1024.6267,3,12.87%,87.13%,784
5143,5142,1501332,2124762,Risk 1 (High),60608,41.85179281,-87.69538205,1,1,0,Canvass Re-Inspection,1984,CERMAK,941.1165,404.1113,286.1981,1492.7443,3,12.87%,87.13%,785
3849,3848,1501790,1942409,Risk 1 (High),60608,41.84625846,-87.64871182,0,1,0,Canvass Re-Inspection,2008,ARCHER,64.4617,1479.076,784.0847,2161.503,3,12.88%,87.12%,786
2809,2808,1497405,1648134,Risk 1 (High),60625,41.9718562,-87.67913255,0,1,0,Complaint,1923,DAMEN,1200.9135,810.0082,376.1559,1911.583,3,12.89%,87.11%,787
1356,1355,1372683,61210,Risk 1 (High),60602,41.88347312,-87.62772975,1,1,1,Complaint,1914,STATE,481.3451,428.8483,451.7466,1408.5777,3,12.90%,87.10%,788
6999,6998,1497149,2309137,Risk 3 (Low),60647,41.92454423,-87.71294963,0,1,0,License Re-Inspection,1915,FULLERTON,465.3687,535.684,179.7288,1840.2798,3,12.90%,87.10%,789
1354,1353,1496272,61208,Risk 1 (High),60602,41.88347312,-87.62772975,0,1,1,Complaint Re-Inspection,1914,STATE,311.7278,428.8483,451.7466,1408.5777,3,12.91%,87.09%,790
6000,5999,1497527,2231880,Risk 1 (High),60642,41.91077497,-87.65046085,0,1,0,Complaint Re-Inspection,1998,NORTH,575.1941,910.696,291.4124,1230.1743,3,12.92%,87.08%,791
676,675,1199596,27874,Risk 1 (High),60614,41.911619,-87.63457796,1,1,0,Canvass,2007,WELLS,546.0044,474.624,372.1514,1378.7447,3,12.93%,87.07%,792
2304,2303,1473929,1473486,Risk 2 (Medium),60613,41.95425825,-87.66321604,0,0,0,Short Form Complaint,1953,IRVING,269.3617,560.0743,781.3322,2170.5844,3,12.93%,87.07%,793
4534,4533,1199629,2043502,Risk 1 (High),60661,41.88559429,-87.642526,0,1,0,Complaint Re-Inspection,2005,LAKE,632.0108,558.8022,520.5576,1746.6295,3,12.95%,87.05%,794
4532,4531,1459962,2043451,Risk 1 (High),60632,41.80548202,-87.71804072,0,1,0,Canvass Re-Inspection,1959,ARCHER,461.5033,455.9437,518.4146,2463.9304,3,12.97%,87.03%,795
5621,5620,1501449,2164189,Risk 1 (High),60613,41.95091428,-87.65967683,0,1,0,Canvass Re-Inspection,1913,CLARK,163.6711,412.1545,73.4806,2261.4658,3,12.99%,87.01%,796
4914,4913,1497703,2094076,Risk 1 (High),60625,41.97196943,-87.67913614,0,1,0,Complaint Re-Inspection,1923,DAMEN,389.0177,844.0819,360.2921,1923.6871,3,12.99%,87.01%,797
1386,1385,1512360,64371,Risk 1 (High),60614,41.92568726,-87.64095824,0,1,0,Complaint,1972,FULLERTON,323.1816,389.3582,92.7374,1593.1095,3,13.01%,86.99%,798
6116,6115,1501626,2245702,Risk 1 (High),60607,41.86427438,-87.64668907,1,1,0,Canvass,2005,HALSTED,419.311,914.3385,531.0079,1919.3636,3,13.02%,86.98%,799
243,242,1497807,8932,Risk 1 (High),60647,41.9176765,-87.6872657,0,1,0,Canvass Re-Inspection,1931,WESTERN,620.1141,374.3747,246.0698,2095.0765,3,13.02%,86.98%,800
2178,2177,1464329,1379788,Risk 1 (High),60660,41.99448186,-87.65710042,1,1,0,Complaint Re-Inspection,1953,GRANVILLE,384.3598,440.0168,845.4786,2021.3358,3,13.03%,86.97%,801
6004,6003,1501595,2231999,Risk 1 (High),60632,41.80220192,-87.723845,0,1,0,Canvass,1963,ARCHER,196.7687,925.2244,756.0094,2619.5032,3,13.03%,86.97%,802
5094,5093,1512949,2120075,Risk 1 (High),60629,41.78707418,-87.70322295,0,1,0,Canvass Re-Inspection,1934,KEDZIE,337.5136,103.4661,375.0621,3244.5694,3,13.05%,86.95%,803
1940,1939,1441499,1247283,Risk 1 (High),60657,41.9375441,-87.64446343,0,1,0,Canvass Re-Inspection,1965,BROADWAY,182.8577,326.5083,165.2831,1703.4833,3,13.08%,86.92%,804
3757,3756,1372502,1926507,Risk 1 (High),60606,41.8852892,-87.63554689,0,0,0,Canvass Re-Inspection,1990,FRANKLIN,209.4126,512.4247,415.668,2101.744,3,13.09%,86.91%,805
2014,2013,1387626,1299625,Risk 2 (Medium),60619,41.72184468,-87.62306052,0,1,1,Complaint Re-Inspection,1971,95TH,505.6889,703.3881,536.7113,2053.1323,3,13.09%,86.91%,806
813,812,1439506,33152,Risk 1 (High),60611,41.89475437,-87.62439435,0,1,0,Short Form Complaint,1989,MICHIGAN,431.6786,706.1353,344.545,2105.5533,3,13.11%,86.89%,807
1924,1923,1325340,1244636,Risk 1 (High),60644,41.88673641,-87.76494671,0,1,0,Canvass,1930,CENTRAL,153.1084,163.0574,549.3012,1809.9672,3,13.12%,86.88%,808
4723,4722,1385548,2069859,Risk 2 (Medium),60651,41.8948147,-87.75630216,0,1,0,Complaint Re-Inspection,1904,CHICAGO,479.8811,512.4441,318.5725,2093.7698,3,13.13%,86.87%,809
4902,4901,1515498,2093693,Risk 1 (High),60607,41.8655994,-87.64701786,0,1,0,Canvass Re-Inspection,2005,HALSTED,1068.9717,1184.8223,798.0352,2316.2104,3,13.15%,86.85%,810
7373,7372,1467417,2334691,Risk 1 (High),60607,41.86954627,-87.65550099,0,1,0,License Re-Inspection,1938,TAYLOR,288.7269,690.2574,535.17,3237.7308,3,13.17%,86.83%,811
3925,3924,1445238,1954329,Risk 1 (High),60654,41.88792073,-87.63235953,0,1,1,Canvass,1954,LA,168.2768,380.378,717.4325,993.4387,3,13.20%,86.80%,812
4334,4333,1496654,2013434,Risk 1 (High),60639,41.92449645,-87.73488884,0,1,0,Canvass Re-Inspection,1914,FULLERTON,476.637,315.8702,453.8932,2126.1709,3,13.22%,86.78%,813
3345,3344,1515486,1841301,Risk 1 (High),60607,41.86490157,-87.64629229,0,1,0,Canvass,2005,MAXWELL,1068.9717,1039.2784,567.9856,2136.6867,3,13.25%,86.75%,814
1638,1637,1501750,1045365,Risk 1 (High),60632,41.81693529,-87.69984014,0,1,0,Canvass Re-Inspection,1978,ARCHER,248.3096,644.226,407.3245,2245.6294,3,13.26%,86.74%,815
4675,4674,1115258,2065455,Risk 1 (High),60652,41.74385143,-87.72158716,0,1,0,Canvass Re-Inspection,1962,PULASKI,386.9278,517.577,687.0121,3340.2118,3,13.28%,86.72%,816
5547,5546,1513201,2157547,Risk 1 (High),60610,41.90396761,-87.63462793,0,1,1,Canvass Re-Inspection,1876,WELLS,762.3489,308.3108,237.4208,1917.7727,3,13.29%,86.71%,817
2104,2103,1453574,1335519,Risk 1 (High),60607,41.87343457,-87.66643368,0,1,0,Canvass Re-Inspection,1988,ASHLAND,406.4517,1321.5285,1017.755,2649.7434,3,13.29%,86.71%,818
3024,3023,1512914,1738777,Risk 1 (High),60614,41.92706415,-87.64867086,0,1,0,Canvass Re-Inspection,2006,HALSTED,1636.4195,280.9583,180.8109,1129.3505,3,13.29%,86.71%,819
7017,7016,1490934,2313654,Risk 1 (High),60643,41.69210916,-87.68131144,0,0,0,Short Form Complaint,1954,WESTERN,21087.1053,414.3833,1106.3849,5882.1684,3,13.29%,86.71%,820
1190,1189,1512738,48206,Risk 1 (High),60654,41.89438889,-87.63428942,0,1,0,Canvass Re-Inspection,1988,WELLS,253.1018,658.1463,230.1981,1980.4132,3,13.30%,86.70%,821
6279,6278,1439592,2262339,Risk 1 (High),60611,41.89497951,-87.62439997,0,1,0,Canvass Re-Inspection,1991,MICHIGAN,341.9992,646.4156,332.7992,2174.4046,3,13.30%,86.70%,822
953,952,1473523,36827,Risk 1 (High),60610,41.90414746,-87.62882996,0,1,1,Canvass Re-Inspection,1891,STATE,876.1792,670.642,120.6588,1544.5893,3,13.31%,86.69%,823
1359,1358,1497299,61234,Risk 1 (High),60610,41.88804059,-87.62817066,1,1,1,Canvass Re-Inspection,1973,STATE,485.201,372.0885,813.975,870.6136,3,13.32%,86.68%,824
3414,3413,1491034,1868302,Risk 1 (High),60625,41.96606614,-87.70825397,0,1,0,Complaint,1920,KEDZIE,874.3756,724.2372,282.2595,1810.4962,3,13.32%,86.68%,825
3894,3893,1439648,1948632,Risk 1 (High),60605,41.87392528,-87.6308034,1,1,1,Consultation,1911,CLARK,291.0642,572.4906,167.6776,1447.0554,3,13.33%,86.67%,826
30,29,1493963,990,Risk 1 (High),60632,41.82023097,-87.69487471,0,1,0,Suspected Food Poisoning Re-inspection,1942,40TH,262.5114,374.5684,277.0838,2930.3739,3,13.34%,86.66%,827
5017,5016,1441447,2109272,Risk 1 (High),60657,41.93270303,-87.66825941,0,1,0,Canvass Re-Inspection,1988,ASHLAND,579.1567,544.7623,122.3734,1092.9769,3,13.35%,86.65%,828
1437,1436,1515404,69257,Risk 1 (High),60625,41.97583113,-87.71106023,0,1,0,Canvass Re-Inspection,1905,FOSTER,757.89,679.9656,474.9734,2241.6791,3,13.36%,86.64%,829
1605,1604,1441585,1042276,Risk 1 (High),60657,41.93270303,-87.66825941,0,1,0,Canvass Re-Inspection,1988,ASHLAND,310.8175,544.7623,122.3734,1092.9769,3,13.36%,86.64%,830
5963,5962,1286380,2222204,Risk 1 (High),60605,41.86570261,-87.62396591,0,1,0,Canvass Re-Inspection,2006,Michigan,272.0089,359.5406,370.2873,2270.2046,3,13.39%,86.61%,831
2683,2682,1501346,1595804,Risk 1 (High),60618,41.95384602,-87.70204329,0,1,0,Canvass,1926,IRVING,411.878,481.2844,198.0047,1828.8149,3,13.39%,86.61%,832
2462,2461,1494194,1514802,Risk 1 (High),60610,41.9041507,-87.63463644,0,1,1,Canvass Re-Inspection,1876,WELLS,341.1666,366.4301,233.1027,1970.045,3,13.41%,86.59%,833
7824,7823,1515408,2369036,Risk 1 (High),60607,41.87694912,-87.63415934,0,1,1,License Re-Inspection,1926,VAN,353.7129,689.9015,551.3673,1587.1935,3,13.43%,86.57%,834
6017,6016,1515257,2232346,Risk 2 (Medium),60649,41.76349106,-87.58640665,1,1,1,Short Form Complaint,1994,STONY,466.0616,201.199,572.4797,1990.2654,3,13.46%,86.54%,835
3838,3837,1497662,1938611,Risk 1 (High),60643,41.67761706,-87.66311315,1,1,0,Canvass,2009,119th,468.3783,1015.5811,1692.7213,5085.1642,3,13.48%,86.52%,836
5002,5001,1512486,2108499,Risk 1 (High),60641,41.95917287,-87.72693117,0,1,0,Canvass,1910,ELSTON,565.9562,441.6864,252.2064,1909.1749,3,13.49%,86.51%,837
4548,4547,1473865,2048672,Risk 1 (High),60654,41.88752864,-87.63264684,1,1,1,Canvass Re-Inspection,1954,LA,238.6574,403.4372,679.7189,1153.4794,3,13.51%,86.49%,838
5174,5173,1424507,2125799,Risk 1 (High),60630,41.96903671,-87.72790483,0,1,0,Canvass,1916,PULASKI,376.4157,902.2462,370.8255,1800.568,3,13.51%,86.49%,839
3486,3485,1497896,1874917,Risk 1 (High),60625,41.96827686,-87.71472509,0,1,0,Canvass,1924,LAWRENCE,378.5134,309.0815,55.1276,1484.509,3,13.52%,86.48%,840
1594,1593,1515223,86985,Risk 1 (High),60613,41.96152382,-87.66603986,1,1,0,Canvass,1995,MONTROSE,342.4862,485.3255,629.5545,1420.7398,3,13.53%,86.47%,841
4448,4447,1501689,2031962,Risk 2 (Medium),60617,41.72235445,-87.57577806,0,1,1,Short Form Complaint,1959,95th,382.6457,512.5155,364.3852,3038.0632,3,13.58%,86.42%,842
3524,3523,1387828,1883591,Risk 2 (Medium),60619,41.75109065,-87.61001848,0,1,1,Complaint Re-Inspection,1940,79TH,102.0043,387.7867,228.6253,2541.3688,3,13.59%,86.41%,843
3995,3994,1496939,1965180,Risk 1 (High),60622,41.90024592,-87.68710609,0,1,1,Complaint Re-Inspection,1904,Western,56.4148,391.2601,377.6541,1021.6882,3,13.60%,86.40%,844
3138,3137,1307422,1771161,Risk 1 (High),60636,41.76789332,-87.66401897,0,1,0,Complaint Re-Inspection,2007,ASHLAND,268.7069,394.1286,119.7334,2498.1591,3,13.62%,86.38%,845
678,677,1464515,28008,Risk 1 (High),60626,42.00667979,-87.6614182,0,1,0,Complaint Re-Inspection,1973,SHERIDAN,91.4332,414.113,585.2481,1508.7997,3,13.63%,86.37%,846
3156,3155,1501330,1798425,Risk 1 (High),60625,41.96853043,-87.68692173,0,1,0,Canvass,1997,LAWRENCE,415.5575,743.3209,536.7616,993.7842,3,13.65%,86.35%,847
4410,4409,1501994,2026743,Risk 1 (High),60654,41.89160128,-87.62979671,1,1,1,Canvass,1978,DEARBORN,518.4067,530.2426,523.7725,586.1454,3,13.68%,86.32%,848
2971,2970,1363245,1698821,Risk 1 (High),60608,41.86703956,-87.64724496,0,1,0,Complaint,2005,ROOSEVELT,163.6814,1457.0714,962.7807,2785.5672,3,13.68%,86.32%,849
2306,2305,1393304,1473489,Risk 2 (Medium),60614,41.92510715,-87.66338691,0,1,0,Complaint,1974,FULLERTON,310.7945,332.6942,344.4834,2007.1515,3,13.69%,86.31%,850
6591,6590,1385855,2289081,Risk 2 (Medium),60651,41.89476878,-87.76205776,1,1,0,Short Form Complaint,1932,CHICAGO,1128.3137,499.8844,386.7215,1922.495,3,13.70%,86.30%,851
3338,3337,1497064,1841043,Risk 1 (High),60616,41.85406377,-87.62696054,0,1,1,Complaint Re-Inspection,1953,STATE,310.7945,555.1655,787.6026,1820.6113,3,13.72%,86.28%,852
1331,1330,1501507,59263,Risk 1 (High),60657,41.94615313,-87.65550003,0,1,0,Complaint,1947,CLARK,165.2517,489.7524,154.0038,2242.4675,3,13.73%,86.27%,853
305,304,1387597,12280,Risk 1 (High),60619,41.7514313,-87.60211213,0,1,1,Canvass Re-Inspection,1936,79TH,991.3249,227.6087,291.6106,2949.7594,3,13.75%,86.25%,854
4070,4069,1473987,1979125,Risk 1 (High),60641,41.95929323,-87.72792705,0,1,0,Short Form Complaint,1917,PULASKI,470.1122,320.7663,445.8483,2171.4303,3,13.77%,86.23%,855
2667,2666,1325069,1594765,Risk 1 (High),60612,41.86766669,-87.70585473,0,1,1,Complaint,1894,KEDZIE,206.6456,515.1294,388.8235,1413.4367,3,13.78%,86.22%,856
414,413,1497588,18135,Risk 2 (Medium),60616,41.83806,-87.63665959,1,0,1,Short Form Complaint,1978,31ST,328.9692,743.2446,612.1623,1152.565,3,13.78%,86.22%,857
187,186,1393311,6771,Risk 1 (High),60614,41.92374168,-87.66831941,1,0,0,Consultation,1985,ASHLAND,361.6832,621.8945,501.3726,1970.8833,3,13.81%,86.19%,858
689,688,1387677,28477,Risk 2 (Medium),60619,41.75160323,-87.58656543,0,1,1,Short Form Complaint,1994,79TH,451.6906,709.3484,763.9206,2517.8508,3,13.81%,86.19%,859
1691,1690,1497554,1095974,Risk 1 (High),60632,41.79398242,-87.7233278,0,1,0,Complaint Re-Inspection,1956,PULASKI,166.4913,500.5362,517.9575,3141.6034,3,13.89%,86.11%,860
263,262,1496402,9731,Risk 1 (High),60625,41.9746992,-87.69207965,0,1,0,Complaint,1956,LINCOLN,508.2457,871.7033,501.1933,1803.4265,3,13.89%,86.11%,861
4104,4103,1498146,1980239,Risk 1 (High),60643,41.72087804,-87.67871272,0,1,0,Complaint Re-Inspection,1947,95TH,340.5315,609.85,514.1236,4607.0324,3,13.89%,86.11%,862
7123,7122,1496343,2319929,Risk 1 (High),60638,41.79319309,-87.77911601,0,1,0,Canvass Re-Inspection,1974,ARCHER,144.0599,912.2265,748.9484,2299.4865,3,13.90%,86.10%,863
2330,2329,1482415,1474638,Risk 1 (High),60640,41.9689665,-87.67143451,0,1,0,Canvass Re-Inspection,1974,LAWRENCE,363.4407,617.828,496.2448,1787.238,3,13.92%,86.08%,864
7513,7512,1512480,2349137,Risk 1 (High),60652,41.7452078,-87.70241338,0,1,0,Canvass Re-Inspection,1954,KEDZIE,224.4578,795.8016,528.2543,3942.9061,3,13.93%,86.07%,865
3594,3593,1434682,1893555,Risk 2 (Medium),60622,41.90316856,-87.67164495,0,1,1,Canvass Re-Inspection,1896,DIVISION,693.5385,311.0513,285.5859,1496.6489,3,13.93%,86.07%,866
949,948,1512237,36468,Risk 1 (High),60643,41.69422065,-87.6810859,0,1,0,Canvass Re-Inspection,1957,WESTERN,457.9511,298.7501,1110.7471,5414.6936,3,13.97%,86.03%,867
1892,1891,1497068,1225507,Risk 1 (High),60630,41.96833625,-87.72788337,0,1,0,Canvass Re-Inspection,1923,PULASKI,477.0358,971.205,322.0082,1895.6929,3,13.97%,86.03%,868
7054,7053,1515540,2313937,Risk 2 (Medium),60652,41.74160421,-87.70232034,0,1,0,Complaint,1957,KEDZIE,297.6944,599.4706,417.6223,3838.1758,3,13.99%,86.01%,869
5734,5733,1402201,2185108,Risk 1 (High),60616,41.83827011,-87.63746078,0,1,1,Canvass Re-Inspection,1998,31ST,354.0474,846.9959,677.2315,936.0506,3,13.99%,86.01%,870
2947,2946,1464619,1695369,Risk 1 (High),60645,42.00419503,-87.69019677,0,1,0,Canvass Re-Inspection,1957,WESTERN,402.0808,575.5034,984.7311,2190.0047,3,14.00%,86.00%,871
40,39,1434910,1219,Risk 1 (High),60660,41.9893336,-87.66039461,0,0,0,Recent Inspection,1971,BROADWAY,51.6408,830.9653,372.9977,1679.789,3,14.00%,86.00%,872
5921,5920,1513205,2203444,Risk 1 (High),60614,41.92526694,-87.66771876,1,1,0,Canvass,1988,FULLERTON,142.7463,470.0353,335.5309,1833.1066,3,14.01%,85.99%,873
5195,5194,1512839,2129525,Risk 1 (High),60616,41.84989157,-87.63209186,1,1,1,Canvass,1961,WENTWORTH,530.125,632.4145,253.6236,1186.9295,3,14.02%,85.98%,874
5015,5014,1501849,2109222,Risk 1 (High),60657,41.9374331,-87.64846483,0,1,1,Canvass Re-Inspection,1925,CLARK,301.5352,388.9713,371.6127,1024.4369,3,14.03%,85.97%,875
7389,7388,1502198,2340467,Risk 1 (High),60643,41.69166663,-87.68083409,0,1,0,Canvass,1940,111TH,904.5383,395.2937,1160.6579,5896.9971,3,14.03%,85.97%,876
2187,2186,1464488,1381227,Risk 1 (High),60660,41.99564933,-87.67559802,1,1,0,Complaint Re-Inspection,1972,RIDGE,653.1151,547.6314,827.9071,2028.5814,3,14.07%,85.93%,877
5959,5958,1307704,2221641,Risk 1 (High),60629,41.77885938,-87.70340468,0,1,0,Canvass,1997,63RD,539.5158,279.6577,572.0611,2935.9382,3,14.09%,85.91%,878
720,719,1467497,29507,Risk 1 (High),60607,41.87211261,-87.64130525,0,1,1,Canvass Re-Inspection,1922,POLK,167.769,1267.0012,1353.1129,2951.7222,3,14.10%,85.90%,879
3198,3197,1512272,1801597,Risk 1 (High),60618,41.9461364,-87.68809568,0,1,0,Canvass,1979,WESTERN,211.1133,351.3237,494.6436,1818.3069,3,14.12%,85.88%,880
5829,5828,1501337,2196595,Risk 1 (High),60622,41.90332445,-87.67582545,0,1,1,Complaint,1894,DIVISION,368.9837,383.5525,340.2006,1661.0964,3,14.15%,85.85%,881
4643,4642,1471455,2064446,Risk 1 (High),60634,41.95279144,-87.78765634,1,1,0,Canvass,1895,Irving,446.8679,1095.8283,1386.1635,3207.8705,3,14.17%,85.83%,882
5521,5520,1402089,2156671,Risk 1 (High),60640,41.97315619,-87.65831549,0,1,1,Canvass Re-Inspection,1901,ARGYLE,253.2737,342.7003,455.2772,1238.0351,3,14.18%,85.82%,883
2325,2324,1387678,1474116,Risk 2 (Medium),60619,41.73675993,-87.5888417,1,1,1,Short Form Complaint,2005,87TH,321.0618,656.1034,804.8769,2680.7186,3,14.18%,85.82%,884
1870,1869,1474064,1197450,Risk 1 (High),60614,41.91893142,-87.66089422,0,1,0,Canvass Re-Inspection,1989,CLYBOURN,429.3424,849.0004,111.1712,1785.2544,3,14.18%,85.82%,885
5083,5082,1441535,2115273,Risk 1 (High),60657,41.94396697,-87.65373707,0,1,1,Canvass,1896,CLARK,396.3019,461.5855,530.7537,1767.3686,3,14.18%,85.82%,886
7040,7039,1497914,2313774,Risk 1 (High),60641,41.95276148,-87.74744675,0,1,0,Canvass,1905,CICERO,630.2438,561.0079,613.6088,2665.9419,3,14.18%,85.82%,887
4051,4050,1480333,1974745,Risk 1 (High),60612,41.88124146,-87.67428253,0,1,0,Canvass Re-Inspection,1994,MADISON,202.125,1030.858,741.9947,2600.4629,3,14.18%,85.82%,888
5299,5298,1497893,2137377,Risk 1 (High),60618,41.94682722,-87.69268374,0,1,0,Canvass Re-Inspection,1989,ADDISON,322.5211,932.3785,635.2177,1741.1646,3,14.22%,85.78%,889
12,11,1501929,276,Risk 1 (High),60610,41.90403823,-87.62950232,1,1,1,Canvass,1930,DIVISION,307.8487,643.2824,273.0594,1477.807,3,14.22%,85.78%,890
3788,3787,1497580,1928342,Risk 1 (High),60632,41.81310105,-87.72392832,0,1,0,Canvass,1985,PULASKI,697.5694,869.9542,908.9541,3058.5613,3,14.27%,85.73%,891
20,19,1512348,700,Risk 1 (High),60610,41.90774284,-87.63446079,0,1,1,Canvass Re-Inspection,1915,WELLS,339.1766,814.904,69.8943,1466.6433,3,14.28%,85.72%,892
1504,1503,1501406,76943,Risk 1 (High),60620,41.73592705,-87.64616369,0,1,1,Canvass,1989,87TH,143.2009,355.9357,363.4762,1816.3614,3,14.29%,85.71%,893
5331,5330,1513122,2138320,Risk 1 (High),60617,41.73717523,-87.57507779,0,1,1,Canvass Re-Inspection,1998,87TH,334.1532,551.9671,688.7012,2958.5724,3,14.32%,85.68%,894
3094,3093,1385836,1766492,Risk 2 (Medium),60651,41.89557001,-87.71637707,1,1,0,Short Form Complaint,1974,CHICAGO,522.5316,511.0417,394.2612,2037.7964,3,14.33%,85.67%,895
6425,6424,1501631,2277799,Risk 1 (High),60609,41.8105071,-87.67531164,1,1,0,Canvass,1965,DAMEN,356.8366,678.0039,684.244,3903.9606,3,14.33%,85.67%,896
986,985,1482231,37911,Risk 1 (High),60640,41.96871895,-87.67359188,0,1,0,Complaint Re-Inspection,1980,LAWRENCE,916.4813,700.84,416.706,1819.5392,3,14.33%,85.67%,897
753,752,1482480,30984,Risk 1 (High),60640,41.96406155,-87.65462506,0,1,0,Canvass Re-Inspection,1989,SHERIDAN,332.3181,817.3387,470.6006,1970.027,3,14.35%,85.65%,898
2953,2952,1502203,1696176,Risk 1 (High),60641,41.95359543,-87.74147723,1,1,0,Canvass,1931,IRVING,750.6048,661.3082,710.9926,2427.1952,3,14.35%,85.65%,899
6555,6554,1515512,2284694,Risk 1 (High),60614,41.92512769,-87.66204067,0,1,0,Canvass,1988,FULLERTON,1068.9717,424.3922,80.9622,1860.3526,3,14.35%,85.65%,900
4253,4252,1501447,2003331,Risk 1 (High),60647,41.91729424,-87.70654529,1,1,0,Canvass Re-Inspection,1999,ARMITAGE,408.5588,408.9676,299.0911,1362.4614,3,14.36%,85.64%,901
2044,2043,1372553,1304863,Risk 1 (High),60601,41.88464637,-87.6172485,0,1,1,Canvass Re-Inspection,1963,RANDOLPH,420.6563,927.0133,779.5754,1851.5823,3,14.41%,85.59%,902
3053,3052,1501924,1741527,Risk 1 (High),60623,41.85095796,-87.72477522,0,1,1,Canvass,1914,OGDEN,484.7361,492.6164,398.0171,1370.7882,3,14.47%,85.53%,903
2247,2246,1501404,1443930,Risk 1 (High),60616,41.83637183,-87.62638079,1,1,1,Short Form Complaint,1953,STATE,87.9652,1214.2879,1062.1865,2782.8001,3,14.54%,85.46%,904
6013,6012,1464453,2232338,Risk 1 (High),60660,41.99807015,-87.66132071,0,1,0,Complaint-Fire,1995,DEVON,230.0927,675.7971,383.7775,1458.5044,3,14.54%,85.46%,905
229,228,1502160,8289,Risk 1 (High),60610,41.90763629,-87.6299523,1,1,1,Canvass,1968,DEARBORN,265.8102,828.3596,287.0007,861.4652,3,14.55%,85.45%,906
4210,4209,1464517,1997628,Risk 1 (High),60645,42.01418398,-87.69037835,1,1,0,Complaint,1962,WESTERN,214.5033,658.9531,884.8584,2199.4148,3,14.55%,85.45%,907
1372,1371,1508210,62830,Risk 1 (High),60609,41.81034982,-87.66487219,1,1,1,Short Form Complaint,1931,ASHLAND,661.4654,1084.8174,511.2257,2357.2174,3,14.56%,85.44%,908
1872,1871,1474148,1197794,Risk 1 (High),60622,41.90332716,-87.67566894,0,1,1,Suspected Food Poisoning,1907,DIVISION,424.6541,397.207,368.5839,1691.2416,3,14.57%,85.43%,909
186,185,1490238,6770,Risk 1 (High),60625,41.9686192,-87.68113125,1,1,0,Short Form Complaint,1984,LAWRENCE,219.6733,688.9035,374.4797,1714.1998,3,14.59%,85.41%,910
1809,1808,1501901,1166484,Risk 1 (High),60623,41.84434308,-87.72591101,0,1,0,Canvass Re-Inspection,1986,26TH,330.2068,482.7515,328.1294,2227.6428,3,14.59%,85.41%,911
3001,3000,1498062,1718535,Risk 1 (High),60605,41.86900222,-87.62427007,0,1,1,Complaint Re-Inspection,1961,MICHIGAN,661.015,657.5075,370.0731,1602.507,3,14.59%,85.41%,912
608,607,1387733,25152,Risk 1 (High),60619,41.75125344,-87.6134891,0,1,1,Complaint Re-Inspection,1968,440,164.8755,231.163,193.5732,2528.8131,3,14.61%,85.39%,913
4552,4551,1439637,2048785,Risk 1 (High),60611,41.88928401,-87.62654855,1,0,1,Recent Inspection,2005,WABASH,418.3013,599.1955,780.4841,975.3532,3,14.61%,85.39%,914
1400,1399,1501468,65262,Risk 1 (High),60610,41.90284789,-87.62834736,0,1,1,Canvass Re-Inspection,1961,STATE,230.2247,537.3028,285.1276,1131.1379,3,14.62%,85.38%,915
751,750,1482221,30962,Risk 1 (High),60659,41.99755003,-87.69402395,0,1,0,Complaint Re-Inspection,1925,DEVON,556.5824,525.918,338.4027,2476.4851,3,14.62%,85.38%,916
2497,2496,1447448,1519940,Risk 1 (High),60606,41.88052826,-87.63556938,1,1,1,Short Form Complaint,1973,MONROE,206.2029,809.9247,531.9528,1283.2693,3,14.63%,85.37%,917
3165,3164,1512765,1799190,Risk 1 (High),60652,41.74447217,-87.72160213,1,1,0,Short Form Complaint,2007,PULASKI,358.0212,325.8487,708.2214,3304.7428,3,14.64%,85.36%,918
675,674,1395647,27871,Risk 1 (High),60630,41.96392783,-87.72776333,0,1,0,Canvass Re-Inspection,1929,PULASKI,559.6287,972.0455,499.6264,2448.4956,3,14.65%,85.35%,919
1411,1410,1418468,66515,Risk 1 (High),60659,41.99778941,-87.69272643,0,1,0,Complaint,1925,DEVON,230.202,457.0911,345.7846,2511.2957,3,14.65%,85.35%,920
1889,1888,1506226,1224303,Risk 1 (High),60634,41.93830133,-87.79374072,1,1,0,Canvass,1931,BELMONT,526.9067,560.3407,798.0701,2171.5549,3,14.66%,85.34%,921
7204,7203,1459781,2326459,Risk 2 (Medium),60651,41.89878824,-87.74604038,0,1,0,License Re-Inspection,2007,CICERO,477.6597,413.1685,485.3541,1272.4954,3,14.68%,85.32%,922
2850,2849,1385741,1649847,Risk 2 (Medium),60651,41.89561531,-87.70670533,0,1,0,Complaint Re-Inspection,2006,KEDZIE,774.3479,633.4444,1034.8787,2497.0937,3,14.68%,85.32%,923
1168,1167,1447577,46781,Risk 1 (High),60606,41.87948775,-87.63444223,0,1,1,Canvass,1992,ADAMS,167.9429,745.4096,752.249,1224.0928,3,14.69%,85.31%,924
7013,7012,1453606,2313604,Risk 1 (High),60607,41.86921805,-87.66241482,0,1,0,License Re-Inspection,1992,TAYLOR,632.3976,426.7454,589.5502,3106.0247,3,14.70%,85.30%,925
6335,6334,1385800,2263898,Risk 1 (High),60639,41.91042629,-87.73749494,0,1,0,Canvass,1993,GRAND,224.2739,709.3458,680.1495,1776.7105,3,14.71%,85.29%,926
1906,1905,1385837,1227055,Risk 1 (High),60651,41.89561531,-87.70670533,1,1,0,Short Form Complaint,2006,KEDZIE,371.3888,633.4444,1034.8787,2497.0937,3,14.71%,85.29%,927
284,283,1501660,10923,Risk 1 (High),60608,41.85761908,-87.67085498,1,1,0,Canvass,1989,18TH,645.4458,602.8086,326.0034,2845.1899,3,14.71%,85.29%,928
7014,7013,1453607,2313605,Risk 1 (High),60607,41.86921805,-87.66241482,0,0,0,License Re-Inspection,1992,TAYLOR,423.1789,426.7454,589.5502,3106.0247,3,14.72%,85.28%,929
2361,2360,1501432,1478486,Risk 1 (High),60641,41.94615335,-87.73615554,0,1,0,Canvass,1926,ADDISON,257.7395,433.549,533.2575,2675.7284,3,14.72%,85.28%,930
2500,2499,1482256,1520566,Risk 1 (High),60659,41.99789619,-87.68663059,0,0,0,Complaint Re-Inspection,1957,DEVON,1394.0204,414.6163,151.1928,1805.8061,3,14.74%,85.26%,931
4214,4213,1473688,1997874,Risk 1 (High),60613,41.96157037,-87.67880022,0,1,1,Canvass Re-Inspection,1896,MONTROSE,387.155,358.0514,626.5002,1740.1243,3,14.75%,85.25%,932
6467,6466,1501235,2278957,Risk 1 (High),60641,41.93710698,-87.72698208,1,1,0,Canvass,1987,PULASKI,684.8019,526.7746,254.5866,1336.2949,3,14.76%,85.24%,933
3852,3851,1501492,1942500,Risk 1 (High),60622,41.89616972,-87.66811805,0,1,1,Canvass Re-Inspection,1923,W,230.0567,289.4958,369.9622,1650.6861,3,14.76%,85.24%,934
3283,3282,1464582,1820125,Risk 1 (High),60660,41.99802474,-87.66556346,0,1,0,Complaint,1978,DEVON,217.1058,321.2363,97.4544,1566.7064,3,14.77%,85.23%,935
1016,1015,1512533,39382,Risk 1 (High),60622,41.89573762,-87.7000057,0,1,1,Canvass,1904,CHICAGO,343.7214,444.4188,671.372,1983.3252,3,14.78%,85.22%,936
4719,4718,1497759,2069749,Risk 1 (High),60625,41.96814688,-87.72649854,0,1,0,Complaint Re-Inspection,1938,LAWRENCE,633.813,800.3304,143.3037,1914.7426,3,14.79%,85.21%,937
1408,1407,1464587,66278,Risk 1 (High),60626,42.00126001,-87.67155268,0,1,0,Canvass Re-Inspection,1988,CLARK,230.2247,451.3628,415.2107,1654.4342,3,14.82%,85.18%,938
655,654,1385834,26892,Risk 1 (High),60639,41.92061916,-87.77654921,0,1,0,Canvass Re-Inspection,1931,GRAND,448.7688,619.632,452.6654,2250.2588,3,14.84%,85.16%,939
5981,5980,1512471,2229492,Risk 1 (High),60611,41.8949033,-87.62074373,1,1,1,Canvass Re-Inspection,1979,HURON,88.9267,1034.8256,915.5311,1798.2631,3,14.86%,85.14%,940
4371,4370,1502161,2020800,Risk 1 (High),60618,41.95384693,-87.70184233,0,1,0,Canvass,1972,IRVING,670.0936,471.5661,182.9354,1812.2871,3,14.89%,85.11%,941
1502,1501,1494117,76583,Risk 1 (High),60614,41.91758179,-87.6590229,0,1,0,Complaint Re-Inspection,2007,CLYBOURN,132.1269,883.0657,161.4874,1933.6367,3,14.89%,85.11%,942
3541,3540,1496590,1885084,Risk 1 (High),60608,41.83231584,-87.67538617,0,1,0,Complaint Re-Inspection,1978,34TH,720.0139,790.2136,473.2256,3527.5391,3,14.90%,85.10%,943
1705,1704,1482435,1120021,Risk 1 (High),60640,41.96543519,-87.66117219,0,1,0,Canvass Re-Inspection,1993,MAGNOLIA,260.9334,352.752,86.2856,1693.7593,3,14.90%,85.10%,944
4315,4314,1325321,2009371,Risk 1 (High),60624,41.88065243,-87.72289201,0,1,0,Canvass,1992,Madison,141.2559,478.6537,105.3189,1724.7485,3,14.92%,85.08%,945
4629,4628,1497990,2060764,Risk 1 (High),60632,41.81247911,-87.72390674,0,1,0,Canvass,2005,PULASKI,751.0853,926.4064,866.712,3016.3817,3,14.95%,85.05%,946
2769,2768,1515494,1622615,Risk 1 (High),60625,41.96851294,-87.71305127,1,1,0,Canvass,1987,LAWRENCE,762.0916,430.0585,283.0111,1381,3,14.95%,85.05%,947
2653,2652,1418664,1593122,Risk 1 (High),60659,41.99763195,-87.68922776,0,1,0,Complaint Re-Inspection,1950,DEVON,820.2341,238.4024,368.48,2299.7448,3,14.96%,85.04%,948
4040,4039,1467523,1970419,Risk 1 (High),60607,41.88167135,-87.64984266,0,1,1,Complaint,2006,PEORIA,285.3202,477.7654,502.4582,610.5631,3,14.98%,85.02%,949
3250,3249,1385824,1816817,Risk 1 (High),60639,41.90935041,-87.77663275,0,1,0,Complaint Re-Inspection,2005,NORTH,21087.1053,394.1311,780.8733,2185.9921,3,15.00%,85.00%,950
123,122,1515328,3799,Risk 1 (High),60612,41.86914687,-87.68185942,1,1,1,Canvass,1913,TAYLOR,1000.2919,619.7688,621.1222,2386.976,3,15.01%,84.99%,951
4106,4105,1464549,1980306,Risk 1 (High),60645,42.01194577,-87.69009529,0,1,0,Canvass,2008,Western,283.3071,481.6765,868.7598,1559.247,3,15.02%,84.98%,952
1628,1627,1385701,1044752,Risk 1 (High),60639,41.92414064,-87.74552934,0,1,0,Complaint Re-Inspection,1989,FULLERTON,398.578,613.209,775.3705,1938.3242,3,15.03%,84.97%,953
4231,4230,1447586,1999183,Risk 1 (High),60606,41.88461562,-87.63668236,1,1,1,Canvass,1954,WACKER,296.804,677.0438,607.3331,1959.4434,3,15.03%,84.97%,954
4693,4692,1497533,2068996,Risk 1 (High),60625,41.96851446,-87.71288467,1,1,0,Canvass,1987,LAWRENCE,364.1791,437.0879,245.3022,1375.6202,3,15.04%,84.96%,955
799,798,1480336,32834,Risk 1 (High),60623,41.83714669,-87.71474144,0,1,1,Canvass Re-Inspection,1902,CENTRAL,426.5315,607.1075,589.7222,2464.3064,3,15.09%,84.91%,956
3604,3603,1424571,1894582,Risk 1 (High),60630,41.96807267,-87.73319722,0,1,0,Canvass Re-Inspection,1959,LAWRENCE,792.7122,777.039,682.0796,2232.9557,3,15.10%,84.90%,957
4412,4411,1513063,2026899,Risk 1 (High),60643,41.71839819,-87.68183837,0,1,0,Canvass Re-Inspection,1988,WESTERN,332.1702,728.6004,1296.556,5415.102,3,15.10%,84.90%,958
2720,2719,1512632,1617900,Risk 1 (High),60641,41.95348584,-87.75073173,0,1,0,Canvass Re-Inspection,1941,IRVING,481.3451,329.4911,494.7429,2339.2761,3,15.16%,84.84%,959
5267,5266,1324961,2134452,Risk 1 (High),60624,41.88076031,-87.73206798,0,1,1,Short Form Complaint,1938,MADISON,184.4091,574.9252,430.1021,937.6722,3,15.17%,84.83%,960
1568,1567,1497028,83595,Risk 1 (High),60654,41.89031406,-87.63388913,0,1,1,Canvass,1989,WELLS,85.2187,502.5765,386.1052,1065.1417,3,15.20%,84.80%,961
5827,5826,1501354,2196553,Risk 1 (High),60625,41.97634621,-87.69879442,0,1,0,Canvass Re-Inspection,1955,CALIFORNIA,601.9515,921.5221,580.1363,2613.9076,3,15.21%,84.79%,962
3380,3379,1506306,1845501,Risk 1 (High),60634,41.95769221,-87.79754403,0,1,0,Canvass,2009,OAK,786.6919,2760.2552,2762.7808,2881.6255,3,15.22%,84.78%,963
7486,7485,1496639,2342334,Risk 1 (High),60625,41.96819486,-87.7222708,0,1,0,License Re-Inspection,1956,LAWRENCE,522.2763,461.5325,115.7686,1851.8119,3,15.24%,84.76%,964
6243,6242,1482225,2256208,Risk 1 (High),60659,41.9975974,-87.69133152,0,1,0,Complaint Re-Inspection,1944,DEVON,304.8677,407.5257,292.4653,2449.5476,3,15.27%,84.73%,965
3786,3785,1418608,1927793,Risk 1 (High),60659,41.99759638,-87.69141491,0,1,0,Canvass,1944,DEVON,387.7861,406.1082,291.7606,2452.6191,3,15.27%,84.73%,966
4994,4993,1424566,2108163,Risk 1 (High),60630,41.96155384,-87.7550994,1,1,0,Canvass Re-Inspection,1932,MILWAUKEE,263.8566,668.1675,574.0744,2525.7338,3,15.29%,84.71%,967
2177,2176,1515421,1379731,Risk 1 (High),60642,41.89114149,-87.66195668,0,1,1,Canvass Re-Inspection,1891,GRAND,456.8873,266.0125,188.8311,2546.1858,3,15.31%,84.69%,968
4948,4947,1501359,2098868,Risk 1 (High),60625,41.97584741,-87.70960356,0,1,0,Canvass Re-Inspection,1964,FOSTER,722.4291,613.496,441.2572,2257.701,3,15.39%,84.61%,969
2101,2100,1501936,1334960,Risk 1 (High),60629,41.78428898,-87.72277078,0,1,0,Canvass,1931,PULASKI,220.6929,627.3976,302.4967,4416.8753,3,15.43%,84.57%,970
4310,4309,1493865,2009133,Risk 1 (High),60654,41.89314176,-87.6295306,0,1,1,Complaint Re-Inspection,2003,ONTARIO,157.6371,397.6036,522.2176,1152.0077,3,15.49%,84.51%,971
5889,5888,1497672,2202598,Risk 1 (High),60613,41.94773175,-87.64734303,0,1,1,Canvass,1923,BROADWAY,946.0738,651.5321,382.6356,1885.7253,3,15.50%,84.50%,972
4380,4379,1515496,2021329,Risk 1 (High),60610,41.90367478,-87.63012582,1,1,1,Canvass Re-Inspection,1981,DEARBORN,764.0289,654.2016,375.2811,1339.575,3,15.52%,84.48%,973
4072,4071,1107153,1979188,Risk 1 (High),60640,41.96691374,-87.66723233,0,1,0,Canvass Re-Inspection,2009,Clark,597.1305,853.9301,314.2022,1900.763,3,15.55%,84.45%,974
661,660,1385849,27123,Risk 1 (High),60639,41.91908759,-87.76821848,0,1,0,Canvass,1957,GRAND,549.8487,677.196,476.7208,2311.5877,3,15.59%,84.41%,975
3884,3883,1501737,1948280,Risk 1 (High),60653,41.82364932,-87.62302379,0,1,1,Canvass,1997,MICHIGAN,338.1075,1003.0076,653.1853,2207.5065,3,15.60%,84.40%,976
2362,2361,1490423,1478565,Risk 1 (High),60622,41.89552708,-87.69909818,0,1,1,Complaint Re-Inspection,1924,CHICAGO,295.5285,547.157,577.3637,1952.8985,3,15.61%,84.39%,977
5928,5927,1471507,2203563,Risk 1 (High),60634,41.95302032,-87.77104625,1,1,0,Complaint,1930,IRVING,784.1059,317.2115,712.1903,2838.3361,3,15.62%,84.38%,978
5649,5648,1512478,2177423,Risk 1 (High),60625,41.96682443,-87.68789284,0,1,1,Canvass,1924,LELAND,352.5551,439.8985,451.7741,1291.3408,3,15.63%,84.37%,979
2375,2374,1512809,1488496,Risk 1 (High),60632,41.80767249,-87.7306099,0,1,0,Canvass Re-Inspection,1961,47TH,307.226,552.8379,332.4211,3639.1055,3,15.64%,84.36%,980
5309,5308,1424650,2137745,Risk 1 (High),60630,41.96223481,-87.72771372,0,1,0,Canvass,1962,PULASKI,233.5216,413.6974,379.6401,2250.5473,3,15.64%,84.36%,981
346,345,1497829,14192,Risk 1 (High),60625,41.97564376,-87.70783409,1,1,0,Canvass Re-Inspection,1987,FOSTER,411.7218,646.7943,646.8284,2214.4761,3,15.69%,84.31%,982
2887,2886,1424437,1677413,Risk 2 (Medium),60630,41.9721918,-87.72828597,1,0,0,Short Form Complaint,1985,PULASKI,323.8619,685.2203,552.8601,1902.8573,3,15.69%,84.31%,983
5702,5701,1491021,2184017,Risk 1 (High),60632,41.79357208,-87.69431304,0,1,1,Canvass Re-Inspection,1926,55TH,862.6729,409.4175,364.1933,2784.0415,3,15.72%,84.28%,984
4292,4291,1460020,2008605,Risk 1 (High),60609,41.79623488,-87.63040492,1,1,1,Complaint,1924,WENTWORTH,247.6542,555.407,844.6512,4185.9902,3,15.72%,84.28%,985
1425,1424,1395439,68487,Risk 1 (High),60618,41.94310456,-87.67867885,0,0,0,Consultation,2006,ROSCOE,248.1708,264.8861,188.6342,2013.8362,3,15.72%,84.28%,986
2378,2377,1501704,1488911,Risk 1 (High),60618,41.93309868,-87.71377976,0,1,1,Canvass Re-Inspection,1910,MILWAUKEE,5120.1456,224.5476,375.4732,1730.3157,3,15.73%,84.27%,987
4230,4229,1482363,1999098,Risk 1 (High),60640,41.96525859,-87.6753727,0,1,1,Canvass Re-Inspection,1916,WILSON,1051.0994,440.9772,864.4913,2218.6803,3,15.73%,84.27%,988
1402,1401,1515326,65404,Risk 2 (Medium),60632,41.79710974,-87.72312435,0,1,0,Short Form Complaint,2006,PULASKI,248.3968,737.563,331.0928,2970.3861,3,15.75%,84.25%,989
730,729,1502175,30212,Risk 1 (High),60641,41.93878413,-87.75863714,0,1,0,Canvass Re-Inspection,1958,BELMONT,314.1616,377.254,338.4396,2174.6613,3,15.76%,84.24%,990
2938,2937,1471358,1694804,Risk 1 (High),60634,41.936954,-87.76658858,0,1,0,Complaint,1936,CENTRAL,389.9417,488.2914,525.7784,2766.786,3,15.78%,84.22%,991
3011,3010,1453688,1737178,Risk 1 (High),60605,41.86648928,-87.6242793,0,1,1,Canvass,1980,MICHIGAN,196.765,430.2413,432.8994,2016.1345,3,15.80%,84.20%,992
1102,1101,1490460,43519,Risk 1 (High),60623,41.84468662,-87.70218762,0,1,1,Complaint Re-Inspection,1968,26TH,761.8275,416.5719,976.3397,2123.156,3,15.82%,84.18%,993
3103,3102,1512293,1767620,Risk 1 (High),60618,41.94816773,-87.71131603,0,1,0,Canvass,1989,ELSTON,623.0364,1304.0547,470.5679,2224.0514,3,15.83%,84.17%,994
1837,1836,1506248,1170649,Risk 1 (High),60634,41.93868377,-87.76656249,0,1,0,Canvass Re-Inspection,1937,BELMONT,219.0672,513.4488,612.6414,2863.6577,3,15.85%,84.15%,995
6314,6313,1447395,2263166,Risk 1 (High),60606,41.88602541,-87.6362977,0,1,1,Canvass Re-Inspection,1983,WACKER,424.7557,709.3774,530.4544,1764.699,3,15.89%,84.11%,996
3984,3983,1496551,1964400,Risk 1 (High),60618,41.96108571,-87.70672617,0,1,1,Complaint,1927,MONTROSE,696.2349,511.2114,265.2617,974.3889,3,15.89%,84.11%,997
4034,4033,1496920,1970042,Risk 1 (High),60641,41.95344345,-87.73576333,0,1,0,Complaint,1992,IRVING,610.6962,363.8439,1001.1645,2523.7658,3,15.90%,84.10%,998
4242,4241,1501872,2002814,Risk 2 (Medium),60652,41.73986052,-87.7214563,0,1,0,Complaint Re-Inspection,2005,PULASKI,198.054,407.2769,400.6887,3749.5642,3,15.91%,84.09%,999
1861,1860,1307537,1195624,Risk 1 (High),60629,41.78617397,-87.71487272,0,1,0,Complaint,1989,59TH,199.6516,462.3656,418.336,3748.5879,3,15.93%,84.07%,1000
4249,4248,1447255,2003053,Risk 1 (High),60606,41.87725919,-87.63504134,0,1,1,Canvass Re-Inspection,1989,FRANKLIN,273.3666,762.6207,470.6722,1683.2904,3,15.93%,84.07%,1001
4740,4739,1501397,2074115,Risk 1 (High),60613,41.95133684,-87.6639883,0,1,1,Canvass,1916,SOUTHPORT,396.3019,519.6843,592.838,2255.6941,3,15.93%,84.07%,1002
2877,2876,1515388,1676735,Risk 1 (High),60616,41.85294275,-87.63337766,0,1,1,Complaint Re-Inspection,2007,CERMAK,145.5484,67.7509,515.7216,1676.7599,3,15.95%,84.05%,1003
5947,5946,1497855,2220577,Risk 1 (High),60618,41.9539486,-87.68539017,0,1,0,Complaint,2010,IRVING,564.018,751.314,270.2868,1966.9496,3,15.99%,84.01%,1004
2860,2859,1493381,1675565,Risk 1 (High),60655,41.69180292,-87.69038573,0,1,0,Complaint Re-Inspection,1955,111TH,924.5808,1635.7584,1453.2919,6898.0475,3,16.01%,83.99%,1005
4466,4465,1497985,2032788,Risk 1 (High),60613,41.95420978,-87.66676356,0,1,1,Canvass Re-Inspection,1923,IRVING,658.1885,317.8398,554.774,2079.3026,3,16.02%,83.98%,1006
4396,4395,1506270,2022387,Risk 1 (High),60634,41.95252473,-87.76712693,0,1,0,Canvass,1949,CENTRAL,687.3653,427.8111,644.5191,2660.6505,3,16.06%,83.94%,1007
2363,2362,1497746,1478885,Risk 1 (High),60625,41.96455558,-87.70849759,0,1,0,Canvass,2006,KEDZIE,677.9289,828.0884,282.0718,1709.6659,3,16.09%,83.91%,1008
1651,1650,1497939,1047362,Risk 1 (High),60618,41.94687979,-87.68811383,0,1,1,Canvass,1935,WESTERN,863.1691,404.1869,588.5653,1741.6583,3,16.16%,83.84%,1009
6582,6581,1506238,2288876,Risk 1 (High),60634,41.937016,-87.76629653,0,1,0,Canvass,1948,CENTRAL,523.5427,480.6933,531.0385,2753.5747,3,16.17%,83.83%,1010
3755,3754,1512740,1926480,Risk 1 (High),60613,41.94914776,-87.66422178,0,1,1,Canvass Re-Inspection,1901,SOUTHPORT,365.7496,598.4038,271.1029,2321.1648,3,16.17%,83.83%,1011
6984,6983,1434928,2308910,Risk 1 (High),60641,41.93853943,-87.7606308,1,1,0,Short Form Complaint,1965,BELMONT,415.3447,645.4511,338.7061,2239.763,3,16.20%,83.80%,1012
2838,2837,1383480,1649363,Risk 1 (High),60601,41.88459084,-87.62999749,1,1,1,Short Form Complaint,2004,RANDOLPH,295.7179,628.5647,584.0796,1672.9555,3,16.20%,83.80%,1013
6653,6652,1471470,2293207,Risk 1 (High),60634,41.93769482,-87.76631879,0,1,0,Complaint,1950,CENTRAL,310.3727,502.1427,583.7619,2781.9501,3,16.21%,83.79%,1014
6812,6811,1424557,2303648,Risk 1 (High),60630,41.97704127,-87.75442839,1,1,0,Canvass Re-Inspection,1970,ELSTON,648.9417,678.6446,1051.8129,2721.1472,3,16.22%,83.78%,1015
3453,3452,1385817,1873203,Risk 1 (High),60639,41.9093585,-87.77598653,0,1,0,Canvass Re-Inspection,1995,NORTH,378.8074,390.0899,617.3354,2072.93,3,16.24%,83.76%,1016
1184,1183,1424625,47827,Risk 1 (High),60630,41.96148398,-87.73028411,0,1,0,Canvass Re-Inspection,1956,ELSTON,299.9343,544.3343,404.4488,2727.6868,3,16.28%,83.72%,1017
6894,6893,1513138,2307773,Risk 1 (High),60707,41.92888333,-87.80628007,0,1,0,Canvass,1962,HARLEM,606.6258,841.7768,802.6588,2385.1251,3,16.29%,83.71%,1018
5681,5680,1493930,2180043,Risk 1 (High),60614,41.92621348,-87.64070653,0,1,1,Canvass Re-Inspection,1972,CLARK,305.8521,306.2515,192.5083,1393.1918,3,16.29%,83.71%,1019
1295,1294,1460107,55428,Risk 1 (High),60616,41.85387139,-87.63454197,0,1,1,Complaint Re-Inspection,1998,CHINA,235.7191,188.9393,504.3365,2011.9193,3,16.30%,83.70%,1020
1269,1268,1493630,53569,Risk 1 (High),60622,41.9006407,-87.66727141,0,1,1,Complaint Re-Inspection,1987,ASHLAND,271.1375,383.2269,218.2891,1021.6094,3,16.33%,83.67%,1021
4717,4716,1512479,2069681,Risk 1 (High),60629,41.77167105,-87.72243674,0,1,0,Complaint,1955,PULASKI,376.7502,572.9649,484.5358,4794.3669,3,16.35%,83.65%,1022
2550,2549,1385816,1547254,Risk 1 (High),60639,41.9315855,-87.75092912,0,1,0,Complaint Re-Inspection,1928,DIVERSEY,246.9822,333.2292,344.9144,3302.7688,3,16.37%,83.63%,1023
6607,6606,1424396,2289556,Risk 1 (High),60631,41.99247686,-87.79900315,0,1,0,Complaint,1925,NORTHWEST,203.3424,788.1001,1017.9145,2924.7834,3,16.37%,83.63%,1024
807,806,1512447,33130,Risk 1 (High),60652,41.74408055,-87.74103846,0,1,0,Canvass Re-Inspection,1972,CICERO,192.3737,1315.2531,751.7951,4778.8205,3,16.45%,83.55%,1025
3792,3791,1471403,1932369,Risk 1 (High),60634,41.95325817,-87.76951203,0,1,0,Complaint Re-Inspection,1964,IRVING,650.9075,214.8865,805.7485,2740.959,3,16.46%,83.54%,1026
4263,4262,1464476,2003847,Risk 1 (High),60626,42.00803722,-87.66489552,1,1,1,Canvass,1930,MORSE,60.1091,553.7798,448.0567,1520.6525,3,16.46%,83.54%,1027
3312,3311,1418522,1822716,Risk 1 (High),60630,41.9691923,-87.72820341,0,1,0,Canvass Re-Inspection,2007,PULASKI,857.3206,858.0829,422.4028,1772.5714,3,16.48%,83.52%,1028
2281,2280,1418523,1447363,Risk 1 (High),60659,41.98293319,-87.71098225,1,1,0,Canvass,1930,BRYN,383.0584,393.1978,386.0913,3415.0031,3,16.48%,83.52%,1029
452,451,1501942,20184,Risk 1 (High),60613,41.94930115,-87.65837529,1,1,1,Canvass Re-Inspection,1914,CLARK,415.5575,522.2869,249.6513,2288.0902,3,16.49%,83.51%,1030
5500,5499,1501275,2153284,Risk 1 (High),60625,41.96837877,-87.70443703,0,1,1,Canvass,1932,LAWRENCE,933.323,914.6099,513.401,1455.7725,3,16.52%,83.48%,1031
2051,2050,1501609,1305420,Risk 1 (High),60641,41.93807417,-87.74700588,0,1,0,Canvass Re-Inspection,1920,CICERO,224.6305,520.0138,104.0853,3242.309,3,16.53%,83.47%,1032
6175,6174,1385367,2247282,Risk 2 (Medium),60644,41.87728403,-87.74530775,0,1,0,Short Form Complaint,1996,CICERO,1198.4791,472.203,218.447,2487.1194,3,16.56%,83.44%,1033
1480,1479,1424506,74790,Risk 2 (Medium),60630,41.96811179,-87.72986788,0,1,0,Short Form Complaint,2006,LAWRENCE,314.1616,944.465,546.198,1951.7884,3,16.57%,83.43%,1034
5839,5838,1307729,2196808,Risk 1 (High),60629,41.78296713,-87.72302765,1,1,0,Short Form Complaint,1948,PULASKI,197.8902,584.8995,69.4167,4458.4284,3,16.61%,83.39%,1035
2097,2096,1491190,1334442,Risk 1 (High),60618,41.93894625,-87.69795618,1,1,1,Complaint Re-Inspection,1968,CALIFORNIA,114.0417,548.0593,374.5784,980.328,3,16.64%,83.36%,1036
6105,6104,1307626,2245351,Risk 1 (High),60629,41.77768461,-87.72288294,1,1,0,Complaint,1979,PULASKI,324.5304,927.6357,504.3719,4420.7895,3,16.68%,83.32%,1037
3184,3183,1506252,1800580,Risk 1 (High),60634,41.93965426,-87.76639052,0,1,0,Canvass Re-Inspection,1951,CENTRAL,363.7109,655.2131,548.0878,2953.6949,3,16.69%,83.31%,1038
4823,4822,1199641,2084433,Risk 1 (High),60614,41.92521233,-87.67192543,1,0,1,Canvass,1957,FULLERTON,243.6874,690.2413,473.2348,1821.6693,3,16.70%,83.30%,1039
6968,6967,1474051,2308673,Risk 1 (High),60629,41.76558422,-87.72258229,0,1,0,Complaint Re-Inspection,1948,PULASKI,188.3711,612.4688,186.1808,4819.2515,3,16.70%,83.30%,1040
7344,7343,1418556,2333793,Risk 1 (High),60659,41.98708903,-87.70159761,0,1,0,Canvass,1952,LINCOLN,366.1869,582.3887,47.6047,2753.3919,3,16.71%,83.29%,1041
1313,1312,1497907,57105,Risk 1 (High),60613,41.95416125,-87.67036928,0,1,1,Canvass,1937,IRVING,69.6395,670.1191,366.1582,1885.9544,3,16.78%,83.22%,1042
5605,5604,1512248,2163723,Risk 1 (High),60641,41.93652108,-87.72725885,0,1,1,Canvass,1928,PULASKI,2158.7982,363.4487,255.7599,1470.8703,3,16.80%,83.20%,1043
7179,7178,1325291,2320986,Risk 1 (High),60612,41.88107532,-87.68492409,0,1,0,Complaint,2006,MADISON,707.9282,431.759,617.0006,3637.2613,3,16.80%,83.20%,1044
1885,1884,1441551,1223720,Risk 1 (High),60657,41.94492369,-87.65450787,0,1,1,Canvass Re-Inspection,1940,CLARK,337.8685,473.61,361.2593,2173.3745,3,16.84%,83.16%,1045
5138,5137,1471440,2124558,Risk 1 (High),60634,41.94521291,-87.8040017,0,1,0,Complaint,1955,ADDISON,763.7227,500.0544,227.312,2056.2724,3,16.86%,83.14%,1046
5416,5415,1501620,2146937,Risk 1 (High),60618,41.96134003,-87.70160279,1,1,1,Canvass,1927,MONTROSE,305.9387,350.154,343.1355,1663.1837,3,16.87%,83.13%,1047
5412,5411,1497159,2146643,Risk 2 (Medium),60638,41.79492478,-87.76825782,0,1,0,Complaint Re-Inspection,1961,ARCHER,391.9435,1038.292,549.6367,4194.1427,3,16.91%,83.09%,1048
1002,1001,1418654,38776,Risk 1 (High),60659,41.98653051,-87.69941716,0,1,0,Canvass,1974,CALIFORNIA,309.0323,485.3594,262.3293,2724.6899,3,16.94%,83.06%,1049
2377,2376,1471399,1488838,Risk 1 (High),60634,41.94268079,-87.80676794,1,1,0,Complaint,1958,HARLEM,1058.6631,458.3889,1033.9479,3009.6661,3,16.95%,83.05%,1050
1440,1439,1496516,69637,Risk 2 (Medium),60622,41.89351342,-87.66736305,1,1,1,Short Form Complaint,1953,ASHLAND,1068.9717,324.0306,291.842,2251.5808,3,16.96%,83.04%,1051
4635,4634,1447379,2060989,Risk 1 (High),60606,41.88520685,-87.63554494,0,1,1,Complaint Re-Inspection,1990,FRANKLIN,374.412,514.3177,419.6224,2126.6289,3,17.00%,83.00%,1052
4148,4147,1513097,1986222,Risk 1 (High),60641,41.96103897,-87.72951576,0,1,0,Canvass Re-Inspection,1989,MONTROSE,600.1405,354.3258,505.6421,2615.7303,3,17.02%,82.98%,1053
3058,3057,1491187,1741849,Risk 1 (High),60654,41.89574705,-87.63107917,0,1,1,Short Form Complaint,2005,CLARK,435.0067,477.2146,231.9974,1577.4328,3,17.03%,82.97%,1054
2906,2905,1418712,1679459,Risk 2 (Medium),60659,41.99072922,-87.68297945,0,1,1,Complaint Re-Inspection,1961,PETERSON,272.5256,1257.4656,1458.1327,2330.9753,3,17.11%,82.89%,1055
1346,1345,1512926,60383,Risk 1 (High),60633,41.65541567,-87.54699807,0,1,0,Complaint Re-Inspection,1923,BALTIMORE,426.3966,616.6718,529.3524,9336.049,3,17.11%,82.89%,1056
3476,3475,1497692,1874533,Risk 1 (High),60641,41.96088251,-87.72767924,0,1,0,Complaint Re-Inspection,2006,PULASKI,98.2658,208.6057,305.4355,2113.2868,3,17.14%,82.86%,1057
5084,5083,1471452,2115281,Risk 1 (High),60634,41.93634639,-87.76627386,1,1,0,Canvass,1969,CENTRAL,122.7719,470.0037,406.4776,2738.8511,3,17.23%,82.77%,1058
5765,5764,1424633,2189389,Risk 1 (High),60631,41.99294606,-87.80026923,0,1,0,Canvass Re-Inspection,1928,NORTHWEST,282.9234,905.2187,837.1642,3103.3041,3,17.27%,82.73%,1059
1150,1149,1471479,45960,Risk 2 (Medium),60634,41.93602794,-87.76626205,0,1,0,Complaint,1969,CENTRAL,667.2815,484.4839,361.623,2736.0698,3,17.28%,82.72%,1060
10,9,1464323,241,Risk 1 (High),60626,42.01890351,-87.67595815,1,1,1,Complaint,1901,CLARK,530.0707,617.3184,624.2422,2562.9344,3,17.34%,82.66%,1061
2339,2338,1418531,1475890,Risk 1 (High),60659,41.99191947,-87.70963133,0,1,0,Canvass Re-Inspection,1965,LINCOLN,242.5729,757.7974,668.8669,3416.9067,3,17.38%,82.62%,1062
4365,4364,1387738,2017890,Risk 1 (High),60619,41.74355052,-87.62400909,0,1,1,Canvass,2009,83,623.0364,350.2383,291.6967,3314.3558,3,17.39%,82.61%,1063
7534,7533,1418444,2349545,Risk 1 (High),60659,41.99025485,-87.71076324,0,1,0,License Re-Inspection,1959,PETERSON,181.0566,904.6307,498.9539,3345.9355,3,17.42%,82.58%,1064
977,976,1467555,37788,Risk 1 (High),60607,41.86934859,-87.6541691,1,1,1,Short Form Complaint,1955,TAYLOR,619.113,865.2556,615.1171,3193.9855,3,17.44%,82.56%,1065
1018,1017,1497892,39623,Risk 1 (High),60643,41.6826717,-87.68072609,0,1,0,Canvass Re-Inspection,1965,WESTERN,386.9278,897.5692,1398.8293,7646.8164,3,17.45%,82.55%,1066
5177,5176,1471429,2125944,Risk 1 (High),60634,41.95402448,-87.78674229,1,1,0,Complaint,1989,NARRAGANSETT,455.7284,904.6399,1373.1707,3165.7102,3,17.48%,82.52%,1067
330,329,1418508,13058,Risk 1 (High),60659,41.98314232,-87.71178764,0,1,0,Canvass,1952,BRYN,211.4768,471.9787,398.542,3496.3118,3,17.50%,82.50%,1068
292,291,1385518,11362,Risk 1 (High),60639,41.90951865,-87.7630188,0,1,1,Canvass Re-Inspection,1965,NORTH,179.5075,666.4961,480.0665,1053.8714,3,17.53%,82.47%,1069
6836,6835,1506295,2304021,Risk 1 (High),60634,41.95322816,-87.77195585,1,1,0,Short Form Complaint,1972,IRVING,488.3166,364.2916,575.781,2825.8722,3,17.53%,82.47%,1070
223,222,1453572,8042,Risk 1 (High),60607,41.86918864,-87.66427213,0,1,1,Complaint Re-Inspection,1950,TAYLOR,570.8691,454.985,610.014,3301.2703,3,17.66%,82.34%,1071
6117,6116,1501418,2245705,Risk 1 (High),60641,41.93899745,-87.74241737,0,1,0,Canvass Re-Inspection,2006,BELMONT,612.0284,784.7731,924.6306,3126.7671,3,17.68%,82.32%,1072
6255,6254,1501424,2256643,Risk 1 (High),60641,41.93899745,-87.74241737,0,1,0,Canvass Re-Inspection,2006,BELMONT,484.9625,784.7731,924.6306,3126.7671,3,17.69%,82.31%,1073
2380,2379,1497948,1488966,Risk 1 (High),60618,41.9468234,-87.68811263,0,0,1,Canvass,1974,WESTERN,524.7657,404.3756,577.1777,1756.6686,3,17.73%,82.27%,1074
3970,3969,1307693,1963599,Risk 1 (High),60629,41.76854144,-87.72235766,0,1,0,Canvass Re-Inspection,1988,PULASKI,156.6392,416.3893,474.4695,4900.9679,3,17.78%,82.22%,1075
5725,5724,1498165,2184967,Risk 1 (High),60641,41.94627055,-87.72754493,0,1,1,Canvass,1920,PULASKI,940.1301,603.4637,404.1386,2207.4034,3,17.86%,82.14%,1076
5169,5168,1385848,2125616,Risk 1 (High),60639,41.92226483,-87.78383149,0,1,0,Canvass,1986,GRAND,317.6829,723.9063,160.6803,2332.9743,3,17.89%,82.11%,1077
2184,2183,1497812,1380448,Risk 1 (High),60652,41.75466012,-87.74138476,0,1,0,Canvass,2005,CICERO,355.7381,1309.1745,1657.995,5852.1175,3,17.89%,82.11%,1078
6482,6481,1512466,2279261,Risk 1 (High),60652,41.75466012,-87.74138476,0,1,0,Canvass Re-Inspection,2005,CICERO,334.8924,1309.1745,1657.995,5852.1175,3,17.89%,82.11%,1079
1163,1162,1501805,46700,Risk 1 (High),60652,41.75466012,-87.74138476,0,1,0,Canvass,2005,CICERO,165.405,1309.1745,1657.995,5852.1175,3,17.90%,82.10%,1080
6313,6312,1418667,2263153,Risk 1 (High),60659,41.98289261,-87.7141893,0,1,0,Suspected Food Poisoning Re-inspection,1956,BRYN,463.1435,401.5358,294.5864,3532.0475,3,17.99%,82.01%,1081
1894,1893,1497840,1225671,Risk 1 (High),60618,41.95528789,-87.7212583,0,1,1,Canvass,1954,ELSTON,780.5354,998.7004,576.0433,1750.9297,3,18.00%,82.00%,1082
2322,2321,1506234,1473964,Risk 1 (High),60634,41.93834026,-87.77607347,0,1,0,Canvass,1966,BELMONT,318.3551,911.8922,667.6543,3348.4933,3,18.01%,81.99%,1083
1467,1466,1506261,71931,Risk 1 (High),60634,41.93916083,-87.80664111,0,1,0,Canvass,1963,HARLEM,139.7827,375.9635,976.8307,3445.8349,3,18.11%,81.89%,1084
5670,5669,1424565,2179179,Risk 1 (High),60631,42.01135739,-87.80678841,0,1,0,Canvass Re-Inspection,1970,HARLEM,536.5323,1721.7893,1079.2641,2679.9931,3,18.15%,81.85%,1085
2697,2696,1496242,1596892,Risk 2 (Medium),60652,41.74898657,-87.74119687,0,1,0,Recent Inspection,1995,CICERO,79.3611,959.9566,821.6624,5283.6484,3,18.20%,81.80%,1086
1148,1147,1424570,45628,Risk 1 (High),60630,41.9804695,-87.77763062,0,1,0,Canvass,1923,NORTHWEST,254.6583,850.5659,808.9588,4087.6026,3,18.23%,81.77%,1087
7347,7346,1424540,2333891,Risk 1 (High),60630,41.96778735,-87.77542759,0,1,0,Canvass,1970,LAWRENCE,166.4913,945.6652,423.8273,2815.2392,3,18.25%,81.75%,1088
53,52,1497643,1553,Risk 1 (High),60643,41.68109249,-87.68096792,1,1,0,Canvass,1963,WESTERN,212.3899,1111.565,1195.1525,7857.4041,3,18.27%,81.73%,1089
4261,4260,1506228,2003638,Risk 1 (High),60634,41.952538,-87.81236682,0,1,0,Canvass,1957,IRVING,392.701,1052.8071,601.6854,3002.5871,3,18.35%,81.65%,1090
1231,1230,1515342,50551,Risk 1 (High),60629,41.78507649,-87.72279065,1,1,0,Suspected Food Poisoning,2006,PULASKI,285.6144,629.2252,163.5211,4361.371,3,18.51%,81.49%,1091
1248,1247,1506215,51686,Risk 1 (High),60634,41.94571656,-87.7666033,0,1,0,Canvass,1986,CENTRAL,307.5619,422.0887,260.6962,2845.1882,3,18.62%,81.38%,1092
4605,4604,1512239,2059601,Risk 1 (High),60632,41.79916646,-87.72318613,0,1,1,Canvass Re-Inspection,1987,PULASKI,367.9296,643.2765,570.6704,2855.1577,3,18.63%,81.37%,1093
4112,4111,1506221,1980425,Risk 1 (High),60634,41.94559899,-87.76659924,1,1,0,Canvass,1986,CENTRAL,105.4533,415.7291,225.1778,2846.5901,3,18.72%,81.28%,1094
1212,1211,1385774,49348,Risk 2 (Medium),60639,41.90925843,-87.78492199,0,1,0,Complaint Re-Inspection,1971,NORTH,349.5407,530.7374,441.4558,3538.3296,3,18.76%,81.24%,1095
170,169,1418701,6345,Risk 1 (High),60659,41.99629003,-87.71675089,1,0,0,Short Form Complaint,1979,LINCOLN,217.8101,686.5333,626.9526,3664.7855,3,18.78%,81.22%,1096
4870,4869,1501276,2089154,Risk 1 (High),60632,41.79924425,-87.74280079,1,1,0,Canvass Re-Inspection,1950,CICERO,933.323,438.2296,568.2513,5841.3755,3,18.94%,81.06%,1097
3702,3701,1385754,1909605,Risk 1 (High),60651,41.89561531,-87.70670533,1,1,1,Short Form Complaint,2006,KEDZIE,288.931,633.4444,1034.8787,2497.0937,3,18.99%,81.01%,1098
5408,5407,1460197,2146634,Risk 1 (High),60632,41.79326989,-87.72812477,0,1,1,Complaint,1962,55TH,592.6334,506.5818,553.1025,3541.7177,3,19.01%,80.99%,1099
1262,1261,1496827,52742,Risk 1 (High),60642,41.89330889,-87.66216684,0,1,1,Complaint Re-Inspection,2006,ERIE,1678.7074,496.1942,332.7853,2409.8451,3,19.14%,80.86%,1100
3335,3334,1515371,1840862,Risk 1 (High),60626,42.00969798,-87.67427432,0,1,1,Canvass Re-Inspection,1992,CLARK,291.0642,950.3932,187.31,1166.8805,3,19.14%,80.86%,1101
2029,2028,1325334,1300963,Risk 1 (High),60644,41.88034981,-87.76527467,1,1,0,Canvass,1986,MADISON,910.967,512.7477,209.4545,3744.6131,3,19.23%,80.77%,1102
4898,4897,1424577,2093628,Risk 1 (High),60630,41.96767102,-87.76759624,0,1,0,Canvass Re-Inspection,1960,LAWRENCE,762.5107,589.2567,216.9949,3415.4441,3,19.24%,80.76%,1103
7319,7318,1513126,2333220,Risk 1 (High),60638,41.77167813,-87.74192208,0,1,0,Canvass Re-Inspection,1994,CICERO,376.7573,1406.1792,404.344,5212.3999,3,19.53%,80.47%,1104
6818,6817,1513209,2303698,Risk 1 (High),60655,41.69149532,-87.6977804,1,1,0,Complaint,1971,111TH,789.6278,1382.497,674.015,7397.2581,3,19.59%,80.41%,1105
1909,1908,1501436,1228089,Risk 2 (Medium),60618,41.94652905,-87.70681271,0,1,1,Canvass Re-Inspection,1970,ADDISON,567.5292,689.417,201.7926,2159.4705,3,19.82%,80.18%,1106
4182,4181,1464399,1991558,Risk 1 (High),60626,42.01539691,-87.67495035,0,1,1,Canvass Re-Inspection,1988,CLARK,975.8036,617.625,800.743,2296.6018,3,19.83%,80.17%,1107
7195,7194,1418627,2321263,Risk 1 (High),60646,41.98580965,-87.76813467,0,1,0,Canvass,1954,CENTRAL,621.2444,954.4298,1344.7833,4972.5886,3,19.86%,80.14%,1108
6874,6873,1418629,2304638,Risk 1 (High),60646,41.98504835,-87.77612157,1,1,0,Canvass Re-Inspection,1964,MILWAUKEE,297.5997,523.258,573.4418,3767.0581,3,19.87%,80.13%,1109
2373,2372,1471419,1488341,Risk 2 (Medium),60634,41.94566017,-87.77662242,1,1,0,Short Form Complaint,2006,ADDISON,263.5629,946.4364,728.594,3448.8818,3,19.90%,80.10%,1110
1994,1993,1473887,1273946,Risk 1 (High),60659,41.9954406,-87.71291738,0,1,0,Complaint Re-Inspection,2006,MCCORMICK,577.7317,1126.6875,839.1511,3983.287,3,19.98%,80.02%,1111
137,136,1401840,3923,Risk 1 (High),60707,41.93102457,-87.79289009,0,1,1,Canvass Re-Inspection,1925,DIVERSEY,202.1736,707.9819,336.1479,2307.8488,3,19.98%,80.02%,1112
1253,1252,1418670,52008,Risk 1 (High),60646,41.99026634,-87.73299734,0,1,1,Canvass Re-Inspection,1957,SAUGANASH,309.528,1235.2818,854.8957,2511.9321,3,20.07%,79.93%,1113
2754,2753,1418592,1621074,Risk 1 (High),60656,41.97862919,-87.80684493,0,1,0,Canvass Re-Inspection,1985,HARLEM,177.3111,858.7559,786.6332,3400.1163,3,20.25%,79.75%,1114
4208,4207,1385528,1997613,Risk 1 (High),60612,41.86878384,-87.68624469,0,1,1,Complaint Re-Inspection,2005,WESTERN,535.0762,205.0934,248.0638,2772.1991,3,20.31%,79.69%,1115
3046,3045,1424532,1740632,Risk 1 (High),60630,41.97693689,-87.76907431,0,1,0,Canvass Re-Inspection,1931,MILWAUKEE,1051.0994,710.8415,698.0992,5085.5998,3,20.53%,79.47%,1116
5715,5714,1412215,2184296,Risk 1 (High),60652,41.74276007,-87.70205802,0,1,1,Canvass Re-Inspection,2005,KEDZIE,299.329,751.2223,214.0224,3868.7757,3,20.73%,79.27%,1117
1704,1703,1424534,1119899,Risk 1 (High),60630,41.97653405,-87.76832747,0,1,0,Canvass Re-Inspection,1939,CENTRAL,667.2815,682.0943,664.1956,5047.0168,3,20.89%,79.11%,1118
1442,1441,1424608,69926,Risk 1 (High),60631,41.98573161,-87.83271217,0,1,0,Canvass,1972,HIGGINS,21087.1053,2383.5855,2576.2709,6524.2131,3,21.10%,78.90%,1119
5280,5279,1497142,2134789,Risk 1 (High),60638,41.79590541,-87.76041016,0,1,1,Complaint Re-Inspection,1923,ARCHER,162.6551,817.7441,879.2883,5299.8601,3,21.28%,78.72%,1120
6729,6728,1424648,2298369,Risk 1 (High),60631,42.00273166,-87.81768655,0,1,0,Canvass Re-Inspection,1969,OLMSTED,67.0522,950.7009,528.1478,3504.5933,3,21.28%,78.72%,1121
6634,6633,1424588,2290132,Risk 1 (High),60656,41.97457747,-87.81001298,0,1,0,Canvass Re-Inspection,1970,FOSTER,300.0882,1059.7862,1165.2636,4636.889,3,21.33%,78.67%,1122
6892,6891,1418637,2307718,Risk 1 (High),60646,41.99743829,-87.76439912,0,1,0,Canvass,1948,DEVON,202.5636,1107.7053,1300.7702,5665.0994,3,21.42%,78.58%,1123
5231,5230,1424499,2133603,Risk 1 (High),60630,41.96812753,-87.72842822,0,1,1,Canvass Re-Inspection,2007,LAWRENCE,393.2633,1004.3985,449.2494,1922.6899,3,21.44%,78.56%,1124
1759,1758,1497346,1142112,Risk 1 (High),60638,41.78932932,-87.74164564,0,1,1,Canvass Re-Inspection,2004,CICERO,297.7689,1831.7234,1593.5354,4880.1148,3,21.58%,78.42%,1125
4314,4313,1497686,2009262,Risk 2 (Medium),60641,41.96088251,-87.72767924,0,1,1,Complaint Re-Inspection,2006,PULASKI,81.7246,208.6057,305.4355,2113.2868,3,21.94%,78.06%,1126
2610,2609,1493496,1577600,Risk 1 (High),60707,41.9237393,-87.79134898,0,1,1,Complaint,2005,FULLERTON,413.982,738.0648,937.1527,2488.1758,3,22.19%,77.81%,1127
4811,4810,1424671,2084050,Risk 1 (High),60630,41.9824993,-87.77415092,0,1,0,Canvass Re-Inspection,1986,MILWAUKEE,332.7228,506.82,639.4973,4519.4166,3,22.23%,77.77%,1128
3820,3819,1385721,1937437,Risk 1 (High),60639,41.92950116,-87.76603642,0,1,1,Complaint Re-Inspection,1974,CENTRAL,196.1827,613.7543,353.1319,2807.4775,3,22.43%,77.57%,1129
4108,4107,1418593,1980309,Risk 1 (High),60656,41.97520211,-87.80721129,1,1,0,Canvass,1974,HARLEM,560.243,1064.217,462.855,4278.5839,3,22.52%,77.48%,1130
4858,4857,1418594,2088695,Risk 1 (High),60631,41.98531807,-87.82981838,0,1,0,Canvass,1972,HIGGINS,600.06,2587.6187,2338.9807,6103.3477,3,22.61%,77.39%,1131
4134,4133,1501739,1985223,Risk 1 (High),60630,41.97547237,-87.76738848,0,1,0,Canvass Re-Inspection,1974,MILWAUKEE,254.0206,829.9623,475.2523,4934.6859,3,22.78%,77.22%,1132
5759,5758,1471472,2189302,Risk 1 (High),60634,41.9378904,-87.80640602,1,1,1,Canvass,1965,BELMONT,479.9689,418.4856,908.1323,3239.2607,3,22.84%,77.16%,1133
1797,1796,1459733,1145755,Risk 1 (High),60652,41.75466012,-87.74138476,1,1,1,Complaint,2005,CICERO,120.7782,1309.1745,1657.995,5852.1175,3,22.85%,77.15%,1134
3143,3142,1385370,1771904,Risk 1 (High),60644,41.86568628,-87.76566985,0,1,0,Complaint Re-Inspection,2005,ROOSEVELT,187.2535,1138.6034,1060.6794,6088.557,3,22.88%,77.12%,1135
3660,3659,1498106,1904868,Risk 1 (High),60618,41.95375843,-87.72755892,0,1,1,Canvass,2008,IRVING,228.8025,372.4332,160.5725,2399.9988,3,22.95%,77.05%,1136
4616,4615,1506225,2060154,Risk 1 (High),60634,41.93862143,-87.77129878,0,1,1,Canvass,1978,BELMONT,387.9382,548.9438,709.8163,3241.4497,3,22.98%,77.02%,1137
7555,7554,1385764,2350055,Risk 2 (Medium),60644,41.86563388,-87.76955399,0,1,0,License Re-Inspection,1923,ROOSEVELT,389.6732,828.13,387.9787,7027.0423,3,23.10%,76.90%,1138
5518,5517,1506207,2153715,Risk 1 (High),60634,41.94194345,-87.76647038,1,1,1,Canvass,1977,CENTRAL,175.0554,925.3102,247.3919,2877.9764,3,23.39%,76.61%,1139
2424,2423,1501861,1493893,Risk 1 (High),60655,41.70582355,-87.71853995,0,1,0,Canvass Re-Inspection,1951,103RD,1569.3412,3337.3299,800.9797,9711.2254,3,24.78%,75.22%,1140
3551,3550,1418602,1887592,Risk 1 (High),60631,42.00352156,-87.81709983,0,1,1,Canvass Re-Inspection,1936,NORTHWEST,482.1575,1001.0137,506.6629,3351.359,3,24.78%,75.22%,1141
2400,2399,1501771,1491623,Risk 1 (High),60638,41.80740102,-87.75165637,0,1,0,Complaint Re-Inspection,1964,47TH,573.4879,368.1009,614.7288,8119.4686,3,25.11%,74.89%,1142
2352,2351,1424607,1477513,Risk 1 (High),60631,41.98748169,-87.8448585,1,1,0,Canvass,1985,HIGGINS,21087.1053,2841.6973,2861.838,8565.1959,3,26.31%,73.69%,1143
2758,2757,1424581,1621425,Risk 1 (High),60666,42.0085364,-87.91442844,0,1,0,Canvass,2006,TOUHY,21087.1053,22126.3784,20207.5073,26816.328,3,27.39%,72.61%,1144
5019,5018,1424448,2109577,Risk 1 (High),60666,42.0085364,-87.91442844,0,1,0,Canvass Re-Inspection,2006,TOUHY,1664.3449,22126.3784,20207.5073,26816.328,3,29.53%,70.47%,1145
1890,1889,1424480,1224624,Risk 1 (High),60666,42.0085364,-87.91442844,1,1,0,Canvass Re-Inspection,2006,TOUHY,869.895,22126.3784,20207.5073,26816.328,3,29.61%,70.39%,1146
1715,1714,1424661,1120626,Risk 1 (High),60666,42.0085364,-87.91442844,0,1,0,Canvass Re-Inspection,2006,TOUHY,728.5345,22126.3784,20207.5073,26816.328,3,29.63%,70.37%,1147
3694,3693,1424660,1909522,Risk 1 (High),60666,42.0085364,-87.91442844,1,1,0,Canvass,2006,TOUHY,654.8537,22126.3784,20207.5073,26816.328,3,29.64%,70.36%,1148
868,867,1424494,34192,Risk 1 (High),60666,42.0085364,-87.91442844,0,1,0,Canvass Re-Inspection,2006,TOUHY,592.6219,22126.3784,20207.5073,26816.328,3,29.65%,70.35%,1149
881,880,1424429,34220,Risk 1 (High),60666,42.0085364,-87.91442844,0,1,0,Canvass Re-Inspection,2006,TOUHY,415.5575,22126.3784,20207.5073,26816.328,3,29.67%,70.33%,1150
3502,3501,1424678,1879164,Risk 1 (High),60666,42.0085364,-87.91442844,1,0,0,Short Form Complaint,2006,TOUHY,286.9362,22126.3784,20207.5073,26816.328,3,29.68%,70.32%,1151
857,856,1424579,34146,Risk 1 (High),60666,42.0085364,-87.91442844,0,1,0,Canvass,2006,TOUHY,134.5125,22126.3784,20207.5073,26816.328,3,29.70%,70.30%,1152
867,866,1424535,34190,Risk 1 (High),60666,42.0085364,-87.91442844,0,1,0,Canvass Re-Inspection,2006,TOUHY,97.942,22126.3784,20207.5073,26816.328,3,29.70%,70.30%,1153
3872,3871,1424644,1947515,Risk 1 (High),60666,42.0085364,-87.91442844,0,1,0,Canvass Re-Inspection,2006,TOUHY,88.9267,22126.3784,20207.5073,26816.328,3,29.70%,70.30%,1154
5677,5676,1424622,2179775,Risk 1 (High),60656,41.96421158,-87.83683737,1,1,1,Canvass,1996,CUMBERLAND,440.8463,3491.657,1384.4261,6321.6027,3,33.55%,66.45%,1155
3504,3503,1424538,1879166,Risk 1 (High),60666,42.0085364,-87.91442844,0,1,1,Canvass Re-Inspection,2006,TOUHY,585.8463,22126.3784,20207.5073,26816.328,3,36.40%,63.60%,1156
1760,1759,1424643,1142116,Risk 1 (High),60666,42.0085364,-87.91442844,0,1,1,Canvass,2006,TOUHY,532.7194,22126.3784,20207.5073,26816.328,3,36.41%,63.59%,1157
3738,3737,1497225,1916161,Risk 1 (High),60666,42.0085364,-87.91442844,1,1,1,Canvass Re-Inspection,2006,TOUHY,414.3049,22126.3784,20207.5073,26816.328,3,36.42%,63.58%,1158
5049,5048,1424521,2114331,Risk 1 (High),60666,42.0085364,-87.91442844,1,1,1,Short Form Complaint,2006,TOUHY,400.408,22126.3784,20207.5073,26816.328,3,36.42%,63.58%,1159
874,873,1424639,34210,Risk 1 (High),60666,42.0085364,-87.91442844,1,1,1,Canvass Re-Inspection,2006,TOUHY,170.7574,22126.3784,20207.5073,26816.328,3,36.45%,63.55%,1160
865,864,1424293,34183,Risk 1 (High),60666,42.0085364,-87.91442844,0,1,1,Complaint,2006,TOUHY,147.3699,22126.3784,20207.5073,26816.328,3,36.45%,63.55%,1161
869,868,1424578,34199,Risk 1 (High),60666,42.0085364,-87.91442844,0,1,1,Canvass,2006,TOUHY,57.4282,22126.3784,20207.5073,26816.328,3,36.46%,63.54%,1162
1243,1242,1387638,51418,Risk 1 (High),60617,41.72814213,-87.55105705,0,1,0,Canvass Re-Inspection,1893,92ND,104.5319,585.8145,1043.7049,735.9449,2,43.21%,56.79%,1163
516,515,1497469,22992,Risk 1 (High),60617,41.71210885,-87.53513166,0,1,0,Canvass Re-Inspection,1910,EWING,422.5787,425.0033,991.7255,1535.4613,2,45.91%,54.09%,1164
7407,7406,1490425,2340822,Risk 1 (High),60617,41.70285191,-87.53713929,0,1,0,License Re-Inspection,1918,106TH,219.0171,626.8911,610.4634,1300.146,2,47.05%,52.95%,1165
6448,6447,1496592,2278359,Risk 2 (Medium),60617,41.70262957,-87.53655423,1,1,0,Short Form Complaint,1918,106TH,675.7949,591.0894,574.6547,1343.027,2,47.23%,52.77%,1166
4008,4007,1501302,1969095,Risk 1 (High),60617,41.72998249,-87.55140127,1,1,0,Canvass,1951,COMMERCIAL,866.4523,247.0275,648.1791,382.5621,2,47.40%,52.60%,1167
3985,3984,1501744,1964427,Risk 1 (High),60615,41.79962235,-87.59172041,1,1,0,Canvass,1919,53RD,1281.9327,562.6694,790.53,488.8834,2,49.00%,51.00%,1168
7377,7376,1474031,2334799,Risk 1 (High),60617,41.70830713,-87.53543604,0,1,0,License Re-Inspection,1955,EWING,413.2852,508.4568,776.5985,1390.5662,2,49.24%,50.76%,1169
6206,6205,1474084,2252753,Risk 1 (High),60617,41.70264905,-87.5424166,1,1,0,Complaint,1979,106TH,310.9548,821.0979,958.2931,1169.3591,2,49.63%,50.37%,1170
772,771,1493522,31823,Risk 1 (High),60610,41.8899516,-87.6282288,0,1,0,Canvass Re-Inspection,1876,HUBBARD,292.3398,339.6177,832.9874,482.6058,2,50.44%,49.56%,1171
370,369,1501691,15582,Risk 1 (High),60649,41.76896052,-87.56667054,1,1,0,Short Form Complaint,1926,SOUTH,265.5885,182.4451,443.4879,984.1151,2,50.48%,49.52%,1172
7425,7424,1493282,2341041,Risk 1 (High),60617,41.70550648,-87.53513945,0,1,0,License Re-Inspection,1925,S,288.3317,739.6529,408.825,2107.8172,2,51.02%,48.98%,1173
6413,6412,1502140,2277393,Risk 1 (High),60615,41.79946827,-87.58639503,1,1,0,Canvass,1910,53RD,1126.0276,366.5528,481.9016,1001.9052,2,51.06%,48.94%,1174
5599,5598,1401944,2163554,Risk 1 (High),60654,41.89020779,-87.63094084,0,1,0,Canvass Re-Inspection,1881,CLARK,1100.5652,237.8547,573.3984,267.1389,2,51.09%,48.91%,1175
101,100,1493607,3543,Risk 1 (High),60617,41.72273269,-87.54453083,1,1,0,Complaint Re-Inspection,1985,95TH,761.9718,1594.085,1765.1414,2228.0874,2,51.20%,48.80%,1176
2782,2781,1296875,1646134,Risk 1 (High),60620,41.75032239,-87.64418241,0,1,0,Canvass Re-Inspection,1902,HALSTED,475.9835,462.1052,638.0414,1147.3452,2,51.47%,48.53%,1177
211,210,1387779,7496,Risk 1 (High),60628,41.68556849,-87.60962694,1,1,0,Complaint,1888,115TH,168.3722,782.605,766.0854,2675.0532,2,51.64%,48.36%,1178
1733,1732,1501619,1123288,Risk 1 (High),60654,41.89016859,-87.62839434,1,1,0,Canvass,1894,HUBBARD,328.9692,325.4802,791.0022,441.5029,2,51.69%,48.31%,1179
7371,7370,1387533,2334633,Risk 2 (Medium),60628,41.68756845,-87.62111015,0,1,0,License Re-Inspection,1885,MICHIGAN,300.3822,499.1806,609.4318,2485.789,2,51.92%,48.08%,1180
6593,6592,1497124,2289197,Risk 1 (High),60617,41.72672309,-87.55094326,0,1,0,Canvass Re-Inspection,2005,SOUTH,657.6489,709.12,1102.458,1221.5704,2,52.06%,47.94%,1181
3013,3012,1296810,1737237,Risk 2 (Medium),60620,41.75054985,-87.64288013,0,1,0,Complaint Re-Inspection,1924,79TH,417.4839,384.2512,554.5266,811.08,2,52.12%,47.88%,1182
2747,2746,1228433,1620704,Risk 1 (High),60604,41.87911455,-87.63213674,0,1,0,Canvass Re-Inspection,1886,LA,69.3924,618.7097,706.1904,665.3838,2,52.15%,47.85%,1183
6049,6048,1453493,2233086,Risk 1 (High),60607,41.88157109,-87.65313285,0,1,0,Canvass Re-Inspection,1872,MADISON,21087.1053,424.3996,293.8282,1027.4628,2,52.16%,47.84%,1184
7750,7749,1512215,2363445,Risk 1 (High),60620,41.73977126,-87.64508611,0,1,0,License,1899,GREEN,432.388,239.4317,492.0594,1343.725,2,52.16%,47.84%,1185
2886,2885,1395754,1677267,Risk 2 (Medium),60649,41.76599,-87.57378734,0,1,0,Complaint Re-Inspection,1918,71st,625.2324,334.1109,535.6041,1789.6588,2,52.46%,47.54%,1186
1216,1215,1473447,49671,Risk 1 (High),60649,41.76599,-87.57378734,1,1,0,Complaint,1918,71ST,410.5588,334.1109,535.6041,1789.6588,2,52.48%,47.52%,1187
7652,7651,1497609,2358536,Risk 1 (High),60617,41.73727228,-87.55266238,0,1,0,License Re-Inspection,1913,EXCHANGE,394.2666,183.9377,405.6896,2342.158,2,52.63%,47.37%,1188
5516,5515,1512353,2153664,Risk 1 (High),60607,41.88177322,-87.65468908,1,1,0,Canvass,1869,MADISON,21087.1053,602.7471,442.9094,1431.1592,2,52.82%,47.18%,1189
5120,5119,1459843,2121030,Risk 1 (High),60654,41.89074352,-87.62867006,0,1,0,Canvass Re-Inspection,1902,ILLINOIS,345.4844,305.8457,651.8319,452.2727,2,52.85%,47.15%,1190
6828,6827,1372658,2303889,Risk 1 (High),60603,41.87953523,-87.63002421,0,0,0,License,1907,ADAMS,526.2252,654.1197,400.8918,169.4958,2,53.01%,46.99%,1191
7138,7137,1434745,2320199,Risk 1 (High),60649,41.7662898,-87.58231129,0,1,0,License Re-Inspection,1924,71ST,677.6935,257.3925,467.9772,1692.569,2,53.17%,46.83%,1192
7128,7127,1513187,2320001,Risk 2 (Medium),60653,41.81681502,-87.61292308,1,1,0,Canvass,1890,43RD,21087.1053,333.8115,158.4291,1985.3132,2,53.27%,46.73%,1193
1567,1566,1439512,83345,Risk 1 (High),60611,41.89991467,-87.62305951,0,1,0,Canvass Re-Inspection,1929,WALTON,21087.1053,456.1123,635.2826,833.5311,2,53.29%,46.71%,1194
7191,7190,1473400,2321183,Risk 1 (High),60649,41.76666398,-87.5864911,1,1,0,Complaint,1912,Stony,360.2859,524.5667,471.1713,1907.6985,2,53.35%,46.65%,1195
964,963,1502062,37506,Risk 2 (Medium),60615,41.80233814,-87.58967573,1,1,0,Canvass,1926,HYDE,178.1837,520.1904,149.1511,856.613,2,53.38%,46.62%,1196
1881,1880,1501781,1223247,Risk 1 (High),60637,41.79142028,-87.58014777,1,1,0,Complaint,1902,LAKE,368.4663,1262.9063,1701.9621,3401.6454,2,53.43%,46.57%,1197
5165,5164,1199668,2125304,Risk 1 (High),60607,41.87982152,-87.64744848,0,1,0,Canvass Re-Inspection,1894,HALSTED,232.8782,732.0404,692.0194,697.903,2,53.55%,46.45%,1198
4618,4617,1453628,2060210,Risk 2 (Medium),60605,41.87362569,-87.62612449,0,1,0,Canvass Re-Inspection,1887,WABASH,135.6033,482.5857,1093.8256,1691.1253,2,53.61%,46.39%,1199
7442,7441,1490616,2341112,Risk 1 (High),60628,41.68769792,-87.62111868,0,1,0,License Re-Inspection,1913,MICHIGAN,487.8467,492.524,635.3547,2465.5871,2,53.62%,46.38%,1200
1612,1611,1199405,1043008,Risk 1 (High),60611,41.90015007,-87.62214675,0,1,0,Canvass Re-Inspection,1916,WALTON,550.13,600.5354,811.5864,587.0041,2,53.66%,46.34%,1201
3078,3077,1441460,1743192,Risk 1 (High),60616,41.85202315,-87.63184844,0,1,0,Canvass Re-Inspection,1883,WENTWORTH,260.7618,285.567,562.3391,1304.3074,2,53.67%,46.33%,1202
3209,3208,1401587,1802900,Risk 1 (High),60615,41.80234417,-87.58921809,0,1,0,Complaint Re-Inspection,1926,HYDE,627.059,625.76,44.5836,880.4391,2,53.82%,46.18%,1203
4305,4304,1501867,2008922,Risk 1 (High),60643,41.71294669,-87.65388977,1,1,0,Canvass,1874,VINCENNES,588.3507,1049.9685,442.1758,2385.9907,2,53.83%,46.17%,1204
938,937,1493306,36122,Risk 1 (High),60615,41.79943078,-87.58947934,1,1,0,Short Form Complaint,1972,53RD,301.6366,402.1615,265.2494,251.3613,2,53.88%,46.12%,1205
4831,4830,1493237,2084883,Risk 1 (High),60654,41.89024555,-87.64590936,0,1,0,Canvass Re-Inspection,1874,MILWAUKEE,722.4178,518.9775,612.8667,1117.4316,2,54.05%,45.95%,1206
1537,1536,1199454,80290,Risk 1 (High),60661,41.87995707,-87.64128,1,1,0,Canvass Re-Inspection,1905,CLINTON,1559.4816,920.9745,699.8348,754.1112,2,54.05%,45.95%,1207
5087,5086,1512633,2119771,Risk 1 (High),60607,41.87684968,-87.64198533,1,1,0,Canvass,1884,VAN,254.5461,291.9818,950.8993,1508.4132,2,54.10%,45.90%,1208
2358,2357,1497993,1478055,Risk 1 (High),60653,41.80917868,-87.6227517,1,1,0,Canvass,1903,47TH,426.2224,436.4904,574.5767,1582.2347,2,54.15%,45.85%,1209
6186,6185,1490913,2252318,Risk 1 (High),60614,41.91775186,-87.64863789,0,1,0,Canvass Re-Inspection,1886,HALSTED,21087.1053,834.7019,175.4343,899.2269,2,54.19%,45.81%,1210
5406,5405,1498031,2146617,Risk 2 (Medium),60609,41.82929166,-87.64592591,1,1,0,Short Form Complaint,1888,HALSTED,319.5255,410.7318,351.2139,1139.9902,2,54.21%,45.79%,1211
3634,3633,1453679,1903215,Risk 1 (High),60605,41.87285167,-87.62900326,1,1,0,Canvass,1893,DEARBORN,269.2656,454.9252,536.064,1074.0565,2,54.25%,45.75%,1212
6419,6418,1396180,2277545,Risk 1 (High),60607,41.88711459,-87.65087023,0,1,0,License Re-Inspection,1881,SANGAMON,1631.3735,773.4893,650.4427,1077.8457,2,54.30%,45.70%,1213
7532,7531,1493692,2349525,Risk 2 (Medium),60609,41.80143854,-87.66407894,0,1,0,License Re-Inspection,1909,51ST,656.186,510.4281,735.1672,1229.5499,2,54.30%,45.70%,1214
2402,2401,1493560,1491933,Risk 1 (High),60617,41.72795238,-87.58558036,0,1,0,Canvass Re-Inspection,1960,STONY,1008.7863,183.2272,613.4745,1818.1824,2,54.31%,45.69%,1215
7050,7049,1493563,2313867,Risk 1 (High),60617,41.72795238,-87.58558036,0,1,0,License,1960,STONY,892.8765,183.2272,613.4745,1818.1824,2,54.33%,45.67%,1216
5904,5903,1402156,2202881,Risk 1 (High),60642,41.8919185,-87.64849222,0,1,0,Canvass Re-Inspection,1893,Milwaukee,458.822,391.6941,652.4729,810.755,2,54.33%,45.67%,1217
7051,7050,1493564,2313868,Risk 1 (High),60617,41.72795238,-87.58558036,0,0,0,License,1960,STONY,364.9333,183.2272,613.4745,1818.1824,2,54.40%,45.60%,1218
1444,1443,1467447,70124,Risk 1 (High),60607,41.87685078,-87.64189705,1,1,0,Canvass Re-Inspection,1889,VAN,230.8774,289.2062,950.5661,1504.2997,2,54.42%,45.58%,1219
6418,6417,1396182,2277544,Risk 3 (Low),60607,41.88711459,-87.65087023,0,1,0,License,1881,SANGAMON,306.3173,773.4893,650.4427,1077.8457,2,54.47%,45.53%,1220
7172,7171,1453360,2320900,Risk 2 (Medium),60604,41.87714679,-87.62912123,0,1,0,License,1906,DEARBORN,463.6951,482.1897,721.8759,1066.9302,2,54.49%,45.51%,1221
5678,5677,1493891,2179843,Risk 1 (High),60649,41.75188332,-87.56299536,0,1,0,Canvass Re-Inspection,1927,79TH,518.7292,412.9805,220.6292,2151.1419,2,54.62%,45.38%,1222
7443,7442,1467511,2341122,Risk 2 (Medium),60605,41.8717299,-87.62597542,0,1,0,License,1901,8th,248.4519,433.6458,688.3662,1264.5252,2,54.65%,45.35%,1223
7210,7209,1459337,2326530,Risk 1 (High),60616,41.85666311,-87.64178573,0,1,0,License Re-Inspection,1879,CANALPORT,797.9336,545.4708,792.8946,1804.5461,2,54.70%,45.30%,1224
6142,6141,1491039,2246662,Risk 1 (High),60610,41.90038948,-87.63772434,0,1,0,Canvass Re-Inspection,1891,OAK,340.0007,521.6921,580.9105,930.0198,2,54.71%,45.29%,1225
244,243,1387494,9016,Risk 2 (Medium),60619,41.73687272,-87.59669233,0,1,0,Complaint Re-Inspection,1961,87TH,224.0618,687.4004,1223.5525,2353.9283,2,54.73%,45.27%,1226
5992,5991,1498170,2231723,Risk 1 (High),60608,41.85793151,-87.65022464,1,1,0,Canvass,1879,18TH,291.9176,456.6029,360.5713,1158.5365,2,54.73%,45.27%,1227
7539,7538,1453471,2349632,Risk 1 (High),60604,41.87739694,-87.62751493,0,1,0,License Re-Inspection,1911,State,2824.0275,474.0265,711.0218,1165.2678,2,54.81%,45.19%,1228
4312,4311,1441464,2009150,Risk 1 (High),60616,41.84886789,-87.63178011,0,1,0,Canvass Re-Inspection,1893,WENTWORTH,413.316,807.8098,322.9506,1162.941,2,54.82%,45.18%,1229
2064,2063,1497804,1330297,Risk 1 (High),60653,41.81332208,-87.60650259,1,1,0,Canvass,1905,COTTAGE,1559.4816,639.4487,939.0444,2385.1049,2,54.82%,45.18%,1230
2366,2365,1501486,1479396,Risk 1 (High),60654,41.89414548,-87.6310425,1,1,0,Canvass,1876,CLARK,445.826,501.5811,674.7398,1537.1004,2,54.83%,45.17%,1231
4058,4057,1496667,1975189,Risk 1 (High),60616,41.85107867,-87.63255649,1,1,0,Canvass Re-Inspection,1888,23RD,231.1359,452.9558,362.3933,1304.7965,2,54.84%,45.16%,1232
1854,1853,1496831,1194320,Risk 2 (Medium),60628,41.69089671,-87.62158657,0,1,0,Complaint Re-Inspection,1935,112TH,354.7441,327.052,594.4015,2309.6276,2,54.85%,45.15%,1233
3941,3940,1199623,1959403,Risk 2 (Medium),60661,41.87791415,-87.6414054,1,1,0,Complaint,1911,JACKSON,368.2359,405.9014,944.9416,1173.0183,2,54.85%,45.15%,1234
1545,1544,1439443,80916,Risk 1 (High),60611,41.89843137,-87.62800916,1,1,0,Complaint,1890,CHESTNUT,464.2528,579.1206,281.5568,787.741,2,54.87%,45.13%,1235
1176,1175,1199452,47199,Risk 1 (High),60661,41.87880138,-87.6474162,0,1,0,Complaint Re-Inspection,1916,HALSTED,390.3118,432.4466,796.6755,828.2065,2,54.93%,45.07%,1236
7527,7526,1512380,2349356,Risk 1 (High),60610,41.90033472,-87.6374631,1,1,0,Complaint,1891,ORLEANS,599.5658,535.6273,538.3785,968.1791,2,54.96%,45.04%,1237
6393,6392,1439486,2271049,Risk 1 (High),60611,41.90119804,-87.62756406,1,1,0,Canvass Re-Inspection,1896,RUSH,572.0825,395.3218,365.4226,793.9815,2,54.97%,45.03%,1238
4046,4045,1447437,1974163,Risk 1 (High),60661,41.87765874,-87.64120018,0,1,0,Canvass Re-Inspection,1911,Clinton,726.1261,402.3458,952.8534,1239.6923,2,54.98%,45.02%,1239
7590,7589,1497193,2354268,Risk 1 (High),60610,41.91038842,-87.63003388,0,1,0,License Re-Inspection,1929,DEARBORN,318.3202,815.0798,515.2946,141.8456,2,54.98%,45.02%,1240
2239,2238,1496672,1442161,Risk 1 (High),60616,41.85799082,-87.62408288,1,1,0,Canvass Re-Inspection,1923,MICHIGAN,578.6951,618.6592,888.5617,1331.6227,2,55.05%,44.95%,1241
3706,3705,1447474,1909742,Risk 1 (High),60661,41.87784358,-87.64678183,1,1,0,Recent Inspection,1897,JACKSON,420.4629,266.6536,706.3284,1177.1353,2,55.06%,44.94%,1242
7665,7664,1447612,2358864,Risk 1 (High),60606,41.8853332,-87.63406571,0,1,0,License Re-Inspection,1878,WELLS,21087.1053,224.9804,293.5896,2029.2452,2,55.12%,44.88%,1243
1146,1145,1453665,45411,Risk 1 (High),60604,41.87739694,-87.62751493,1,1,0,Canvass,1911,STATE,422.3676,474.0265,711.0218,1165.2678,2,55.14%,44.86%,1244
2070,2069,1439433,1331225,Risk 1 (High),60611,41.89318499,-87.62661003,1,1,0,Short Form Complaint,1874,WABASH,48.0136,723.6601,486.5325,1482.9385,2,55.14%,44.86%,1245
3446,3445,1490484,1869813,Risk 1 (High),60608,41.85354408,-87.64637169,0,1,0,Canvass Re-Inspection,1889,HALSTED,344.6599,971.6021,1079.0869,1996.5683,2,55.14%,44.86%,1246
4481,4480,1515295,2036283,Risk 2 (Medium),60620,41.74810406,-87.64411513,0,1,0,Canvass Re-Inspection,1930,HALSTED,134.0437,487.3881,325.588,1318.4819,2,55.15%,44.85%,1247
903,902,1460172,34460,Risk 1 (High),60637,41.78030758,-87.60550834,1,1,0,Complaint,1914,63RD,658.1822,536.976,749.9345,2373.7962,2,55.15%,44.85%,1248
532,531,1498183,23051,Risk 2 (Medium),60610,41.89754225,-87.62836994,1,0,0,Short Form Complaint,1891,STATE,62.949,540.0729,409.1158,999.5565,2,55.17%,44.83%,1249
2745,2744,1502037,1620610,Risk 1 (High),60615,41.79507801,-87.58728422,1,1,0,Canvass,1929,55TH,1629.5847,426.2521,512.2168,1940.4813,2,55.18%,44.82%,1250
3837,3836,1372654,1938588,Risk 2 (Medium),60601,41.88729071,-87.62469528,0,1,0,Canvass Re-Inspection,1878,MICHIGAN,460.8704,353.7069,545.8286,1615.3506,2,55.20%,44.80%,1251
2311,2310,1474038,1473501,Risk 2 (Medium),60617,41.70301382,-87.52667081,1,1,0,Short Form Complaint,1987,AVENUE,499.6265,1019.3448,1133.8868,3107.1164,2,55.24%,44.76%,1252
3917,3916,1199389,1954028,Risk 1 (High),60611,41.89913525,-87.62178526,0,1,0,Canvass Re-Inspection,1936,DELAWARE,189.6061,300.5616,721.7631,579.2573,2,55.27%,44.73%,1253
4602,4601,1434380,2059442,Risk 1 (High),60616,41.83086594,-87.64562655,0,1,0,Canvass Re-Inspection,1903,35TH,100.028,247.2107,423.6174,1233.02,2,55.27%,44.73%,1254
4770,4769,1453655,2078906,Risk 1 (High),60605,41.87635127,-87.6261892,1,1,0,Canvass,1912,WABASH,542.978,703.6915,1113.6809,1686.7287,2,55.28%,44.72%,1255
3895,3894,1490838,1948652,Risk 1 (High),60637,41.79493407,-87.58773626,1,1,0,Complaint,1929,LAKE,625.2324,514.0392,531.0692,1946.5369,2,55.30%,44.70%,1256
1723,1722,1372662,1122193,Risk 1 (High),60601,41.88720777,-87.62469337,0,1,0,Complaint,1878,MICHIGAN,298.9853,345.6792,540.1148,1633.5925,2,55.30%,44.70%,1257
7447,7446,1512583,2341137,Risk 1 (High),60603,41.88058227,-87.63120101,0,1,0,License Re-Inspection,1927,MONROE,1073.7651,591.4664,343.2044,389.8726,2,55.31%,44.69%,1258
1135,1134,1447547,44843,Risk 1 (High),60606,41.87896178,-87.63973261,1,1,0,Complaint,1925,CANAL,106.8996,915.846,815.2095,843.7082,2,55.33%,44.67%,1259
923,922,1467286,35128,Risk 1 (High),60607,41.88530742,-87.66233715,0,1,0,Canvass Re-Inspection,1891,LAKE,335.6309,913.824,1486.7347,1993.8089,2,55.34%,44.66%,1260
4833,4832,1459991,2084976,Risk 1 (High),60617,41.70236226,-87.53513622,0,1,1,Complaint Re-Inspection,1916,EWING,423.8701,618.2257,608.4481,1582.822,2,55.36%,44.64%,1261
6207,6206,1496962,2252786,Risk 1 (High),60654,41.88807428,-87.6349552,0,1,0,Canvass Re-Inspection,1933,MERCHANDISE,21087.1053,719.74,799.9669,1520.8607,2,55.39%,44.61%,1262
1623,1622,1228434,1044712,Risk 1 (High),60604,41.87833155,-87.6273239,1,1,0,Short Form Complaint,1913,JACKSON,404.6218,434.2949,499.9298,949.1159,2,55.40%,44.60%,1263
2582,2581,1387434,1574629,Risk 1 (High),60628,41.68447443,-87.62058684,0,1,0,Complaint Re-Inspection,1910,MICHIGAN,194.3088,502.6575,577.7919,3023.9996,2,55.41%,44.59%,1264
5503,5502,1439462,2153387,Risk 1 (High),60611,41.89186947,-87.62274858,0,1,0,Canvass Re-Inspection,1891,GRAND,239.2008,578.7261,246.2878,1012.0394,2,55.41%,44.59%,1265
7047,7046,1502043,2313846,Risk 1 (High),60615,41.79507973,-87.58712654,1,1,0,Canvass,1929,55TH,119.3269,404.4861,495.7634,1956.7196,2,55.49%,44.51%,1266
2326,2325,1497790,1474226,Risk 1 (High),60603,41.88012466,-87.62787194,1,1,0,Complaint,1926,STATE,570.3131,591.8911,412.2872,581.3208,2,55.50%,44.50%,1267
2457,2456,1497470,1514318,Risk 1 (High),60616,41.8529417,-87.63345427,1,1,0,Canvass Re-Inspection,1888,CERMAK,349.3397,87.7579,512.5774,1688.9669,2,55.51%,44.49%,1268
6806,6805,1401501,2303610,Risk 2 (Medium),60654,41.88874104,-87.63708054,0,1,0,License,1933,ORLEANS,281.4518,873.8231,1003.64,917.8385,2,55.53%,44.47%,1269
6632,6631,1490381,2290093,Risk 1 (High),60654,41.88968296,-87.63712096,0,1,0,License,1933,ORLEANS,207.0545,675.1877,896.362,792.4077,2,55.53%,44.47%,1270
5826,5825,1497651,2196544,Risk 1 (High),60609,41.82976433,-87.6506199,1,1,1,Canvass,1888,35TH,21087.1053,740.9416,514.3584,189.5256,2,55.54%,44.46%,1271
6633,6632,1490393,2290094,Risk 1 (High),60654,41.88968296,-87.63712096,0,1,0,License,1933,ORLEANS,169.4356,675.1877,896.362,792.4077,2,55.54%,44.46%,1272
643,642,1473412,26528,Risk 1 (High),60608,41.84878118,-87.67542918,1,1,0,Short Form Complaint,1889,BLUE,643.5032,781.787,674.6341,1322.2075,2,55.55%,44.45%,1273
1202,1201,1501443,48820,Risk 1 (High),60615,41.7995888,-87.5945231,1,1,0,Canvass,1989,53RD,192.8466,456.9861,1023.2744,1242.4093,2,55.56%,44.44%,1274
5886,5885,1453651,2202580,Risk 1 (High),60605,41.87666158,-87.62442805,1,1,0,Canvass,1925,MICHIGAN,365.901,1018.4714,1292.8244,1712.9836,2,55.57%,44.43%,1275
6066,6065,1496241,2234228,Risk 2 (Medium),60608,41.8519948,-87.68031325,0,1,0,Canvass Re-Inspection,1899,CERMAK,112.9123,378.7595,414.8981,731.9132,2,55.59%,44.41%,1276
6727,6726,1387553,2298339,Risk 1 (High),60619,41.75091157,-87.62048291,1,1,0,Canvass Re-Inspection,1920,79TH,79.9686,440.5346,437.3773,2084.2716,2,55.61%,44.39%,1277
1306,1305,1494146,56535,Risk 1 (High),60649,41.76567111,-87.56665317,0,1,0,Canvass Re-Inspection,1949,YATES,163.7485,494.9256,235.8635,1822.6655,2,55.62%,44.38%,1278
5014,5013,1497044,2109220,Risk 1 (High),60616,41.85201043,-87.63214187,0,1,0,Canvass Re-Inspection,1908,WENTWORTH,83.686,256.4721,531.3707,1343.183,2,55.63%,44.37%,1279
19,18,1401780,691,Risk 1 (High),60614,41.92001599,-87.6414492,0,1,0,Canvass Re-Inspection,1891,CLEVELAND,644.0706,587.8898,89.8213,394.463,2,55.64%,44.36%,1280
6944,6943,1387339,2308240,Risk 2 (Medium),60628,41.68194036,-87.64195936,1,1,0,License Re-Inspection,1923,117TH,584.8929,628.3386,863.4713,2922.0684,2,55.65%,44.35%,1281
451,450,1447565,20151,Risk 1 (High),60606,41.87736776,-87.63385357,1,1,0,Canvass,1901,WELLS,357.8902,630.5075,695.5407,1421.7975,2,55.69%,44.31%,1282
3072,3071,1453641,1742905,Risk 1 (High),60604,41.87801449,-87.63318903,1,1,0,Canvass,1928,JACKSON,899.6572,596.89,886.9672,1130.3971,2,55.70%,44.30%,1283
7617,7616,1307715,2354752,Risk 1 (High),60621,41.78350298,-87.64438638,0,1,0,License Re-Inspection,1904,61ST,922.0593,411.0754,622.0491,2076.4874,2,55.73%,44.27%,1284
3407,3406,1453359,1848298,Risk 1 (High),60605,41.87365926,-87.6243595,0,1,0,Canvass Re-Inspection,1910,MICHIGAN,426.9591,781.3666,1211.5951,2034.2972,2,55.77%,44.23%,1285
6331,6330,1501941,2263714,Risk 1 (High),60601,41.88741511,-87.62469815,1,1,0,Canvass,1888,MICHIGAN,139.3897,381.3139,562.3344,1588.6769,2,55.78%,44.22%,1286
55,54,1460131,1599,Risk 1 (High),60608,41.84804402,-87.68293718,1,1,0,Canvass Re-Inspection,1891,OAKLEY,224.8396,764.773,528.1142,1071.6753,2,55.79%,44.21%,1287
4378,4377,1439493,2021155,Risk 1 (High),60611,41.89098523,-87.6152952,1,1,0,Canvass Re-Inspection,1908,ILLINOIS,698.0167,555.1766,591.5286,1330.4301,2,55.82%,44.18%,1288
7356,7355,1493352,2334190,Risk 1 (High),60615,41.7951706,-87.5971002,1,1,0,Complaint,1913,55TH,536.2413,527.2302,784.9695,2616.4296,2,55.85%,44.15%,1289
9,8,1401950,207,Risk 2 (Medium),60614,41.91819779,-87.63974737,1,1,0,Canvass Re-Inspection,1896,ARMITAGE,512.1461,563.6806,311.4867,660.3391,2,55.85%,44.15%,1290
4467,4466,1515239,2032813,Risk 1 (High),60607,41.87783134,-87.64764835,1,1,0,Canvass,1915,JACKSON,603.7057,274.5648,673.8797,1017.2097,2,55.88%,44.12%,1291
5072,5071,1512892,2115046,Risk 1 (High),60654,41.88926602,-87.63484424,1,1,0,Complaint,1900,KINZIE,398.5991,597.7645,660.5834,1345.8989,2,55.91%,44.09%,1292
7793,7792,1383479,2364260,Risk 2 (Medium),60603,41.88152837,-87.62634253,0,0,0,License,1896,WABASH,744.5795,263.3557,229.1149,1141.1839,2,55.93%,44.07%,1293
4599,4598,1395469,2055653,Risk 1 (High),60614,41.91791682,-87.64835077,0,1,0,Canvass Re-Inspection,1871,HALSTED,1559.4816,838.1542,120.0432,881.9144,2,55.95%,44.05%,1294
4650,4649,1497883,2064590,Risk 1 (High),60653,41.81681349,-87.61300231,1,1,0,Canvass,1890,43RD,380.9235,336.3691,165.6639,1984.3843,2,56.01%,43.99%,1295
6140,6139,1152084,2246409,Risk 1 (High),60609,41.80135826,-87.6552032,1,1,0,Short Form Complaint,1904,RACINE,1173.2586,276.8272,221.213,1398.4626,2,56.04%,43.96%,1296
2196,2195,1493412,1381720,Risk 1 (High),60603,41.88066458,-87.62708936,0,1,0,Canvass Re-Inspection,1927,MONROE,563.6462,573.7234,485.7907,828.8342,2,56.08%,43.92%,1297
3585,3584,1447589,1892933,Risk 1 (High),60606,41.87800606,-87.63402203,1,1,0,Canvass,1918,JACKSON,320.608,653.1291,790.6706,1314.4455,2,56.14%,43.86%,1298
6651,6650,1512709,2293179,Risk 1 (High),60617,41.74559121,-87.55263123,1,1,0,Canvass,1955,EXCHANGE,560.835,333.4318,336.4636,2386.1358,2,56.15%,43.85%,1299
1522,1521,1453576,78836,Risk 1 (High),60661,41.87772114,-87.64738599,1,1,0,Complaint,1915,HALSTED,437.7381,238.4688,667.8747,1093.8131,2,56.15%,43.85%,1300
3192,3191,1447522,1801484,Risk 1 (High),60606,41.87800606,-87.63402203,1,0,0,Canvass,1918,JACKSON,154.2165,653.1291,790.6706,1314.4455,2,56.16%,43.84%,1301
5663,5662,1501549,2177841,Risk 1 (High),60609,41.80130139,-87.65520167,1,1,0,Canvass,1904,RACINE,367.298,288.8661,210.8801,1391.6556,2,56.16%,43.84%,1302
7180,7179,1459915,2321015,Risk 1 (High),60605,41.87466288,-87.62906529,0,1,0,License Re-Inspection,1892,DEARBORN,407.1367,535.7412,586.071,1718.1704,2,56.17%,43.83%,1303
4733,4732,1435213,2073706,Risk 1 (High),60614,41.91808862,-87.64708315,1,1,0,Short Form Complaint,1871,ARMITAGE,461.5999,876.0035,222.0381,1056.1205,2,56.22%,43.78%,1304
126,125,1402195,3803,Risk 1 (High),60614,41.92170206,-87.64894373,0,1,0,Canvass Re-Inspection,1891,WEBSTER,480.1895,275.2012,264.9132,683.6341,2,56.22%,43.78%,1305
7553,7552,1497720,2350042,Risk 2 (Medium),60608,41.83920683,-87.64645355,0,1,0,License,1888,HALSTED,736.2082,628.4206,455.6421,1782.2205,2,56.24%,43.76%,1306
1666,1665,1497341,1070157,Risk 1 (High),60616,41.85093939,-87.63212018,0,1,0,Canvass Re-Inspection,1915,WENTWORTH,247.7292,509.3158,378.6993,1207.5646,2,56.25%,43.75%,1307
954,953,1502164,36890,Risk 1 (High),60603,41.88092404,-87.6249342,1,1,0,Canvass,1908,MONROE,334.1623,556.3901,565.5403,1385.2919,2,56.26%,43.74%,1308
1322,1321,1493321,57781,Risk 2 (Medium),60608,41.83920683,-87.64645355,0,1,0,Canvass Re-Inspection,1888,HALSTED,393.1172,628.4206,455.6421,1782.2205,2,56.29%,43.71%,1309
1293,1292,1515527,55355,Risk 1 (High),60614,41.93075191,-87.64909233,0,1,0,Complaint,1891,HALSTED,597.2122,628.2517,72.826,368.8983,2,56.30%,43.70%,1310
2387,2386,1383404,1489731,Risk 1 (High),60607,41.88166488,-87.66085705,0,1,0,Complaint Re-Inspection,1904,MADISON,190.296,513.5415,273.7337,650.0459,2,56.31%,43.69%,1311
910,909,1453589,34541,Risk 2 (Medium),60604,41.87837198,-87.62537328,0,1,0,Canvass Re-Inspection,1916,JACKSON,164.8064,829.6157,699.0876,1392.7116,2,56.32%,43.68%,1312
7494,7493,1502100,2348658,Risk 1 (High),60642,41.89427507,-87.65214171,1,1,0,Canvass,1889,MILWAUKEE,300.0201,433.2761,857.1765,1663.4498,2,56.33%,43.67%,1313
6613,6612,1387744,2289628,Risk 2 (Medium),60619,41.74611876,-87.60494689,1,1,0,Canvass,1926,COTTAGE,854.9113,252.0951,330.8973,2353.0829,2,56.35%,43.65%,1314
2985,2984,1363247,1717273,Risk 1 (High),60608,41.85203031,-87.67809097,1,1,0,Canvass,1904,CERMAK,481.9335,476.1811,418.537,904.3918,2,56.35%,43.65%,1315
2515,2514,1453411,1543382,Risk 1 (High),60605,41.874862,-87.62936304,1,1,0,Short Form Complaint,1891,Dearborn,270.361,543.0997,582.1559,1780.2396,2,56.36%,43.64%,1316
7022,7021,1497006,2313668,Risk 1 (High),60615,41.79958201,-87.59510894,0,0,0,License Re-Inspection,1989,53RD,1152.9491,507.3065,926.3886,1401.3869,2,56.37%,43.63%,1317
2396,2395,1512269,1491022,Risk 1 (High),60617,41.73878213,-87.58510297,1,1,0,Complaint,1923,STONY,448.2041,573.6824,629.5972,3071.3014,2,56.37%,43.63%,1318
4969,4968,1441508,2102722,Risk 1 (High),60657,41.93984553,-87.65110497,1,1,0,Canvass,1911,BELMONT,474.0044,282.2455,422.1822,305.8636,2,56.37%,43.63%,1319
7185,7184,1453548,2321099,Risk 2 (Medium),60604,41.87826992,-87.62052861,0,1,0,License Re-Inspection,2007,COLUMBUS,370.5887,1821.044,1601.8326,646.6889,2,56.41%,43.59%,1320
2282,2281,1512434,1447435,Risk 1 (High),60637,41.79140474,-87.58977784,1,1,0,Canvass,1905,57TH,1290.0821,958.0375,756.825,3049.2633,2,56.41%,43.59%,1321
4102,4101,1199470,1980154,Risk 1 (High),60661,41.88575261,-87.64116458,0,1,0,Canvass Re-Inspection,1874,Clinton,112.7252,580.0486,333.3275,1579.9494,2,56.42%,43.58%,1322
7184,7183,1453547,2321098,Risk 2 (Medium),60604,41.87826992,-87.62052861,0,1,0,License Re-Inspection,2007,COLUMBUS,158.7846,1821.044,1601.8326,646.6889,2,56.44%,43.56%,1323
1882,1881,1445239,1223709,Risk 1 (High),60610,41.91057211,-87.63454539,0,1,0,Canvass Re-Inspection,1881,WELLS,1171.4411,633.8412,265.9699,1254.7224,2,56.44%,43.56%,1324
701,700,1199610,28578,Risk 1 (High),60614,41.92898686,-87.66167992,1,1,0,Canvass,1896,WRIGHTWOOD,273.1113,493.4408,432.0503,587.6149,2,56.45%,43.55%,1325
6274,6273,1459858,2262291,Risk 1 (High),60657,41.93984335,-87.65125514,0,1,0,License Re-Inspection,1911,BELMONT,505.5783,276.8235,436.1333,346.2356,2,56.45%,43.55%,1326
2868,2867,1453361,1676129,Risk 1 (High),60604,41.87743774,-87.62858234,0,1,0,Canvass Re-Inspection,1933,PLYMOUTH,305.1978,447.8227,636.4586,1010.3904,2,56.45%,43.55%,1327
6275,6274,1459855,2262292,Risk 1 (High),60657,41.93984335,-87.65125514,0,1,0,License Re-Inspection,1911,BELMONT,469.6654,276.8235,436.1333,346.2356,2,56.45%,43.55%,1328
4201,4200,1453259,1992565,Risk 1 (High),60611,41.89063079,-87.62682913,1,1,0,Complaint,1937,WABASH,355.1257,318.8701,681.4239,893.4734,2,56.46%,43.54%,1329
6671,6670,1296763,2293671,Risk 1 (High),60643,41.70679286,-87.64443892,0,1,0,License Re-Inspection,1957,103RD,21087.1053,451.7359,720.778,2882.079,2,56.46%,43.54%,1330
7351,7350,1441296,2333986,Risk 1 (High),60657,41.93984335,-87.65125514,0,1,0,License Re-Inspection,1911,BELMONT,324.8702,276.8235,436.1333,346.2356,2,56.47%,43.53%,1331
7023,7022,1497008,2313669,Risk 1 (High),60615,41.79958201,-87.59510894,0,0,0,License Re-Inspection,1989,53RD,268.1871,507.3065,926.3886,1401.3869,2,56.48%,43.52%,1332
7021,7020,1497005,2313667,Risk 1 (High),60615,41.79958201,-87.59510894,0,1,0,License Re-Inspection,1989,53RD,147.2109,507.3065,926.3886,1401.3869,2,56.50%,43.50%,1333
3654,3653,1387612,1904431,Risk 1 (High),60619,41.73668847,-87.59419686,0,1,0,Canvass Re-Inspection,1970,87TH,651.0835,519.4367,920.1225,2412.3406,2,56.50%,43.50%,1334
2490,2489,1473954,1518855,Risk 1 (High),60608,41.8578563,-87.6556769,1,1,0,Complaint,1884,18TH,260.7618,337.7941,416.9289,1604.8675,2,56.52%,43.48%,1335
4810,4809,1512946,2084018,Risk 1 (High),60602,41.88310863,-87.62794877,1,1,0,Canvass,1914,WASHINGTON,999.9241,468.8188,519.5143,1263.0615,2,56.53%,43.47%,1336
5197,5196,1441408,2129570,Risk 1 (High),60657,41.93983529,-87.65180999,1,1,0,Complaint,1906,BELMONT,421.513,291.5694,464.0555,496.1047,2,56.53%,43.47%,1337
3468,3467,1441663,1874185,Risk 1 (High),60657,41.93983332,-87.65195465,1,1,0,Canvass,1906,BELMONT,573.6891,306.868,470.3944,535.2767,2,56.63%,43.37%,1338
5102,5101,1501829,2120454,Risk 1 (High),60611,41.89042416,-87.62396548,1,0,0,Canvass,1925,MICHIGAN,1569.3412,939.9106,559.8122,1090.7723,2,56.63%,43.37%,1339
1119,1118,1496719,44203,Risk 1 (High),60603,41.88102972,-87.61728157,0,1,0,Canvass Re-Inspection,2007,MONROE,387.9162,1423.4588,1657.2163,829.9853,2,56.65%,43.35%,1340
2693,2692,1447616,1596616,Risk 1 (High),60606,41.88197705,-87.63887584,1,1,0,Canvass,1929,RIVERSIDE,440.5866,1020.6801,795.9262,1130.6928,2,56.65%,43.35%,1341
912,911,1372413,34641,Risk 1 (High),60614,41.92860374,-87.6487247,0,1,0,Canvass Re-Inspection,1894,HALSTED,779.5622,520.9506,201.1712,615.8984,2,56.67%,43.33%,1342
3349,3348,1387763,1841985,Risk 1 (High),60628,41.69817,-87.6210242,1,1,0,Complaint,1941,MICHIGAN,457.9511,536.9188,787.8763,2902.0515,2,56.68%,43.32%,1343
7310,7309,1447350,2333062,Risk 1 (High),60606,41.88197705,-87.63887584,0,1,0,License Re-Inspection,1929,RIVERSIDE,207.1297,1020.6801,795.9262,1130.6928,2,56.68%,43.32%,1344
7041,7040,1387433,2313776,Risk 1 (High),60628,41.69475453,-87.596186,1,1,0,License Re-Inspection,1989,DOTY,360.8468,3263.6321,2799.3801,4498.274,2,56.69%,43.31%,1345
756,755,1496993,31036,Risk 1 (High),60620,41.7470861,-87.64408438,1,1,0,Complaint,1956,HALSTED,1018.631,579.6007,523.953,1539.4168,2,56.71%,43.29%,1346
2800,2799,1393314,1647717,Risk 1 (High),60614,41.92164705,-87.65241719,0,1,0,Canvass Re-Inspection,1877,WEBSTER,154.6445,421.1286,128.2167,890.5231,2,56.73%,43.27%,1347
1160,1159,1387578,46653,Risk 1 (High),60619,41.76560498,-87.61511391,1,1,0,Consultation,1918,71ST,289.2803,153.5145,165.8462,2107.8879,2,56.75%,43.25%,1348
3175,3174,1387351,1800256,Risk 1 (High),60628,41.68152836,-87.64217948,0,1,0,Canvass Re-Inspection,1938,HALSTED,231.4697,633.4831,852.9429,2937.4199,2,56.79%,43.21%,1349
7699,7698,1501413,2359428,Risk 1 (High),60619,41.76570172,-87.62110946,0,1,0,License Re-Inspection,1902,71ST,675.3964,285.2154,303.4482,2536.6451,2,56.79%,43.21%,1350
6352,6351,1473942,2269539,Risk 1 (High),60615,41.79931759,-87.58713414,0,0,0,License Re-Inspection,2004,LAKE,1408.9638,462.244,484.7891,820.0659,2,56.80%,43.20%,1351
4081,4080,1439305,1979616,Risk 1 (High),60611,41.89042416,-87.62396548,0,1,0,Canvass Re-Inspection,1925,MICHIGAN,273.4056,939.9106,559.8122,1090.7723,2,56.80%,43.20%,1352
3089,3088,1439229,1766380,Risk 1 (High),60611,41.90011846,-87.62398052,0,1,0,Canvass Re-Inspection,1920,WALTON,477.1538,408.7258,502.9393,1084.5533,2,56.82%,43.18%,1353
1446,1445,1512252,70217,Risk 1 (High),60601,41.88462378,-87.62047604,1,0,0,Canvass,1899,RANDOLPH,50.7161,945.3321,525.4304,1689.9407,2,56.86%,43.14%,1354
3216,3215,1490372,1803237,Risk 1 (High),60610,41.89670006,-87.63546085,0,1,0,Canvass Re-Inspection,1891,CHICAGO,442.4116,669.1854,676.6541,1761.9083,2,56.88%,43.12%,1355
1131,1130,1441524,44790,Risk 1 (High),60657,41.93993844,-87.6491183,1,1,0,Canvass,1919,HALSTED,817.4957,415.4887,347.0363,240.9385,2,56.89%,43.11%,1356
7538,7537,1447540,2349613,Risk 2 (Medium),60606,41.88356531,-87.63963728,0,1,0,License Re-Inspection,1913,CANAL,322.8875,915.9894,795.9053,1511.7814,2,56.90%,43.10%,1357
6353,6352,1473941,2269541,Risk 1 (High),60615,41.79931759,-87.58713414,0,0,0,License Re-Inspection,2004,LAKE,393.207,462.244,484.7891,820.0659,2,56.93%,43.07%,1358
1333,1332,1387617,59285,Risk 2 (Medium),60628,41.69584757,-87.64263372,1,1,0,Short Form Complaint,1951,HALSTED,236.5236,695.1908,946.5219,2685.5619,2,56.94%,43.06%,1359
4129,4128,1447583,1985041,Risk 1 (High),60606,41.87947562,-87.63558746,1,1,0,Canvass,1927,ADAMS,447.3336,897.3261,745.014,1280.1532,2,56.96%,43.04%,1360
7306,7305,1467406,2333013,Risk 1 (High),60607,41.88569922,-87.65184383,0,1,0,License Re-Inspection,1920,LAKE,21087.1053,478.2393,432.5193,1645.7089,2,56.97%,43.03%,1361
7307,7306,1467407,2333014,Risk 1 (High),60607,41.88569922,-87.65184383,0,0,0,License Re-Inspection,1920,LAKE,21087.1053,478.2393,432.5193,1645.7089,2,56.97%,43.03%,1362
7157,7156,1363225,2320536,Risk 1 (High),60608,41.85221316,-87.68039534,1,1,0,Canvass,1917,CERMAK,319.475,354.5876,427.8251,813.6532,2,56.98%,43.02%,1363
568,567,1502186,23325,Risk 1 (High),60611,41.88945828,-87.62036838,1,0,0,Canvass,1991,NORTH,641.1874,844.2264,845.2472,221.4319,2,56.99%,43.01%,1364
2249,2248,1387652,1444218,Risk 1 (High),60628,41.68997809,-87.62292566,1,1,0,Complaint,1959,112TH,160.933,391.5422,505.1982,2344.9603,2,56.99%,43.01%,1365
351,350,1512790,14627,Risk 1 (High),60610,41.90963782,-87.63480941,1,1,0,Canvass,1881,N,399.4985,735.886,202.5391,1315.7937,2,57.00%,43.00%,1366
570,569,1502182,23331,Risk 1 (High),60611,41.88945828,-87.62036838,1,0,0,Canvass,1991,NORTH,522.606,844.2264,845.2472,221.4319,2,57.01%,42.99%,1367
4610,4609,1459336,2059799,Risk 1 (High),60610,41.91008024,-87.63452977,1,0,0,Canvass Re-Inspection,1886,WELLS,279.1262,721.2176,218.4769,1233.3798,2,57.01%,42.99%,1368
7288,7287,1490827,2328309,Risk 3 (Low),60610,41.91018953,-87.63453317,0,1,0,License Re-Inspection,1886,WELLS,299.329,706.6311,216.7227,1235.889,2,57.03%,42.97%,1369
1167,1166,1512366,46777,Risk 1 (High),60647,41.91911528,-87.67781605,1,1,0,Canvass,1891,DAMEN,21087.1053,446.9385,153.1992,1266.3392,2,57.04%,42.96%,1370
7287,7286,1490825,2328308,Risk 1 (High),60610,41.91018953,-87.63453317,0,1,0,License Re-Inspection,1886,WELLS,216.4461,706.6311,216.7227,1235.889,2,57.04%,42.96%,1371
567,566,1199295,23308,Risk 1 (High),60610,41.90897768,-87.63478912,0,1,0,Complaint Re-Inspection,1879,WELLS,53.2485,771.6141,198.7979,1355.8287,2,57.04%,42.96%,1372
571,570,1502187,23333,Risk 1 (High),60611,41.88945828,-87.62036838,1,1,0,Canvass,1991,NORTH,151.2964,844.2264,845.2472,221.4319,2,57.06%,42.94%,1373
572,571,1502180,23337,Risk 1 (High),60611,41.88945828,-87.62036838,1,1,0,Canvass,1991,NORTH,116.1003,844.2264,845.2472,221.4319,2,57.06%,42.94%,1374
6863,6862,1467290,2304450,Risk 1 (High),60661,41.8845434,-87.64233139,0,0,0,License,1892,RANDOLPH,582.5537,647.5102,681.4472,1836.0443,2,57.06%,42.94%,1375
5386,5385,1441480,2142703,Risk 1 (High),60657,41.93982841,-87.6523157,1,1,0,Canvass,1906,BELMONT,684.5462,354.5836,443.5157,633.1487,2,57.06%,42.94%,1376
3958,3957,1490565,1960118,Risk 1 (High),60608,41.83442188,-87.6460473,1,1,0,Short Form Complaint,1883,HALSTED,387.52,490.5908,250.884,1938.2935,2,57.07%,42.93%,1377
7113,7112,1453558,2319777,Risk 1 (High),60607,41.88575837,-87.64841059,0,1,0,License Re-Inspection,1883,LAKE,341.5995,661.4129,415.2324,1605.1457,2,57.08%,42.92%,1378
6289,6288,1453506,2262538,Risk 1 (High),60605,41.86262829,-87.61503109,0,1,0,Canvass Re-Inspection,2005,MUSEUM,585.2946,1412.2256,2024.5054,1658.1833,2,57.09%,42.91%,1379
7114,7113,1453557,2319778,Risk 3 (Low),60607,41.88575837,-87.64841059,0,1,0,License Re-Inspection,1883,LAKE,298.0703,661.4129,415.2324,1605.1457,2,57.09%,42.91%,1380
7283,7282,1305574,2328137,Risk 1 (High),60608,41.85803908,-87.65788508,0,1,0,License Re-Inspection,1878,18TH,170.1696,269.1741,295.1048,1725.4532,2,57.09%,42.91%,1381
4722,4721,1387620,2069782,Risk 1 (High),60617,41.72261999,-87.554078,0,1,0,Complaint Re-Inspection,2006,95TH,552.1005,479.1126,763.2388,2333.0311,2,57.09%,42.91%,1382
5532,5531,1490339,2156946,Risk 1 (High),60615,41.79939802,-87.59217413,0,1,1,Canvass Re-Inspection,1923,53RD,539.9597,573.6716,877.1456,632.1181,2,57.12%,42.88%,1383
6913,6912,1395875,2307964,Risk 1 (High),60622,41.89907981,-87.66722806,0,1,0,License Re-Inspection,1879,ASHLAND,79.7384,289.3888,180.8776,1059.887,2,57.12%,42.88%,1384
6074,6073,1199551,2240281,Risk 1 (High),60661,41.8845434,-87.64233139,1,1,0,Canvass,1892,RANDOLPH,81.7246,647.5102,681.4472,1836.0443,2,57.13%,42.87%,1385
5468,5467,1439234,2152522,Risk 1 (High),60611,41.89586561,-87.62301654,1,1,0,Canvass Re-Inspection,1902,SUPERIOR,112.7252,732.5812,630.4083,1715.9306,2,57.13%,42.87%,1386
1317,1316,1199329,57324,Risk 1 (High),60611,41.89479837,-87.61586665,0,1,0,Canvass Re-Inspection,1926,LAKE,258.6722,713.5345,1243.9297,2079.4628,2,57.16%,42.84%,1387
3233,3232,1387791,1804587,Risk 1 (High),60628,41.70737367,-87.61703039,1,1,0,Canvass,1900,103RD,109.1894,672.7698,949.1301,4024.9829,2,57.17%,42.83%,1388
498,497,1496775,22181,Risk 1 (High),60637,41.79511921,-87.58555526,1,1,0,Complaint,1936,CORNELL,204.5531,293.87,322.1508,2152.3009,2,57.17%,42.83%,1389
4950,4949,1502120,2098970,Risk 1 (High),60611,41.89112059,-87.6239887,1,1,0,Canvass,1925,MICHIGAN,332.2821,857.4869,521.1208,1160.3142,2,57.17%,42.83%,1390
3981,3980,1445241,1964133,Risk 1 (High),60610,41.90217193,-87.62850306,1,1,0,Complaint,1914,STATE,520.5488,565.7104,220.6192,890.2377,2,57.18%,42.82%,1391
3406,3405,1502131,1848055,Risk 2 (Medium),60611,41.89112059,-87.6239887,1,1,0,Canvass,1925,MICHIGAN,169.2859,857.4869,521.1208,1160.3142,2,57.20%,42.80%,1392
7345,7344,1515236,2333820,Risk 2 (Medium),60604,41.87803443,-87.63117141,1,1,0,Canvass,1961,JACKSON,3528.1037,675.8325,669.0318,784.1078,2,57.21%,42.79%,1393
1367,1366,1491047,61695,Risk 1 (High),60608,41.85203469,-87.67778652,0,1,0,Canvass Re-Inspection,1911,CERMAK,184.5645,514.8193,364.0848,955.7497,2,57.23%,42.77%,1394
5973,5972,1493894,2225524,Risk 1 (High),60616,41.85227106,-87.63272836,0,1,0,Canvass Re-Inspection,1925,22ND,423.1789,169.7217,509.8209,1472.5303,2,57.24%,42.76%,1395
7433,7432,1482479,2341075,Risk 2 (Medium),60640,41.97988252,-87.65981805,0,1,0,License,1915,BROADWAY,289.3362,479.0907,495.6703,65.4255,2,57.25%,42.75%,1396
209,208,1496289,7385,Risk 1 (High),60614,41.92801128,-87.64870593,0,1,0,Canvass Re-Inspection,1889,HALSTED,238.9343,452.3137,130.4935,805.7442,2,57.27%,42.73%,1397
6332,6331,1496440,2263755,Risk 1 (High),60616,41.85344447,-87.63334565,1,1,0,Consultation,1912,ARCHER,553.6124,211.136,526.4574,1752.3865,2,57.28%,42.72%,1398
6277,6276,1496958,2262309,Risk 1 (High),60608,41.85782785,-87.65741657,1,1,0,Canvass Re-Inspection,1884,18TH,49.3951,349.1063,350.0337,1725.6519,2,57.28%,42.72%,1399
2624,2623,1401783,1579243,Risk 1 (High),60640,41.98217442,-87.65988083,0,1,0,Complaint Re-Inspection,1891,BROADWAY,795.4998,540.2473,691.4253,793.0569,2,57.29%,42.71%,1400
1362,1361,1490379,61449,Risk 1 (High),60601,41.88807943,-87.62404737,1,1,0,Short Form Complaint,1927,WACKER,540.9958,631.7062,601.9681,1305.5338,2,57.29%,42.71%,1401
2344,2343,1467553,1476100,Risk 1 (High),60607,41.87669416,-87.63383684,1,1,0,Canvass,1910,WELLS,437.5468,692.4344,574.9704,1594.724,2,57.31%,42.69%,1402
2641,2640,1383461,1592160,Risk 1 (High),60601,41.88807943,-87.62404737,1,1,0,Canvass,1927,WACKER,421.3598,631.7062,601.9681,1305.5338,2,57.31%,42.69%,1403
5662,5661,1459602,2177840,Risk 2 (Medium),60649,41.75887879,-87.56631047,0,1,0,Complaint Re-Inspection,1927,E,1424.781,110.6217,41.8257,2714.9756,2,57.34%,42.66%,1404
1888,1887,1501396,1224221,Risk 1 (High),60601,41.88807943,-87.62404737,1,1,0,Canvass,1927,WACKER,45.7734,631.7062,601.9681,1305.5338,2,57.36%,42.64%,1405
1353,1352,1512804,61207,Risk 1 (High),60602,41.88347312,-87.62772975,1,1,0,Complaint,1914,STATE,233.453,428.8483,451.7466,1408.5777,2,57.36%,42.64%,1406
16,15,1439257,574,Risk 1 (High),60611,41.89856447,-87.61947058,0,1,0,Canvass Re-Inspection,1966,CHESTNUT,466.4973,535.8397,641.1364,542.6195,2,57.37%,42.63%,1407
6440,6439,1401574,2278186,Risk 1 (High),60615,41.80040989,-87.58843738,0,0,0,License Re-Inspection,2012,HARPER,445.4472,371.9896,211.5879,451.5086,2,57.39%,42.61%,1408
6151,6150,1401572,2246783,Risk 1 (High),60615,41.80040989,-87.58843738,0,0,0,License Re-Inspection,2012,HARPER,352.2606,371.9896,211.5879,451.5086,2,57.40%,42.60%,1409
6150,6149,1401570,2246782,Risk 1 (High),60615,41.80040989,-87.58843738,0,1,0,License Re-Inspection,2012,HARPER,321.8446,371.9896,211.5879,451.5086,2,57.41%,42.59%,1410
4346,4345,1501696,2014088,Risk 1 (High),60647,41.91039898,-87.69020683,1,1,0,Canvass,1901,NORTH,5120.1456,344.8625,321.2456,658.6703,2,57.42%,42.58%,1411
6457,6456,1401554,2278787,Risk 1 (High),60615,41.80040952,-87.58836369,0,0,0,License Re-Inspection,2012,HARPER,382.1247,367.6659,214.0474,470.4747,2,57.45%,42.55%,1412
1724,1723,1453495,1122244,Risk 1 (High),60605,41.87279887,-87.62433781,1,1,0,Canvass,1927,MICHIGAN,230.8774,736.9434,914.9512,1848.9739,2,57.45%,42.55%,1413
550,549,1497112,23105,Risk 2 (Medium),60642,41.91072929,-87.65315262,1,1,0,Short Form Complaint,1906,NORTH,433.8741,638.6992,696.4275,1292.1159,2,57.46%,42.54%,1414
6877,6876,1453229,2304670,Risk 1 (High),60605,41.87077549,-87.6242927,0,1,0,License Re-Inspection,1913,MICHIGAN,501.7069,489.3591,399.4688,1580.0045,2,57.49%,42.51%,1415
7078,7077,1467504,2314248,Risk 1 (High),60607,41.88173703,-87.65654695,0,1,0,License Re-Inspection,1910,MADISON,465.6286,399.0879,410.2122,1133.5653,2,57.51%,42.49%,1416
3354,3353,1501329,1842823,Risk 1 (High),60622,41.9000075,-87.66725382,1,1,0,Canvass,1891,ASHLAND,242.9001,339.5612,232.1839,993.0861,2,57.52%,42.48%,1417
2652,2651,1372490,1593096,Risk 2 (Medium),60601,41.88459747,-87.62850188,0,1,0,Complaint Re-Inspection,1899,RANDOLPH,1011.9787,475.3409,409.7206,1724.3298,2,57.53%,42.47%,1418
2662,2661,1199468,1594211,Risk 1 (High),60661,41.88427569,-87.64757923,0,1,0,Canvass Re-Inspection,1879,HALSTED,187.7299,569.8033,281.9454,1691.8304,2,57.53%,42.47%,1419
7809,7808,1515500,2368327,Risk 1 (High),60632,41.80100544,-87.68661612,0,1,0,License Re-Inspection,1904,51ST,385.9141,675.5553,308.7234,1501.6134,2,57.57%,42.43%,1420
3196,3195,1491049,1801494,Risk 1 (High),60601,41.88458627,-87.63101045,1,0,0,Canvass Re-Inspection,1911,RANDOLPH,2606.4375,689.9932,561.5061,1693.7912,2,57.58%,42.42%,1421
5584,5583,1447560,2162577,Risk 1 (High),60606,41.88553435,-87.6340712,1,1,0,Canvass,1878,WELLS,259.9653,211.9607,319.9655,1969.0606,2,57.59%,42.41%,1422
3199,3198,1453662,1801618,Risk 1 (High),60605,41.87448117,-87.62935654,1,1,0,Canvass,1911,DEARBORN,183.7828,526.4405,488.8113,1642.3652,2,57.60%,42.40%,1423
7416,7415,1453415,2341007,Risk 1 (High),60607,41.88031878,-87.66691311,0,1,0,License Re-Inspection,1905,ASHLAND,441.2743,460.4401,681.4291,1471.2064,2,57.64%,42.36%,1424
2772,2771,1473884,1622872,Risk 1 (High),60649,41.76660302,-87.56632372,0,1,0,Complaint Re-Inspection,2004,SOUTH,988.4821,483.7226,435.7683,1593.1787,2,57.66%,42.34%,1425
7658,7657,1512276,2358636,Risk 1 (High),60622,41.90742473,-87.67307367,1,1,0,Canvass,1883,MILWAUKEE,405.2453,324.0359,395.3328,1257.2781,2,57.67%,42.33%,1426
7707,7706,1497938,2359708,Risk 1 (High),60653,41.80941584,-87.6069929,0,0,0,License,1910,47TH,298.2649,563.4862,548.2695,2674.7045,2,57.68%,42.32%,1427
5428,5427,1497466,2147331,Risk 1 (High),60654,41.89248921,-87.63484457,1,1,0,Canvass,1909,OHIO,485.9294,607.785,583.9478,1600.8997,2,57.73%,42.27%,1428
960,959,1493685,37212,Risk 1 (High),60642,41.89324923,-87.64879206,0,1,0,Canvass Re-Inspection,1928,ERIE,831.1799,562.6229,735.8377,1228.8884,2,57.76%,42.24%,1429
4732,4731,1491077,2073687,Risk 1 (High),60614,41.91822237,-87.65288891,0,1,0,Canvass Re-Inspection,1891,ARMITAGE,775.6322,263.5878,155.1016,1018.7492,2,57.77%,42.23%,1430
2115,2114,1490993,1337207,Risk 1 (High),60614,41.9300343,-87.64364089,0,1,0,Canvass Re-Inspection,1894,CLARK,273.7915,483.5815,202.9919,990.8428,2,57.77%,42.23%,1431
1636,1635,1467332,1045301,Risk 1 (High),60607,41.88427445,-87.66243303,0,1,0,Canvass Re-Inspection,1930,RANDOLPH,667.2815,868.1139,1256.8405,1692.7159,2,57.77%,42.23%,1432
5773,5772,1497878,2189449,Risk 1 (High),60601,41.88775652,-87.62551819,1,1,0,Complaint,1928,WACKER,374.0008,476.9441,640.1535,1468.9185,2,57.78%,42.22%,1433
664,663,1439639,27303,Risk 1 (High),60611,41.8955931,-87.62658249,1,1,0,Complaint,1891,SUPERIOR,803.6393,199.277,371.4976,1856.0019,2,57.80%,42.20%,1434
7719,7718,1467558,2359954,Risk 3 (Low),60607,41.88404873,-87.66305613,0,0,0,License Re-Inspection,1930,RANDOLPH,198.0062,934.8177,1276.494,1693.9472,2,57.80%,42.20%,1435
7718,7717,1467557,2359936,Risk 1 (High),60607,41.88404873,-87.66305613,0,1,0,License Re-Inspection,1930,RANDOLPH,196.4708,934.8177,1276.494,1693.9472,2,57.80%,42.20%,1436
7743,7742,1515278,2363188,Risk 1 (High),60619,41.76568233,-87.62201579,0,1,0,License,1914,71ST,242.8017,175.5064,261.9141,2532.3941,2,57.80%,42.20%,1437
4373,4372,1515508,2020845,Risk 2 (Medium),60601,41.88458627,-87.63101045,1,1,0,Short Form Complaint,1911,RANDOLPH,723.7163,689.9932,561.5061,1693.7912,2,57.83%,42.17%,1438
147,146,1459816,4378,Risk 1 (High),60614,41.9189432,-87.64868497,1,1,0,Short Form Complaint,1914,HALSTED,406.0692,767.3984,119.5462,525.7453,2,57.83%,42.17%,1439
6460,6459,1441562,2278852,Risk 1 (High),60657,41.94073017,-87.65113415,1,1,0,Canvass,1929,CLARK,288.2914,213.6846,447.7133,407.4558,2,57.84%,42.16%,1440
6251,6250,1447419,2256573,Risk 1 (High),60606,41.87992331,-87.63880254,1,1,0,Canvass,1965,RIVERSIDE,244.9907,1174.0758,779.152,741.3228,2,57.84%,42.16%,1441
1116,1115,1474008,44026,Risk 1 (High),60608,41.84804175,-87.6853803,0,1,0,Canvass Re-Inspection,1884,WESTERN,298.6759,402.1478,291.3622,1557.0045,2,57.84%,42.16%,1442
7223,7222,1459882,2326815,Risk 1 (High),60653,41.80960148,-87.61674117,0,1,0,License Re-Inspection,1958,DR,455.6303,392.4476,546.8997,1632.4109,2,57.84%,42.16%,1443
4407,4406,1439514,2026680,Risk 1 (High),60611,41.89539636,-87.61625092,0,1,0,Canvass Re-Inspection,1939,LAKE,441.2857,905.0412,1198.9388,1963.7479,2,57.88%,42.12%,1444
6375,6374,1515235,2269815,Risk 1 (High),60607,41.87804963,-87.64774148,1,1,0,Canvass,1950,JACKSON,503.7709,323.8144,703.2039,939.9302,2,57.88%,42.12%,1445
7343,7342,1372580,2333786,Risk 2 (Medium),60601,41.88458627,-87.63101045,0,1,0,License Re-Inspection,1911,RANDOLPH,280.1957,689.9932,561.5061,1693.7912,2,57.89%,42.11%,1446
1659,1658,1515364,1069683,Risk 1 (High),60601,41.88458627,-87.63101045,1,1,0,Canvass,1911,RANDOLPH,171.0489,689.9932,561.5061,1693.7912,2,57.90%,42.10%,1447
898,897,1490347,34344,Risk 2 (Medium),60628,41.70701074,-87.64269047,0,1,0,Canvass Re-Inspection,1928,HALSTED,397.6572,597.9424,731.2755,3116.9702,2,57.96%,42.04%,1448
6801,6800,1385331,2299510,Risk 1 (High),60639,41.90973595,-87.72927347,0,1,0,Canvass Re-Inspection,1892,NORTH,262.4976,537.2655,257.2678,219.9309,2,57.99%,42.01%,1449
3162,3161,1512668,1799043,Risk 1 (High),60661,41.88487323,-87.64759639,1,1,0,Canvass,1879,HALSTED,664.5067,572.7946,321.3834,1892.6484,2,57.99%,42.01%,1450
3240,3239,1363222,1816687,Risk 1 (High),60608,41.85779265,-87.65963426,1,1,0,Canvass,1884,18TH,203.8899,225.1482,382.3549,1971.2642,2,58.00%,42.00%,1451
1412,1411,1459665,66572,Risk 1 (High),60614,41.92757678,-87.65152817,1,1,0,Canvass,1891,LINCOLN,549.6345,363.4695,131.359,976.0742,2,58.00%,42.00%,1452
7803,7802,1512641,2368068,Risk 1 (High),60614,41.92757678,-87.65152817,0,0,0,License,1891,LINCOLN,484.2769,363.4695,131.359,976.0742,2,58.01%,41.99%,1453
1818,1817,1439567,1167576,Risk 1 (High),60611,41.8982413,-87.62663176,1,1,0,Complaint,1923,CHESTNUT,868.6068,523.6034,283.4779,1118.7751,2,58.02%,41.98%,1454
546,545,1372591,23087,Risk 2 (Medium),60602,41.88220547,-87.62538377,0,1,0,Complaint Re-Inspection,1910,MADISON,242.1724,188.288,226.8024,1492.087,2,58.04%,41.96%,1455
7656,7655,1497177,2358595,Risk 1 (High),60614,41.92776406,-87.65221663,0,1,0,License Re-Inspection,1891,LINCOLN,181.5142,422.7766,169.9583,1013.7868,2,58.07%,41.93%,1456
2674,2673,1199585,1595334,Risk 2 (Medium),60614,41.92854129,-87.64207634,0,1,0,Canvass Re-Inspection,1901,CLARK,397.5688,672.6644,42.4893,775.7722,2,58.07%,41.93%,1457
3824,3823,1493946,1937482,Risk 1 (High),60614,41.92716897,-87.6412687,1,1,0,Canvass Re-Inspection,1891,CLARK,305.1423,314.3334,94.0869,1087.9032,2,58.08%,41.92%,1458
155,154,1482486,5682,Risk 1 (High),60640,41.96924878,-87.65982426,1,1,0,Canvass,1906,BROADWAY,102.3711,499.8265,228.2911,277.8971,2,58.09%,41.91%,1459
7735,7734,1501882,2362869,Risk 1 (High),60607,41.87695299,-87.63393972,0,1,0,License Re-Inspection,1926,VAN,588.3586,666.7264,595.68,1544.0605,2,58.11%,41.89%,1460
626,625,1490429,25772,Risk 1 (High),60617,41.73416431,-87.55121062,0,1,1,Complaint Re-Inspection,1929,COMMERCIAL,1140.2631,404.7767,489.9078,1553.0625,2,58.13%,41.87%,1461
3511,3510,1480382,1879666,Risk 1 (High),60623,41.85175898,-87.69794352,1,1,0,Canvass,1889,CERMAK,593.6813,522.5034,348.39,1413.6833,2,58.13%,41.87%,1462
4843,4842,1441391,2087859,Risk 2 (Medium),60657,41.93982046,-87.6527475,0,1,0,Canvass Re-Inspection,1911,BELMONT,223.559,427.2099,376.4492,750.3948,2,58.13%,41.87%,1463
5452,5451,1501588,2152041,Risk 1 (High),60654,41.88807428,-87.6349552,1,1,0,Canvass,1933,MERCHANDISE,367.298,719.74,799.9669,1520.8607,2,58.13%,41.87%,1464
5098,5097,1488236,2120289,Risk 1 (High),60608,41.85801203,-87.65964706,1,1,0,Canvass,1889,18TH,525.938,227.7412,383.5925,1927.9716,2,58.15%,41.85%,1465
6288,6287,1439550,2262505,Risk 1 (High),60611,41.89168852,-87.62430718,0,1,0,License,1932,MICHIGAN,428.9669,870.8222,530.9613,1324.4112,2,58.15%,41.85%,1466
6287,6286,1439552,2262504,Risk 1 (High),60611,41.89168852,-87.62430718,0,1,0,License Re-Inspection,1932,MICHIGAN,311.6505,870.8222,530.9613,1324.4112,2,58.17%,41.83%,1467
3112,3111,1439450,1768303,Risk 1 (High),60611,41.89168852,-87.62430718,0,1,0,Canvass Re-Inspection,1932,MICHIGAN,290.7038,870.8222,530.9613,1324.4112,2,58.17%,41.83%,1468
6945,6944,1372456,2308271,Risk 1 (High),60611,41.89168852,-87.62430718,0,0,0,License Re-Inspection,1932,MICHIGAN,271.0845,870.8222,530.9613,1324.4112,2,58.18%,41.82%,1469
3346,3345,1387761,1841435,Risk 1 (High),60628,41.68300249,-87.64193645,1,1,0,Canvass,1962,HALSTED,126.6301,636.5454,858.4569,2866.4137,2,58.18%,41.82%,1470
95,94,1497577,3522,Risk 1 (High),60617,41.73655088,-87.55155815,0,1,1,Canvass Re-Inspection,1888,COMMERCIAL,91.6428,302.0004,372.4119,2205.1925,2,58.19%,41.81%,1471
6752,6751,1496549,2298768,Risk 1 (High),60614,41.91165375,-87.64814578,0,1,0,Canvass Re-Inspection,1891,HALSTED,220.6415,490.4929,284.8574,1390.7483,2,58.19%,41.81%,1472
6907,6906,1467392,2307949,Risk 3 (Low),60607,41.8835571,-87.6484324,0,0,0,License Re-Inspection,1908,GREEN,1094.3063,446.2136,298.8875,1364.7324,2,58.19%,41.81%,1473
2186,2185,1439610,1380994,Risk 1 (High),60611,41.89168852,-87.62430718,1,1,0,Complaint,1932,MICHIGAN,108.0597,870.8222,530.9613,1324.4112,2,58.20%,41.80%,1474
151,150,1453575,5012,Risk 1 (High),60607,41.88685112,-87.6520301,0,1,0,Canvass Re-Inspection,1924,FULTON,220.7664,495.574,593.7275,1273.6972,2,58.20%,41.80%,1475
2936,2935,1439362,1694756,Risk 1 (High),60611,41.89168852,-87.62430718,0,1,0,Canvass Re-Inspection,1932,MICHIGAN,76.225,870.8222,530.9613,1324.4112,2,58.20%,41.80%,1476
4658,4657,1439611,2065030,Risk 1 (High),60611,41.89168852,-87.62430718,1,1,0,Canvass,1932,MICHIGAN,43.9732,870.8222,530.9613,1324.4112,2,58.21%,41.79%,1477
4868,4867,1459679,2088985,Risk 1 (High),60640,41.98170476,-87.66016364,0,1,0,Canvass Re-Inspection,1911,BROADWAY,412.9786,561.0071,657.318,622.8341,2,58.24%,41.76%,1478
2401,2400,1497733,1491848,Risk 2 (Medium),60608,41.84937723,-87.65847732,1,1,0,Canvass,1926,THROOP,531.3843,1793.9768,1652.1005,2710.5058,2,58.26%,41.74%,1479
6908,6907,1467389,2307951,Risk 3 (Low),60607,41.8835571,-87.6484324,0,0,0,License Re-Inspection,1908,GREEN,506.1843,446.2136,298.8875,1364.7324,2,58.27%,41.73%,1480
5982,5981,1459655,2229533,Risk 1 (High),60647,41.91091779,-87.6773264,1,1,0,Canvass,1879,Damen,525.938,270.5476,266.3532,1289.4102,2,58.27%,41.73%,1481
7146,7145,1467388,2320304,Risk 3 (Low),60607,41.8835571,-87.6484324,0,0,0,License Re-Inspection,1908,GREEN,481.3451,446.2136,298.8875,1364.7324,2,58.28%,41.72%,1482
6909,6908,1467391,2307952,Risk 3 (Low),60607,41.8835571,-87.6484324,0,0,0,License Re-Inspection,1908,GREEN,443.122,446.2136,298.8875,1364.7324,2,58.28%,41.72%,1483
6990,6989,1467390,2309036,Risk 3 (Low),60607,41.8835571,-87.6484324,0,0,0,License Re-Inspection,1908,GREEN,392.2895,446.2136,298.8875,1364.7324,2,58.29%,41.71%,1484
6910,6909,1199420,2307954,Risk 3 (Low),60607,41.8835571,-87.6484324,0,0,0,License Re-Inspection,1908,GREEN,301.2091,446.2136,298.8875,1364.7324,2,58.30%,41.70%,1485
6754,6753,1199418,2298789,Risk 3 (Low),60607,41.8835571,-87.6484324,0,0,0,License Re-Inspection,1908,GREEN,259.5726,446.2136,298.8875,1364.7324,2,58.30%,41.70%,1486
6912,6911,1199419,2307958,Risk 3 (Low),60607,41.8835571,-87.6484324,0,0,0,License Re-Inspection,1908,GREEN,256.0024,446.2136,298.8875,1364.7324,2,58.30%,41.70%,1487
6911,6910,1199417,2307956,Risk 1 (High),60607,41.8835571,-87.6484324,0,1,0,License Re-Inspection,1908,GREEN,198.0573,446.2136,298.8875,1364.7324,2,58.31%,41.69%,1488
3907,3906,1467500,1953491,Risk 1 (High),60607,41.88416411,-87.65501711,0,1,0,Canvass Re-Inspection,1879,RANDOLPH,1105.5158,545.6224,412.2678,2035.6789,2,58.33%,41.67%,1489
7624,7623,1482409,2354927,Risk 1 (High),60640,41.97874312,-87.66008181,0,1,0,License,1925,BROADWAY,59.3027,544.5418,701.2392,458.5676,2,58.42%,41.58%,1490
7496,7495,1491033,2348801,Risk 1 (High),60614,41.92347283,-87.63934862,0,1,0,License Re-Inspection,1896,CLARK,342.7171,382.3799,202.6778,1277.9029,2,58.42%,41.58%,1491
457,456,1490673,20451,Risk 1 (High),60654,41.89628637,-87.64766873,0,1,0,Canvass Re-Inspection,1929,CHICAGO,642.7315,628.2776,826.5375,1494.7388,2,58.42%,41.58%,1492
3748,3747,1496646,1922105,Risk 2 (Medium),60625,41.96975372,-87.68940344,0,1,0,Canvass Re-Inspection,1910,LINCOLN,449.3677,785.4925,467.3648,185.4045,2,58.42%,41.58%,1493
6987,6986,1513181,2308925,Risk 1 (High),60614,41.92528007,-87.66677401,1,1,0,Complaint,1890,FULLERTON,21087.1053,317.2959,252.7814,1931.0885,2,58.43%,41.57%,1494
4535,4534,1453535,2043542,Risk 1 (High),60607,41.88663283,-87.65193719,0,1,0,Canvass Re-Inspection,1924,FULTON,639.745,482.6735,566.77,1335.613,2,58.43%,41.57%,1495
6026,6025,1502063,2232395,Risk 1 (High),60609,41.81620726,-87.66530182,1,1,0,Canvass,1889,ASHLAND,907.7621,698.0206,810.9247,2835.1073,2,58.45%,41.55%,1496
432,431,1110423,18872,Risk 1 (High),60614,41.91847496,-87.65352812,0,1,0,Canvass Re-Inspection,1895,SHEFFIELD,464.7822,200.4184,138.5249,1109.4628,2,58.45%,41.55%,1497
7451,7450,1372693,2341231,Risk 2 (Medium),60603,41.88167476,-87.63250419,0,0,0,License,1949,LA,302.9205,292.1725,382.7439,915.1766,2,58.45%,41.55%,1498
145,144,1473602,4256,Risk 1 (High),60614,41.92640172,-87.65031153,0,1,0,Canvass Re-Inspection,1881,LINCOLN,521.4371,419.2046,104.0469,1313.9999,2,58.47%,41.53%,1499
4970,4969,1447479,2102789,Risk 1 (High),60607,41.88427722,-87.64865853,0,1,0,Canvass Re-Inspection,1884,RANDOLPH,472.4367,436.3891,43.0447,1600.9034,2,58.47%,41.53%,1500
3509,3508,1491123,1879454,Risk 1 (High),60654,41.88992611,-87.62994364,0,1,0,Canvass Re-Inspection,2008,HUBBARD,262.2092,420.8666,687.999,30.9926,2,58.49%,41.51%,1501
1430,1429,1372679,68701,Risk 1 (High),60601,41.88555517,-87.62808273,1,0,0,Canvass Re-Inspection,1917,STATE,184.7697,527.7526,484.6529,1701.8079,2,58.49%,41.51%,1502
4443,4442,1439338,2031719,Risk 1 (High),60611,41.89267717,-87.62219449,1,1,0,Short Form Complaint,1925,OHIO,716.1717,518.3273,123.9035,1144.0394,2,58.51%,41.49%,1503
1774,1773,1473977,1143582,Risk 1 (High),60632,41.80822254,-87.70462535,0,1,0,Canvass Re-Inspection,1925,47TH,537.022,288.121,883.6095,1784.2948,2,58.53%,41.47%,1504
3973,3972,1434418,1963624,Risk 2 (Medium),60649,41.75972064,-87.58631045,1,1,0,Short Form Complaint,1990,STONY,191.0937,595.0132,610.0833,2119.3449,2,58.53%,41.47%,1505
201,200,1493911,7146,Risk 1 (High),60614,41.92946918,-87.65460557,0,1,0,Canvass Re-Inspection,1881,LINCOLN,289.6048,477.4735,128.8235,1268.1184,2,58.55%,41.45%,1506
1731,1730,1459593,1122833,Risk 1 (High),60610,41.90692621,-87.63472978,0,1,0,Canvass Re-Inspection,1891,WELLS,380.7332,646.185,272.0097,1706.5665,2,58.55%,41.45%,1507
436,435,1445222,19012,Risk 1 (High),60610,41.8972544,-87.63286836,0,1,0,Canvass Re-Inspection,1937,LA,49.8975,392.069,589.6881,1269.2153,2,58.56%,41.44%,1508
1424,1423,1434772,68336,Risk 1 (High),60610,41.89857008,-87.63590301,1,1,0,Canvass Re-Inspection,1921,FRANKLIN,185.4456,658.5644,416.1698,1322.7962,2,58.56%,41.44%,1509
1845,1844,1490856,1193131,Risk 1 (High),60614,41.92323687,-87.65368543,0,1,0,Canvass Re-Inspection,1891,SHEFFIELD,243.9712,570.6773,475.364,1548.3525,2,58.57%,41.43%,1510
7056,7055,1493981,2314036,Risk 1 (High),60642,41.89098034,-87.65645936,0,0,0,License Re-Inspection,1879,GRAND,981.4436,278.5646,79.6531,1641.4096,2,58.57%,41.43%,1511
4570,4569,1152021,2049909,Risk 1 (High),60637,41.79136324,-87.59386259,0,1,0,Canvass Re-Inspection,1908,57TH,263.6728,570.725,533.6888,3318.8796,2,58.58%,41.42%,1512
7211,7210,1459393,2326536,Risk 1 (High),60642,41.90693003,-87.65064506,0,1,0,License Re-Inspection,1922,KINGSBURY,1068.9717,1812.6987,999.5991,1692.0529,2,58.59%,41.41%,1513
897,896,1473915,34343,Risk 2 (Medium),60628,41.6631821,-87.64156527,1,1,0,Canvass,1957,HALSTED,132.7294,402.6111,1127.417,3632.1947,2,58.60%,41.40%,1514
6182,6181,1496779,2252268,Risk 1 (High),60616,41.85297598,-87.62703309,0,1,0,Canvass Re-Inspection,1954,CERMAK,232.1723,669.8061,750.8122,1618.9203,2,58.62%,41.38%,1515
2456,2455,1490399,1514313,Risk 1 (High),60614,41.92594939,-87.64055081,0,1,0,Canvass Re-Inspection,1924,CLARK,21087.1053,356.7085,123.1468,1483.6901,2,58.64%,41.36%,1516
3341,3340,1493956,1841170,Risk 1 (High),60632,41.80121089,-87.68738618,0,1,0,Canvass Re-Inspection,1913,51ST,393.0754,665.1377,248.664,1572.3529,2,58.66%,41.34%,1517
784,783,1473630,32317,Risk 1 (High),60606,41.87853128,-87.63942746,1,1,0,Canvass,1972,CANAL,532.3823,867.3054,844.0556,970.5025,2,58.67%,41.33%,1518
708,707,1441274,28875,Risk 1 (High),60657,41.94211027,-87.65224955,0,1,0,Canvass Re-Inspection,1909,CLARK,308.9004,448.1473,401.6299,982.8423,2,58.70%,41.30%,1519
1268,1267,1439496,53231,Risk 1 (High),60611,41.89847619,-87.62552376,0,1,0,Canvass Re-Inspection,1927,CHESTNUT,326.09,568.6961,370.8647,1339.2181,2,58.70%,41.30%,1520
980,979,1473546,37815,Risk 1 (High),60632,41.80120185,-87.68796644,0,1,0,Canvass Re-Inspection,1908,51ST,437.5468,640.9543,187.6596,1612.1845,2,58.71%,41.29%,1521
3291,3290,1473376,1820861,Risk 1 (High),60622,41.90646718,-87.67157369,0,1,0,Canvass Re-Inspection,1894,MILWAUKEE,176.2777,336.3104,382.4689,1356.8007,2,58.71%,41.29%,1522
4659,4658,1447613,2065037,Risk 1 (High),60606,41.88055703,-87.63713178,1,1,0,Canvass,1962,WACKER,235.6354,1049.7767,728.0066,1036.2033,2,58.71%,41.29%,1523
6429,6428,1387470,2277881,Risk 2 (Medium),60628,41.68545881,-87.64201677,1,1,0,Short Form Complaint,1963,HALSTED,297.6944,458.1351,693.8837,2812.1689,2,58.72%,41.28%,1524
5562,5561,1447608,2158229,Risk 1 (High),60606,41.8805479,-87.63398067,0,1,0,Canvass,1949,MONROE,464.5244,587.6897,488.7466,1102.3011,2,58.72%,41.28%,1525
3002,3001,1447598,1718547,Risk 1 (High),60606,41.8805479,-87.63398067,1,1,0,Canvass,1949,MONROE,428.4223,587.6897,488.7466,1102.3011,2,58.73%,41.27%,1526
13,12,1393305,349,Risk 1 (High),60614,41.92163662,-87.65300408,1,1,0,Canvass Re-Inspection,1906,WEBSTER,360.8231,376.9992,205.3896,1012.0053,2,58.73%,41.27%,1527
6044,6043,1439253,2233032,Risk 1 (High),60611,41.89935174,-87.62198691,0,1,0,Canvass Re-Inspection,1990,DELAWARE,663.0646,387.004,757.1235,590.2718,2,58.73%,41.27%,1528
1371,1370,1512659,62374,Risk 2 (Medium),60610,41.89072891,-87.62938566,1,1,0,Canvass Re-Inspection,1998,ILLINOIS,1144.5316,448.735,659.6379,313.9078,2,58.74%,41.26%,1529
497,496,1501339,22148,Risk 1 (High),60610,41.90360945,-87.63158311,1,1,0,Canvass,1906,CLARK,884.1109,672.3486,132.5086,1384.14,2,58.74%,41.26%,1530
2926,2925,1459995,1681884,Risk 1 (High),60637,41.78961185,-87.60508472,1,1,0,Canvass Re-Inspection,1972,MARYLAND,408.4112,1916.3377,2214.9211,3859.9201,2,58.76%,41.24%,1531
307,306,1496660,12296,Risk 1 (High),60614,41.93223004,-87.64884722,0,1,0,Canvass Re-Inspection,1901,HALSTED,105.4533,534.9828,49.4897,871.0992,2,58.76%,41.24%,1532
5152,5151,1383472,2125007,Risk 1 (High),60603,41.88180696,-87.62954312,1,1,0,Canvass,1969,DEARBORN,387.8641,724.569,426.9265,670.129,2,58.77%,41.23%,1533
3977,3976,1473760,1963864,Risk 1 (High),60622,41.91063004,-87.67525267,0,1,0,Canvass Re-Inspection,1882,NORTH,220.9284,347.2337,238.918,1366.7339,2,58.79%,41.21%,1534
7670,7669,1498096,2358908,Risk 3 (Low),60607,41.8867877,-87.65669395,0,0,0,License Re-Inspection,1902,FULTON,126.2279,538.6151,752.1805,2028.3576,2,58.79%,41.21%,1535
2922,2921,1439254,1681055,Risk 1 (High),60611,41.89935174,-87.62198691,0,1,0,Canvass Re-Inspection,1990,DELAWARE,189.0916,387.004,757.1235,590.2718,2,58.79%,41.21%,1536
6988,6987,1512391,2308962,Risk 1 (High),60608,41.85792306,-87.66521187,1,1,0,Canvass,1894,18TH,21087.1053,454.706,504.4289,2916.8706,2,58.80%,41.20%,1537
3373,3372,1501900,1844783,Risk 1 (High),60609,41.82415036,-87.65065803,1,1,0,Canvass,1966,MORGAN,510.7376,1288.7172,1401.3409,2139.1829,2,58.80%,41.20%,1538
1223,1222,1387557,50042,Risk 1 (High),60619,41.74353307,-87.60487318,1,1,0,Complaint,1972,COTTAGE,290.8128,309.315,364.9064,2210.0185,2,58.80%,41.20%,1539
6225,6224,1473562,2254182,Risk 1 (High),60623,41.85196403,-87.69882966,0,1,0,Complaint Re-Inspection,1889,CERMAK,907.7621,570.4387,221.2237,1474.0725,2,58.83%,41.17%,1540
7337,7336,1490732,2333634,Risk 2 (Medium),60622,41.91042491,-87.67427951,0,1,0,License,1891,NORTH,236.023,313.2471,206.1508,1175.1482,2,58.83%,41.17%,1541
4,3,1447556,62,Risk 1 (High),60606,41.88331786,-87.63476909,1,1,0,Canvass,1912,WASHINGTON,406.0492,376.4696,411.615,1774.4293,2,58.83%,41.17%,1542
1643,1642,1498019,1046017,Risk 2 (Medium),60622,41.91027801,-87.67751595,0,1,0,Canvass Re-Inspection,1889,MILWAUKEE,502.1422,256.9669,238.1042,1229.5845,2,58.84%,41.16%,1543
1596,1595,1490736,87119,Risk 1 (High),60622,41.90304558,-87.67919511,0,1,0,Canvass Re-Inspection,1896,DIVISION,74.7637,210.1628,247.4583,1131.2669,2,58.84%,41.16%,1544
7515,7514,1502158,2349144,Risk 1 (High),60622,41.90570957,-87.67039084,1,1,0,Complaint,1873,MILWAUKEE,890.8114,186.9953,107.8894,1567.0979,2,58.86%,41.14%,1545
7710,7709,1307725,2359747,Risk 1 (High),60636,41.78039045,-87.68381819,0,1,0,License Re-Inspection,1914,WESTERN,311.184,401.0848,102.1314,1699.7508,2,58.86%,41.14%,1546
7619,7618,1480360,2354821,Risk 1 (High),60623,41.85136621,-87.72976632,0,1,0,License Re-Inspection,1926,CERMAK,643.1219,242.416,356.1298,501.909,2,58.87%,41.13%,1547
6012,6011,1434760,2232227,Risk 1 (High),60610,41.89322898,-87.63930513,0,1,0,Canvass Re-Inspection,1935,ONTARIO,951.9569,522.2292,424.1024,1191.7925,2,58.88%,41.12%,1548
599,598,1497200,24883,Risk 1 (High),60622,41.90863767,-87.6873245,1,1,0,Complaint,1886,WESTERN,570.8691,357.9042,179.4614,1116.055,2,58.88%,41.12%,1549
6983,6982,1401630,2308902,Risk 1 (High),60617,41.73661152,-87.55126653,0,1,1,License Re-Inspection,1898,COMMERCIAL,163.629,317.8375,357.5627,2203.6144,2,58.88%,41.12%,1550
1288,1287,1501917,55247,Risk 1 (High),60654,41.88807038,-87.62969226,1,1,0,Canvass,1987,DEARBORN,284.2787,419.3748,774.9502,708.1521,2,58.88%,41.12%,1551
1289,1288,1501908,55253,Risk 1 (High),60654,41.88807038,-87.62969226,1,1,0,Canvass,1987,DEARBORN,248.1708,419.3748,774.9502,708.1521,2,58.89%,41.11%,1552
5117,5116,1512966,2120943,Risk 1 (High),60654,41.88911808,-87.6299233,1,1,0,Canvass,2008,KINZIE,697.1681,427.4224,803.0458,322.0602,2,58.90%,41.10%,1553
2943,2942,1512678,1695167,Risk 1 (High),60622,41.90305977,-87.67843726,1,1,0,Canvass,1889,DIVISION,954.886,212.7758,120.332,1193.4217,2,58.92%,41.08%,1554
6848,6847,1401735,2304295,Risk 2 (Medium),60622,41.90327498,-87.67867198,0,1,0,License Re-Inspection,1889,DIVISION,699.2213,184.0726,176.1367,1246.9989,2,58.92%,41.08%,1555
6881,6880,1473305,2304699,Risk 1 (High),60614,41.91821388,-87.65342198,0,0,0,License,1895,ARMITAGE,207.1297,261.3166,45.5933,1136.2515,2,58.93%,41.07%,1556
430,429,1385532,18784,Risk 2 (Medium),60639,41.90968948,-87.74967071,0,1,0,Canvass Re-Inspection,1912,NORTH,982.0709,372.041,480.4198,144.3557,2,58.94%,41.06%,1557
6444,6443,1441372,2278258,Risk 1 (High),60657,41.94345975,-87.65369309,0,1,0,Canvass Re-Inspection,1891,CLARK,270.0791,398.3691,581.6607,1612.1922,2,58.94%,41.06%,1558
7194,7193,1471290,2321259,Risk 2 (Medium),60647,41.91020304,-87.68787147,0,1,0,License Re-Inspection,1914,North,239.9225,173.0181,476.1405,896.0663,2,58.94%,41.06%,1559
2540,2539,1474156,1545880,Risk 1 (High),60622,41.90319053,-87.67029009,1,1,0,Short Form Complaint,1889,DIVISION,53.4569,374.625,262.579,1428.816,2,58.94%,41.06%,1560
800,799,1372635,32843,Risk 1 (High),60603,41.87943624,-87.62485436,0,1,0,Canvass Re-Inspection,1958,ADAMS,486.4715,953.1873,692.7499,1337.883,2,58.95%,41.05%,1561
1799,1798,1490346,1165431,Risk 1 (High),60643,41.72135315,-87.66027201,0,1,0,Canvass Re-Inspection,1943,95TH,166.4913,655.3097,303.7783,2223.4414,2,58.95%,41.05%,1562
3597,3596,1490551,1893666,Risk 1 (High),60608,41.83471435,-87.64605373,0,1,0,Canvass Re-Inspection,1911,HALSTED,815.3408,539.6994,305.2294,2026.8292,2,58.96%,41.04%,1563
3861,3860,1325162,1942919,Risk 1 (High),60647,41.91027701,-87.68286119,1,1,0,Canvass Re-Inspection,1884,NORTH,340.0043,311.0466,200.4765,1249.5408,2,58.98%,41.02%,1564
1696,1695,1155239,1118748,Risk 1 (High),60622,41.90304416,-87.6792709,0,1,0,Canvass Re-Inspection,1899,DIVISION,284.9324,224.312,251.6136,1126.9427,2,58.99%,41.01%,1565
742,741,1439361,30631,Risk 1 (High),60611,41.88911847,-87.61775488,0,1,0,Canvass Re-Inspection,1989,MCCLURG,148.7491,857.7434,671.8752,690.5963,2,59.00%,41.00%,1566
621,620,1459392,25590,Risk 2 (Medium),60654,41.88997769,-87.63122708,0,1,1,Complaint Re-Inspection,1881,CLARK,422.738,166.9382,558.9554,334.2227,2,59.00%,41.00%,1567
6124,6123,1402157,2245888,Risk 2 (Medium),60608,41.83476102,-87.64605472,0,1,0,Canvass Re-Inspection,1911,HALSTED,592.2647,548.6346,315.6593,2041.1219,2,59.00%,41.00%,1568
4069,4068,1501930,1976104,Risk 1 (High),60623,41.85164289,-87.70640811,1,1,0,Canvass,1879,CERMAK,854.9113,385.2868,154.2486,1566.3233,2,59.00%,41.00%,1569
6155,6154,1512937,2246852,Risk 2 (Medium),60614,41.9238165,-87.63955493,1,1,0,Short Form Complaint,1896,CLARK,1049.0052,410.0553,132.394,1396.0496,2,59.00%,41.00%,1570
5714,5713,1447442,2184293,Risk 1 (High),60606,41.87842163,-87.63506331,1,1,0,Complaint,1949,FRANKLIN,356.3272,808.7734,733.6018,1468.6663,2,59.01%,40.99%,1571
5246,5245,1385268,2133985,Risk 1 (High),60639,41.90995211,-87.72953056,1,1,0,Tag Removal,1910,NORTH,168.5184,559.5597,232.456,128.9696,2,59.01%,40.99%,1572
1360,1359,1493885,61245,Risk 1 (High),60617,41.72256484,-87.5764288,1,1,0,Complaint,2007,95TH,21087.1053,687.721,428.3997,3029.0629,2,59.01%,40.99%,1573
3120,3119,1501821,1769074,Risk 1 (High),60610,41.88983292,-87.63122265,1,1,1,Canvass,1881,CLARK,109.6938,163.211,568.2934,338.4398,2,59.01%,40.99%,1574
339,338,1501896,13712,Risk 1 (High),60610,41.90524023,-87.6346755,1,1,0,Canvass,1881,WELLS,745.368,484.1278,314.8958,2151.3858,2,59.03%,40.97%,1575
5784,5783,1453598,2192646,Risk 2 (Medium),60605,41.87243923,-87.62739752,0,1,0,Canvass Re-Inspection,1984,STATE,830.3216,520.1622,882.1005,1136.9115,2,59.03%,40.97%,1576
5860,5859,1515534,2197158,Risk 1 (High),60636,41.78684979,-87.66480141,1,1,0,Complaint,1928,59TH,195.255,146.484,378.7235,2000.3901,2,59.03%,40.97%,1577
3459,3458,1372696,1873401,Risk 1 (High),60601,41.88525377,-87.62463473,1,1,0,Complaint,1888,MICHIGAN,581.589,514.2161,159.6191,2141.0802,2,59.04%,40.96%,1578
7010,7009,1401461,2313504,Risk 2 (Medium),60620,41.72480922,-87.64315776,0,1,0,License Re-Inspection,1973,HALSTED,371.6871,489.9946,669.4797,2291.1368,2,59.04%,40.96%,1579
5606,5605,1491059,2163727,Risk 1 (High),60608,41.83604277,-87.64608296,0,1,0,Canvass Re-Inspection,1913,HALSTED,197.3581,739.5091,496.9113,2197.1349,2,59.07%,40.93%,1580
4692,4691,1473982,2068992,Risk 1 (High),60619,41.74748168,-87.60498395,0,1,0,Canvass Re-Inspection,1966,COTTAGE,1336.7404,264.7383,418.1994,2486.6176,2,59.07%,40.93%,1581
2522,2521,1513036,1544493,Risk 2 (Medium),60620,41.75032239,-87.64418241,1,1,1,Short Form Complaint,1902,HALSTED,102.6528,462.1052,638.0414,1147.3452,2,59.07%,40.93%,1582
7326,7325,1496971,2333429,Risk 1 (High),60643,41.67756555,-87.65638237,0,0,0,License,1969,LOOMIS,317.6393,981.5776,1554.3672,3679.5945,2,59.08%,40.92%,1583
7583,7582,1498157,2354185,Risk 1 (High),60620,41.73874723,-87.63212023,0,1,0,License Re-Inspection,1997,HOLLAND,577.7423,1394.5459,1651.1001,2944.3212,2,59.08%,40.92%,1584
4387,4386,1107168,2021688,Risk 1 (High),60640,41.97321459,-87.65992981,0,1,0,Canvass Re-Inspection,1901,BROADWAY,299.7262,346.9392,649.6763,1171.6034,2,59.08%,40.92%,1585
5240,5239,1155255,2133867,Risk 1 (High),60622,41.90311149,-87.6884916,1,1,0,Canvass,1889,DIVISION,604.6988,417.937,446.8376,1473.4661,2,59.09%,40.91%,1586
6712,6711,1453660,2294320,Risk 1 (High),60605,41.87556911,-87.62938323,1,1,0,Canvass,1949,DEARBORN,194.7291,560.5945,743.4638,1623.3801,2,59.10%,40.90%,1587
6299,6298,1490293,2262683,Risk 1 (High),60654,41.89322174,-87.63989985,0,1,0,Canvass Re-Inspection,1935,ONTARIO,220.044,557.3879,382.7429,1174.3566,2,59.11%,40.89%,1588
6115,6114,1497632,2245697,Risk 1 (High),60654,41.89322255,-87.63983377,1,1,0,Short Form Complaint,1935,ONTARIO,63.6652,546.4322,386.2996,1175.2071,2,59.11%,40.89%,1589
2625,2624,1493760,1579260,Risk 1 (High),60608,41.83598844,-87.6460816,1,1,0,Canvass,1913,HALSTED,351.4934,738.2183,488.7767,2209.9022,2,59.12%,40.88%,1590
1342,1341,1408270,59789,Risk 1 (High),60647,41.91024031,-87.6852601,1,1,0,Canvass,1891,NORTH,135.6033,198.8101,366.0716,1321.4524,2,59.13%,40.87%,1591
3466,3465,1497002,1874129,Risk 1 (High),60614,41.92247791,-87.64439905,0,1,0,Canvass Re-Inspection,1886,LINCOLN,472.2449,293.5969,66.7706,1499.5875,2,59.15%,40.85%,1592
7177,7176,1501863,2320970,Risk 1 (High),60649,41.75184531,-87.58614824,1,1,0,Canvass,1994,STONY,1569.3412,603.6743,729.0821,2502.252,2,59.15%,40.85%,1593
5096,5095,1467331,2120185,Risk 1 (High),60607,41.88435191,-87.65678759,0,1,0,Canvass Re-Inspection,1916,RANDOLPH,314.7042,631.9714,697.5889,1811.1663,2,59.15%,40.85%,1594
659,658,1513052,27005,Risk 1 (High),60610,41.9080224,-87.6344678,1,1,0,Canvass,1903,WELLS,129.2789,840.1808,102.4374,1413.6689,2,59.15%,40.85%,1595
1213,1212,1513191,49503,Risk 1 (High),60602,41.88311169,-87.62585099,1,1,0,Canvass,1927,WASHINGTON,762.3489,210.8795,316.7085,1600.7696,2,59.15%,40.85%,1596
3955,3954,1480264,1960073,Risk 3 (Low),60623,41.85193888,-87.70089765,0,1,0,Canvass Re-Inspection,1899,CERMAK,462.9106,379.9898,338.3346,1480.0694,2,59.16%,40.84%,1597
6407,6406,1496725,2271532,Risk 2 (Medium),60643,41.72138665,-87.65787584,1,1,0,Short Form Complaint,1951,95TH,332.6008,639.6448,288.2061,2148.6782,2,59.17%,40.83%,1598
538,537,1453600,23065,Risk 2 (Medium),60604,41.87814786,-87.62557273,0,1,0,Canvass Re-Inspection,1962,JACKSON,557.2535,780.8951,721.5625,1381.7721,2,59.18%,40.82%,1599
4956,4955,1441527,2099265,Risk 1 (High),60657,41.93980795,-87.65367872,1,1,0,Canvass,1906,BELMONT,1184.6644,456.0203,208.7558,1003.3464,2,59.18%,40.82%,1600
7350,7349,1441517,2333939,Risk 1 (High),60657,41.93402583,-87.64604914,0,1,0,License Re-Inspection,1886,CLARK,210.3005,438.8754,451.1119,1818.8144,2,59.19%,40.81%,1601
5383,5382,1501641,2142660,Risk 1 (High),60657,41.9428199,-87.64921417,1,1,0,Complaint,1911,HALSTED,258.0342,350.0865,329.6962,1049.6185,2,59.20%,40.80%,1602
3278,3277,1513150,1818916,Risk 1 (High),60607,41.86917946,-87.66482776,1,1,0,Canvass,1884,TAYLOR,21087.1053,467.042,689.9274,3364.7769,2,59.20%,40.80%,1603
2756,2755,1439339,1621289,Risk 1 (High),60611,41.88935425,-87.62410246,0,1,0,Canvass Re-Inspection,1965,MICHIGAN,1559.4816,929.4406,613.9528,1141.5896,2,59.20%,40.80%,1604
7415,7414,1494235,2341006,Risk 2 (Medium),60623,41.8444306,-87.71919209,0,1,0,License Re-Inspection,1904,26TH,179.5075,274.9994,888.5365,1876.6447,2,59.20%,40.80%,1605
702,701,1107080,28689,Risk 1 (High),60640,41.9731489,-87.65887591,0,1,0,Canvass Re-Inspection,1896,ARGYLE,640.4165,335.0018,519.4223,1187.5286,2,59.21%,40.79%,1606
3793,3792,1387674,1932383,Risk 1 (High),60628,41.692653,-87.62653717,1,1,0,Canvass,2009,111TH,383.1163,379.1869,842.4789,2351.0921,2,59.22%,40.78%,1607
4199,4198,1498161,1992481,Risk 1 (High),60637,41.78516271,-87.60102594,1,1,0,Complaint,1958,ELLIS,21087.1053,688.607,1035.8995,3908.7294,2,59.25%,40.75%,1608
180,179,1441218,6507,Risk 1 (High),60657,41.94398025,-87.6492386,0,1,0,Canvass Re-Inspection,1891,HALSTED,291.7467,373.0793,331.9622,1465.1791,2,59.25%,40.75%,1609
5009,5008,1372644,2108770,Risk 1 (High),60602,41.88311224,-87.62551726,1,1,0,Complaint,1927,WASHINGTON,425.363,254.2982,356.3762,1666.3,2,59.25%,40.75%,1610
7825,7824,1515443,2369176,Risk 1 (High),60657,41.93411787,-87.64612385,0,1,0,License,1886,CLARK,118.7754,448.9228,451.2354,1834.2093,2,59.25%,40.75%,1611
1312,1311,1092843,57099,Risk 1 (High),60657,41.94239613,-87.65282389,0,1,0,Canvass Re-Inspection,1913,CLARK,404.7348,416.6826,473.2518,1163.0755,2,59.28%,40.72%,1612
1993,1992,1494042,1273894,Risk 1 (High),60610,41.88808735,-87.63088807,1,1,0,Canvass Re-Inspection,1988,CLARK,66.4089,447.351,732.9693,737.7496,2,59.29%,40.71%,1613
3643,3642,1497401,1903754,Risk 2 (Medium),60608,41.85172699,-87.67352527,0,1,0,Canvass Re-Inspection,1893,Wolcott,969.6271,718.1267,101.7577,1728.04,2,59.31%,40.69%,1614
6161,6160,1372612,2246948,Risk 1 (High),60601,41.88527796,-87.62778288,1,1,0,Complaint,1921,State,584.3323,531.0976,418.785,1823.6028,2,59.33%,40.67%,1615
1729,1728,1493305,1122751,Risk 1 (High),60608,41.85274954,-87.64635125,1,1,0,Canvass Re-Inspection,1959,HALSTED,301.6366,1056.5286,1181.3839,1976.0469,2,59.33%,40.67%,1616
6082,6081,1447588,2240716,Risk 1 (High),60606,41.88213629,-87.63368738,1,1,0,Canvass,1940,WELLS,752.7535,289.8504,299.6253,1270.6013,2,59.33%,40.67%,1617
6922,6921,1199403,2308022,Risk 1 (High),60611,41.88987479,-87.62425976,1,1,0,License Re-Inspection,1963,MICHIGAN,137.9123,948.9432,611.4659,1160.797,2,59.36%,40.64%,1618
5822,5821,1473432,2196436,Risk 1 (High),60654,41.88910913,-87.63054063,0,1,0,Canvass Re-Inspection,2008,KINZIE,226.9535,347.3365,729.7387,356.4609,2,59.36%,40.64%,1619
7353,7352,1473478,2334079,Risk 1 (High),60622,41.89600605,-87.67786193,0,1,0,License Re-Inspection,1884,CHICAGO,191.4255,269.8918,198.2053,1567.5274,2,59.37%,40.63%,1620
4825,4824,1393296,2084575,Risk 1 (High),60614,41.92975966,-87.64284862,0,1,0,Canvass Re-Inspection,1928,CLARK,138.5842,633.8131,187.4748,780.1042,2,59.40%,40.60%,1621
1426,1425,1512824,68509,Risk 1 (High),60610,41.90386005,-87.63159082,1,0,0,Canvass,1906,CLARK,193.5616,674.6308,56.5233,1471.8128,2,59.42%,40.58%,1622
4269,4268,1439245,2004222,Risk 1 (High),60611,41.89019058,-87.62708035,0,1,0,Canvass Re-Inspection,1991,HUBBARD,324.0991,288.7973,756.6923,798.0234,2,59.42%,40.58%,1623
4744,4743,1072721,2074211,Risk 1 (High),60606,41.88224051,-87.63369063,0,1,0,Canvass Re-Inspection,1940,WELLS,403.7042,286.5558,305.5092,1294.9051,2,59.44%,40.56%,1624
3842,3841,1439569,1938957,Risk 2 (Medium),60661,41.88002352,-87.64098857,0,1,0,Canvass Re-Inspection,1985,CLINTON,326.8239,954.3625,686.0089,706.3122,2,59.44%,40.56%,1625
7242,7241,1459475,2327126,Risk 1 (High),60622,41.90338781,-87.67166745,0,1,0,License,1891,DIVISION,529.4933,318.8058,261.0111,1542.6832,2,59.44%,40.56%,1626
5392,5391,1467487,2146301,Risk 1 (High),60607,41.86940026,-87.66475478,0,1,0,Canvass Re-Inspection,1884,TAYLOR,21087.1053,504.1613,625.1523,3357.148,2,59.44%,40.56%,1627
1941,1940,1435010,1247781,Risk 1 (High),60642,41.90311912,-87.66633653,1,1,0,Canvass Re-Inspection,1896,MILWAUKEE,250.6247,321.2792,357.6372,1622.9102,2,59.46%,40.54%,1628
4425,4424,1387820,2027332,Risk 1 (High),60628,41.69265703,-87.62623926,0,1,0,Complaint,2009,111TH,344.3995,361.939,782.3846,2367.3385,2,59.49%,40.51%,1629
4354,4353,1497467,2016891,Risk 1 (High),60643,41.70697923,-87.68149269,1,1,0,Complaint,1928,WESTERN,437.5903,742.6534,2156.9249,4776.7892,2,59.49%,40.51%,1630
3881,3880,1502111,1948155,Risk 1 (High),60618,41.93927229,-87.69979588,1,1,0,Canvass,1909,BELMONT,103.1971,462.5435,509.3613,752.434,2,59.50%,40.50%,1631
729,728,1453661,30142,Risk 1 (High),60605,41.87523756,-87.62907784,1,1,0,Canvass,1949,DEARBORN,332.1452,541.5103,730.7853,1753.5647,2,59.52%,40.48%,1632
5139,5138,1516209,2124582,Risk 1 (High),60609,41.82366772,-87.63829502,1,1,0,Canvass,1941,PERSHING,285.2962,942.3329,749.7947,2282.6001,2,59.54%,40.46%,1633
4180,4179,1497129,1991532,Risk 2 (Medium),60610,41.91103768,-87.63621881,0,1,0,Canvass Re-Inspection,1926,NORTH,445.7188,627.5484,253.3857,1224.12,2,59.55%,40.45%,1634
7550,7549,1439513,2349994,Risk 1 (High),60611,41.8926669,-87.62286601,0,0,0,License Re-Inspection,1931,OHIO,457.8903,664.668,61.4174,1246.3876,2,59.56%,40.44%,1635
3450,3449,1441500,1870175,Risk 1 (High),60657,41.93714384,-87.64415612,1,1,0,Canvass,1886,BROADWAY,1122.1382,394.117,329.5667,1827.7,2,59.57%,40.43%,1636
5676,5675,1501370,2179700,Risk 1 (High),60618,41.94169393,-87.68837933,1,1,0,Canvass,1891,WESTERN,437.5468,811.4744,357.6664,1079.2595,2,59.58%,40.42%,1637
2629,2628,1498125,1579668,Risk 2 (Medium),60614,41.93260888,-87.64906775,0,1,0,Canvass Re-Inspection,1916,DIVERSEY,794.9545,532.5735,169.5028,983.975,2,59.58%,40.42%,1638
3993,3992,1383462,1964829,Risk 1 (High),60601,41.88755604,-87.61965509,1,1,0,Canvass,1989,WACKER,478.4365,1005.7797,696.3422,895.5478,2,59.58%,40.42%,1639
2285,2284,1383463,1447923,Risk 1 (High),60601,41.88755604,-87.61965509,1,1,0,Canvass,1989,WACKER,432.294,1005.7797,696.3422,895.5478,2,59.59%,40.41%,1640
5073,5072,1502080,2115048,Risk 1 (High),60642,41.90450211,-87.64826687,1,1,0,Canvass,1947,HALSTED,679.8017,1352.3853,1119.3013,1707.1215,2,59.60%,40.40%,1641
832,831,1410234,33500,Risk 1 (High),60632,41.81184585,-87.70426833,1,1,0,Complaint,1922,KEDZIE,247.4007,351.1635,530.9551,1713.4783,2,59.61%,40.39%,1642
3293,3292,1497478,1820900,Risk 1 (High),60654,41.89324648,-87.6378703,0,1,0,Canvass,1939,ONTARIO,972.7828,510.1351,388.5036,1317.5305,2,59.61%,40.39%,1643
712,711,1496210,29151,Risk 1 (High),60657,41.94045545,-87.65427085,0,1,0,Canvass Re-Inspection,1903,SHEFFIELD,211.059,282.2895,221.5405,1173.7962,2,59.62%,40.38%,1644
6034,6033,1497858,2232831,Risk 1 (High),60613,41.95168452,-87.64947416,1,1,0,Canvass,1876,BROADWAY,470.7454,503.1545,402.6287,1897.5626,2,59.63%,40.37%,1645
6219,6218,1393319,2253834,Risk 1 (High),60614,41.93051756,-87.64394893,0,1,0,Canvass Re-Inspection,1912,CLARK,749.8101,522.7314,104.3705,1091.0103,2,59.64%,40.36%,1646
2761,2760,1496231,1621667,Risk 1 (High),60601,41.88670756,-87.62788348,1,1,0,Complaint,1961,WACKER,233.9036,471.335,628.9689,1331.0458,2,59.64%,40.36%,1647
5704,5703,1497186,2184050,Risk 1 (High),60654,41.88942242,-87.63091874,1,1,0,Canvass,2010,CLARK,478.0961,240.073,656.5522,326.931,2,59.65%,40.35%,1648
146,145,1434392,4323,Risk 1 (High),60617,41.73489771,-87.55152211,0,1,1,Complaint Re-Inspection,1923,COMMERCIAL,311.4656,322.4288,254.4264,1832.4763,2,59.66%,40.34%,1649
577,576,1441511,23521,Risk 1 (High),60657,41.94292361,-87.65290677,1,1,0,Canvass,1911,CLARK,297.0674,403.9098,483.0499,1326.8519,2,59.66%,40.34%,1650
293,292,1459566,11583,Risk 1 (High),60614,41.92698538,-87.67210268,0,1,0,Canvass Re-Inspection,1891,CLYBOURN,152.6415,644.3492,170.3886,1238.6507,2,59.67%,40.33%,1651
3867,3866,1508212,1943516,Risk 2 (Medium),60637,41.77522009,-87.58643663,1,1,0,Complaint,1984,STONY,431.2898,808.2416,573.6595,2407.7233,2,59.70%,40.30%,1652
4018,4017,1199667,1969610,Risk 1 (High),60661,41.88046315,-87.64080388,1,1,0,Canvass,1983,MONROE,169.4356,1063.1597,606.5245,723.1602,2,59.71%,40.29%,1653
4626,4625,1325383,2060638,Risk 1 (High),60612,41.8689208,-87.68238296,1,1,0,Canvass,1879,TAYLOR,284.2634,486.446,562.9989,2400.8663,2,59.72%,40.28%,1654
71,70,1383456,1925,Risk 1 (High),60601,41.88799989,-87.62256513,1,0,0,Canvass,1974,WACKER,424.0834,752.1489,517.4602,1009.5108,2,59.74%,40.26%,1655
6146,6145,1490816,2246714,Risk 1 (High),60657,41.9432951,-87.66890905,0,1,0,Canvass Re-Inspection,1896,ASHLAND,679.13,394.2659,296.3439,1236.9201,2,59.75%,40.25%,1656
73,72,1383454,1929,Risk 1 (High),60601,41.88799989,-87.62256513,1,1,0,Canvass,1974,WACKER,335.5667,752.1489,517.4602,1009.5108,2,59.75%,40.25%,1657
237,236,1501379,8600,Risk 1 (High),60632,41.8011536,-87.69074071,1,1,0,Canvass,1919,51ST,553.675,390.601,339.4896,1881.9193,2,59.76%,40.24%,1658
2755,2754,1434363,1621190,Risk 1 (High),60622,41.90310359,-87.68934332,0,1,0,Canvass Re-Inspection,1894,DIVISION,586.0353,346.2856,317.7265,1419.9131,2,59.76%,40.24%,1659
7690,7689,1501437,2359267,Risk 1 (High),60649,41.7732929,-87.58644237,1,1,0,Short Form Complaint,2005,STONY,619.6405,598.5523,453.3914,1894.1383,2,59.76%,40.24%,1660
974,973,1502185,37670,Risk 1 (High),60643,41.72124342,-87.66830279,1,1,0,Canvass,1943,95TH,1220.5594,994.7679,809.1977,2997.168,2,59.77%,40.23%,1661
7630,7629,1496727,2355008,Risk 2 (Medium),60608,41.84560861,-87.6953878,0,1,0,License,1892,CALIFORNIA,348.8438,897.5545,490.6476,2089.4679,2,59.77%,40.23%,1662
2545,2544,1439359,1546507,Risk 1 (High),60611,41.89140488,-87.62008123,1,1,0,Canvass,2001,COLUMBUS,179.9265,325.309,535.8636,512.4335,2,59.78%,40.22%,1663
5259,5258,1512235,2134168,Risk 1 (High),60622,41.90309063,-87.69078586,1,1,0,Canvass,1899,DIVISION,499.393,313.7192,414.0115,1422.502,2,59.79%,40.21%,1664
5789,5788,1460007,2192751,Risk 1 (High),60649,41.76637268,-87.57391936,1,1,1,Complaint,1913,71ST,186.9606,318.4014,438.5356,1700.1441,2,59.80%,40.20%,1665
3857,3856,1490345,1942781,Risk 1 (High),60608,41.85399279,-87.68554268,0,1,0,Canvass Re-Inspection,1899,WESTERN,103.37,544.9975,482.6072,2016.2907,2,59.82%,40.18%,1666
3982,3981,1325325,1964229,Risk 1 (High),60612,41.89056936,-87.68557425,1,1,0,Canvass,1879,GRAND,521.4371,860.1324,277.5602,1830.244,2,59.83%,40.17%,1667
6040,6039,1453406,2232943,Risk 1 (High),60605,41.87680832,-87.63191631,0,1,0,Canvass Re-Inspection,1983,LASALLE,223.9326,661.512,884.6368,1274.8074,2,59.83%,40.17%,1668
5480,5479,1501377,2152727,Risk 1 (High),60617,41.73772168,-87.58507447,1,1,0,Canvass,1985,STONY,498.32,449.866,565.1689,2821.309,2,59.84%,40.16%,1669
79,78,1501937,2003,Risk 1 (High),60614,41.92390845,-87.63666317,1,1,0,Complaint,1926,LINCOLN,354.4855,341.6979,660.6091,1689.1785,2,59.84%,40.16%,1670
2557,2556,1385609,1548272,Risk 1 (High),60639,41.90990784,-87.73292549,0,1,0,Canvass Re-Inspection,1900,NORTH,335.3437,332.8261,421.5274,797.0378,2,59.84%,40.16%,1671
3440,3439,1401619,1869512,Risk 2 (Medium),60617,41.72259147,-87.57429098,0,1,0,Canvass Re-Inspection,1988,95TH,271.0845,382.4078,509.1562,2979.8304,2,59.85%,40.15%,1672
3477,3476,1199526,1874539,Risk 1 (High),60614,41.92390845,-87.63666317,0,1,0,Canvass Re-Inspection,1926,LINCOLN,158.3579,341.6979,660.6091,1689.1785,2,59.86%,40.14%,1673
3151,3150,1439426,1797801,Risk 1 (High),60611,41.89532082,-87.6256201,1,1,0,Canvass Re-Inspection,1900,RUSH,136.8266,411.9131,198.0542,2080.7514,2,59.87%,40.13%,1674
4063,4062,1441371,1975602,Risk 2 (Medium),60657,41.94123427,-87.64428992,0,1,0,Canvass Re-Inspection,1896,Broadway,246.6331,314.2172,239.9257,1544.0717,2,59.88%,40.12%,1675
3391,3390,1199472,1847144,Risk 1 (High),60661,41.88558923,-87.64399166,0,1,0,Canvass Re-Inspection,1926,LAKE,342.5023,354.713,632.4541,1940.3472,2,59.90%,40.10%,1676
542,541,1502181,23073,Risk 2 (Medium),60602,41.88209337,-87.63039164,0,1,0,Canvass Re-Inspection,1979,MADISON,2086.2719,597.1151,334.6817,770.2679,2,59.90%,40.10%,1677
276,275,1497497,10486,Risk 1 (High),60614,41.91684811,-87.63652447,1,1,0,Canvass,1915,LINCOLN,152.5009,723.0094,259.4789,1487.9718,2,59.90%,40.10%,1678
3363,3362,1513021,1843586,Risk 1 (High),60617,41.68105388,-87.53738914,1,1,1,Canvass,1985,118TH,161.7937,824.6573,2697.337,4221.9052,2,59.91%,40.09%,1679
1378,1377,1439384,63670,Risk 1 (High),60611,41.89209414,-87.61156988,1,1,0,Canvass Re-Inspection,1967,GRAND,771.779,616.0097,1420.9223,2418.9496,2,59.92%,40.08%,1680
2967,2966,1460149,1697733,Risk 2 (Medium),60611,41.89209414,-87.61156988,0,1,0,Canvass Re-Inspection,1967,GRAND,695.9907,616.0097,1420.9223,2418.9496,2,59.93%,40.07%,1681
4836,4835,1501843,2087634,Risk 1 (High),60636,41.76874967,-87.66405941,1,1,0,Canvass,1925,ASHLAND,1559.4816,378.6979,253.5148,2412.6785,2,59.93%,40.07%,1682
4715,4714,1107019,2069675,Risk 1 (High),60640,41.9689839,-87.65467275,0,1,0,Complaint Re-Inspection,1906,SHERIDAN,753.1722,590.759,547.0738,1323.6179,2,59.93%,40.07%,1683
7399,7398,1498048,2340680,Risk 2 (Medium),60628,41.70741801,-87.6141699,1,1,0,Suspected Food Poisoning,1927,103RD,402.279,360.2811,714.5599,4126.0926,2,59.95%,40.05%,1684
6929,6928,1387335,2308086,Risk 2 (Medium),60619,41.7367155,-87.59222787,0,1,0,License Re-Inspection,2005,87TH,138.2226,287.4665,668.2659,2487.2108,2,59.96%,40.04%,1685
1151,1150,1473899,45994,Risk 1 (High),60611,41.89209414,-87.61156988,0,1,0,Canvass Re-Inspection,1967,GRAND,449.5591,616.0097,1420.9223,2418.9496,2,59.96%,40.04%,1686
4900,4899,1501334,2093646,Risk 2 (Medium),60614,41.92268911,-87.64469334,0,1,0,Canvass Re-Inspection,1891,LINCOLN,197.8902,283.7088,43.6775,1609.9295,2,59.97%,40.03%,1687
7785,7784,1512374,2364148,Risk 2 (Medium),60611,41.89209414,-87.61156988,0,0,0,License,1967,GRAND,333.4652,616.0097,1420.9223,2418.9496,2,59.98%,40.02%,1688
7786,7785,1512375,2364149,Risk 2 (Medium),60611,41.89209414,-87.61156988,0,0,0,License,1967,GRAND,285.9343,616.0097,1420.9223,2418.9496,2,59.98%,40.02%,1689
5840,5839,1441546,2196815,Risk 1 (High),60657,41.93918785,-87.64451786,1,1,0,Canvass,1899,BROADWAY,680.6327,497.9922,183.5782,1469.3995,2,59.99%,40.01%,1690
1263,1262,1439464,52748,Risk 1 (High),60611,41.90138463,-87.62796361,0,1,0,Canvass Re-Inspection,1971,RUSH,236.6283,479.3391,339.5576,749.6379,2,59.99%,40.01%,1691
775,774,1439409,31949,Risk 1 (High),60611,41.89337221,-87.62436142,0,1,0,Canvass Re-Inspection,1931,MICHIGAN,727.5061,939.2131,365.2056,1708.9199,2,59.99%,40.01%,1692
5693,5692,1497507,2183768,Risk 1 (High),60618,41.93958169,-87.68666228,1,1,0,Canvass,1891,BELMONT,274.6298,869.9006,239.4588,1100.4738,2,60.00%,40.00%,1693
7240,7239,1296885,2327110,Risk 1 (High),60620,41.74390337,-87.66312882,0,1,0,License,1928,ASHLAND,351.0321,374.1266,395.2787,2741.7093,2,60.00%,40.00%,1694
3130,3129,1439451,1770382,Risk 1 (High),60611,41.89113317,-87.61916021,0,1,0,Canvass Re-Inspection,2001,ILLINOIS,938.7909,351.6803,403.2799,472.0263,2,60.01%,39.99%,1695
3125,3124,1307367,1769428,Risk 1 (High),60636,41.7673282,-87.66400243,1,1,0,Short Form Complaint,1920,ASHLAND,197.2618,405.0264,275.7022,2524.537,2,60.01%,39.99%,1696
1592,1591,1459903,86616,Risk 1 (High),60642,41.89638219,-87.65506733,0,1,0,Canvass Re-Inspection,1909,CHICAGO,245.7969,683.9291,502.0173,1897.72,2,60.03%,39.97%,1697
5006,5005,1502026,2108657,Risk 1 (High),60620,41.74589127,-87.66317832,1,1,0,Complaint,1928,ASHLAND,469.5318,415.3429,235.4653,2543.8327,2,60.03%,39.97%,1698
7459,7458,1497121,2341413,Risk 1 (High),60614,41.92557912,-87.64768921,0,0,0,License,1891,FULLERTON,599.0333,585.4947,185.933,1729.4075,2,60.04%,39.96%,1699
7458,7457,1497115,2341412,Risk 1 (High),60614,41.92557912,-87.64768921,0,1,0,License Re-Inspection,1891,FULLERTON,585.14,585.4947,185.933,1729.4075,2,60.04%,39.96%,1700
2269,2268,1387717,1446002,Risk 1 (High),60619,41.73677276,-87.58780321,1,1,0,Canvass,2005,87TH,180.7448,588.8069,762.7314,2662.4772,2,60.04%,39.96%,1701
2295,2294,1512830,1472957,Risk 1 (High),60603,41.88068788,-87.6256435,1,1,0,Canvass,1972,MONROE,263.6728,564.0235,544.1021,1212.6104,2,60.04%,39.96%,1702
7141,7140,1435106,2320241,Risk 2 (Medium),60622,41.90980908,-87.67680323,1,1,0,Short Form Complaint,1902,MILWAUKEE,126.6451,278.9348,171.106,1265.0478,2,60.07%,39.93%,1703
1084,1083,1512782,42639,Risk 1 (High),60602,41.88209337,-87.63039164,1,1,0,Canvass,1979,MADISON,764.6739,597.1151,334.6817,770.2679,2,60.07%,39.93%,1704
1554,1553,1305525,81970,Risk 2 (Medium),60608,41.86294067,-87.68608144,0,1,0,Canvass Re-Inspection,1894,WESTERN,354.0474,1502.5004,446.9303,2006.1684,2,60.07%,39.93%,1705
5788,5787,1493398,2192750,Risk 1 (High),60609,41.80162842,-87.64549201,1,1,0,Complaint,1889,HALSTED,770.9395,659.5726,263.1451,3090.1387,2,60.09%,39.91%,1706
6349,6348,1515275,2269483,Risk 1 (High),60603,41.87964591,-87.62548535,1,1,0,Canvass,1972,ADAMS,522.8936,825.7509,545.4564,1236.25,2,60.10%,39.90%,1707
7188,7187,1480358,2321150,Risk 1 (High),60623,41.84417644,-87.72195584,1,1,0,Canvass,1904,26TH,411.6424,179.872,735.6622,1957.8305,2,60.11%,39.89%,1708
5960,5959,1441465,2222174,Risk 1 (High),60616,41.84866813,-87.63206176,0,1,0,Canvass Re-Inspection,1974,WENTWORTH,1760.5193,793.6945,358.8911,1235.5688,2,60.11%,39.89%,1709
7092,7091,1512752,2314545,Risk 1 (High),60614,41.93275742,-87.64148773,1,1,0,Complaint,1926,DIVERSEY,391.8868,516.2261,210.0225,1083.3285,2,60.13%,39.87%,1710
5121,5120,1502058,2121037,Risk 1 (High),60623,41.8463554,-87.70981612,1,1,0,Canvass,1889,HOMAN,550.3497,704.954,575.097,2189.389,2,60.14%,39.86%,1711
3110,3109,1395720,1768213,Risk 1 (High),60607,41.86888971,-87.63909893,0,1,0,Canvass Re-Inspection,1941,CANAL,302.4514,1224.0206,1165.5744,2511.1659,2,60.15%,39.85%,1712
1179,1178,1496710,47512,Risk 1 (High),60614,41.91352239,-87.65294009,0,1,0,Canvass Re-Inspection,1891,CLYBOURN,337.301,472.7917,205.9683,1831.9733,2,60.15%,39.85%,1713
7584,7583,1496356,2354187,Risk 1 (High),60622,41.89324989,-87.66735617,0,1,0,License Re-Inspection,1879,ASHLAND,661.015,333.6099,353.5539,2280.3442,2,60.16%,39.84%,1714
1904,1903,1493834,1226923,Risk 1 (High),60614,41.93272677,-87.65504178,0,1,0,Canvass Re-Inspection,1896,DIVERSEY,255.2569,645.7896,348.0022,1675.6321,2,60.16%,39.84%,1715
5934,5933,1459801,2203916,Risk 1 (High),60622,41.91597328,-87.66970602,0,1,0,Canvass Re-Inspection,1891,Cortland,392.6271,525.8774,462.6049,1894.7489,2,60.16%,39.84%,1716
4783,4782,1501777,2079697,Risk 1 (High),60622,41.89604491,-87.67560485,1,1,0,Canvass,1896,CHICAGO,182.8048,285.4035,428.747,1873.2716,2,60.16%,39.84%,1717
285,284,1512344,11013,Risk 1 (High),60608,41.85134121,-87.67814936,1,1,1,Canvass,1894,22nd,21087.1053,487.0162,308.94,702.2191,2,60.18%,39.82%,1718
2672,2671,1496608,1595096,Risk 1 (High),60617,41.68105296,-87.53667487,0,1,1,Canvass Re-Inspection,1985,118TH,183.7828,796.0086,2659.1345,4272.5635,2,60.18%,39.82%,1719
3385,3384,1387751,1846488,Risk 1 (High),60619,41.73678088,-87.58721057,1,1,0,Canvass,2005,87TH,387.3854,526.4342,689.187,2641.405,2,60.19%,39.81%,1720
7831,7830,1515450,2373594,Risk 2 (Medium),60657,41.94319768,-87.65405955,0,1,0,License,1911,SHEFFIELD,362.5382,321.756,582.4852,1605.5452,2,60.21%,39.79%,1721
771,770,1497594,31820,Risk 2 (Medium),60617,41.73250458,-87.58570048,0,1,1,Canvass Re-Inspection,1929,STONY,267.479,420.9124,621.5653,1881.5194,2,60.21%,39.79%,1722
7097,7096,1387458,2314699,Risk 2 (Medium),60619,41.76435397,-87.62473564,0,1,0,License Re-Inspection,1963,STATE,284.4005,572.3335,729.2343,2792.9555,2,60.22%,39.78%,1723
2320,2319,1496984,1473724,Risk 2 (Medium),60609,41.80134253,-87.67456958,1,1,0,Short Form Complaint,1935,51ST,552.7257,337.6185,448.7263,2048.0869,2,60.23%,39.77%,1724
4143,4142,1107097,1985536,Risk 1 (High),60640,41.97314276,-87.65927711,0,1,0,Canvass Re-Inspection,1914,ARGYLE,196.0969,332.6572,558.8285,1162.0215,2,60.23%,39.77%,1725
3270,3269,1480359,1817627,Risk 1 (High),60623,41.85164601,-87.70613515,1,1,0,Canvass,1899,CERMAK,58.228,399.7626,184.9034,1550.2924,2,60.24%,39.76%,1726
6094,6093,1501326,2241039,Risk 1 (High),60625,41.96850626,-87.68833806,1,1,0,Canvass,1914,Lincoln,411.7218,666.7598,471.154,707.5192,2,60.24%,39.76%,1727
682,681,1459854,28135,Risk 1 (High),60625,41.97055022,-87.68993651,0,1,0,Canvass Re-Inspection,1928,LINCOLN,443.3664,729.8349,321.3783,201.2503,2,60.25%,39.75%,1728
7733,7732,1512299,2362814,Risk 2 (Medium),60617,41.73953307,-87.58585189,0,1,0,License Re-Inspection,1958,STONY,191.108,579.2506,416.895,3278.1899,2,60.26%,39.74%,1729
2340,2339,1482289,1475902,Risk 1 (High),60640,41.96324527,-87.67361419,0,1,0,Canvass Re-Inspection,1894,SUNNYSIDE,384.112,656.9816,803.2649,1763.1952,2,60.26%,39.74%,1730
1221,1220,1497978,49913,Risk 1 (High),60620,41.75104964,-87.68272735,1,1,0,Complaint,1968,WESTERN,495.909,674.8976,952.4516,2341.9199,2,60.29%,39.71%,1731
5995,5994,1325241,2231777,Risk 1 (High),60647,41.91728109,-87.7078566,1,1,0,Complaint,1895,ARMITAGE,296.8317,376.5923,298.346,1149.7817,2,60.29%,39.71%,1732
2454,2453,1482365,1513905,Risk 1 (High),60640,41.96170077,-87.66612372,0,1,0,Canvass Re-Inspection,1906,CLARK,222.8152,460.8945,629.5081,1444.659,2,60.31%,39.69%,1733
7362,7361,1496519,2334298,Risk 2 (Medium),60654,41.8914181,-87.62791476,0,0,0,License,1989,STATE,1008.7863,202.8797,454.3105,767.7479,2,60.32%,39.68%,1734
4971,4970,1497697,2102981,Risk 1 (High),60643,41.7211504,-87.65896665,1,1,0,Canvass,1954,95TH,141.6145,732.7413,66.3674,2155.979,2,60.32%,39.68%,1735
3998,3997,1494080,1968664,Risk 2 (Medium),60637,41.78016158,-87.61380513,1,1,0,Short Form Complaint,1950,63RD,212.9333,426.1747,409.1521,2707.2713,2,60.32%,39.68%,1736
388,387,1501742,16769,Risk 1 (High),60653,41.81641927,-87.62365733,1,1,0,Canvass,1954,43RD,417.4839,643.3414,440.4063,2182.5649,2,60.32%,39.68%,1737
5866,5865,1488208,2198339,Risk 1 (High),60608,41.83708682,-87.66558285,1,1,0,Canvass,1877,ASHLAND,552.1567,759.7312,837.1139,3476.2444,2,60.33%,39.67%,1738
1598,1597,1434504,1000245,Risk 1 (High),60614,41.9330041,-87.64018629,1,1,0,Canvass Re-Inspection,1929,W,529.6727,691.1917,213.2326,1095.91,2,60.33%,39.67%,1739
3994,3993,1439299,1964839,Risk 1 (High),60611,41.89097123,-87.62427695,1,1,0,Short Form Complaint,1972,MICHIGAN,594.0873,880.332,547.4147,1217.1647,2,60.33%,39.67%,1740
3463,3462,1496243,1873823,Risk 1 (High),60657,41.94401617,-87.65377672,0,1,0,Canvass Re-Inspection,1901,CLARK,872.468,467.7357,524.7217,1788.2401,2,60.34%,39.66%,1741
5987,5986,1453559,2230618,Risk 1 (High),60605,41.87360829,-87.63050029,1,1,0,Canvass,1952,CLARK,420.0146,523.294,205.5882,1321.942,2,60.34%,39.66%,1742
5848,5847,1155256,2196989,Risk 1 (High),60622,41.90325968,-87.67950513,1,1,0,Canvass,1916,DIVISION,527.8683,240.4216,240.3695,1195.478,2,60.35%,39.65%,1743
4031,4030,1447521,1969969,Risk 2 (Medium),60606,41.88270035,-87.63663756,0,1,0,Canvass Re-Inspection,1962,WACKER,291.0934,550.3573,657.9969,1486.9602,2,60.35%,39.65%,1744
4045,4044,1441519,1974152,Risk 1 (High),60657,41.93545292,-87.64686342,1,1,0,Canvass,1897,CLARK,100.6984,345.2577,390.4165,1863.8821,2,60.35%,39.65%,1745
242,241,1473377,8833,Risk 1 (High),60608,41.85749504,-87.66628177,0,1,0,Canvass Re-Inspection,1879,ASHLAND,857.624,507.9179,522.7843,2897.2402,2,60.36%,39.64%,1746
587,586,1501299,24166,Risk 1 (High),60610,41.89857771,-87.62839827,1,1,0,Canvass,1981,STATE,540.4774,592.5657,331.3173,677.3453,2,60.36%,39.64%,1747
323,322,1441237,12676,Risk 1 (High),60657,41.93972089,-87.65945242,0,1,0,Canvass Re-Inspection,1891,BELMONT,297.8414,277.9051,639.036,2095.132,2,60.37%,39.63%,1748
3269,3268,1493738,1817563,Risk 1 (High),60657,41.94159066,-87.65430497,0,1,0,Canvass Re-Inspection,1926,SHEFFIELD,692.6263,284.2472,515.5011,1306.8633,2,60.39%,39.61%,1749
2677,2676,1402198,1595410,Risk 1 (High),60614,41.92244497,-87.66534127,0,1,0,Canvass Re-Inspection,1881,CLYBOURN,144.3963,351.9126,241.4877,1908.0669,2,60.40%,39.60%,1750
1109,1108,1512895,43679,Risk 1 (High),60647,41.91041383,-87.68707644,1,1,0,Suspected Food Poisoning,1931,WESTERN,504.2999,269.5025,490.8667,1034.4004,2,60.40%,39.60%,1751
322,321,1490440,12673,Risk 1 (High),60638,41.78687015,-87.8011633,0,1,0,Canvass Re-Inspection,1979,HARLEM,387.5984,1134.7442,1990.6056,1451.7536,2,60.41%,39.59%,1752
7444,7443,1490305,2341124,Risk 1 (High),60640,41.96887204,-87.67871953,0,1,0,License Re-Inspection,1908,LAWRENCE,21087.1053,332.7961,411.7934,1797.1868,2,60.41%,39.59%,1753
796,795,1372457,32709,Risk 1 (High),60611,41.89894854,-87.62397499,0,1,0,Canvass Re-Inspection,1969,MICHIGAN,341.003,404.3009,457.1987,1148.0283,2,60.41%,39.59%,1754
1087,1086,1439331,42878,Risk 1 (High),60611,41.89894854,-87.62397499,1,1,0,Canvass Re-Inspection,1969,MICHIGAN,321.5923,404.3009,457.1987,1148.0283,2,60.41%,39.59%,1755
5941,5940,1512432,2204143,Risk 1 (High),60601,41.88583845,-87.62584165,1,1,0,Complaint,1928,LAKE,572.0629,518.2788,294.127,1892.6124,2,60.41%,39.59%,1756
5511,5510,1439602,2153502,Risk 2 (Medium),60611,41.89894854,-87.62397499,1,1,0,Canvass Re-Inspection,1969,MICHIGAN,241.1113,404.3009,457.1987,1148.0283,2,60.42%,39.58%,1757
5007,5006,1497165,2108692,Risk 1 (High),60657,41.94257282,-87.67051293,1,1,0,Complaint,1911,LINCOLN,505.6889,430.5033,150.927,947.8999,2,60.43%,39.57%,1758
6344,6343,1493229,2269340,Risk 1 (High),60632,41.80061942,-87.71045585,0,1,0,Canvass Re-Inspection,1927,51ST,471.0491,882.1576,1295.3824,2779.5184,2,60.43%,39.57%,1759
2564,2563,1496433,1573071,Risk 1 (High),60647,41.92184838,-87.69717819,1,1,0,Short Form Complaint,1891,CALIFORNIA,438.1042,646.8456,189.0917,1230.503,2,60.44%,39.56%,1760
1241,1240,1493765,51236,Risk 1 (High),60654,41.89312775,-87.63056252,0,1,0,Canvass Re-Inspection,1985,ONTARIO,984.5995,488.447,730.254,1150.0354,2,60.45%,39.55%,1761
6565,6564,1307531,2284809,Risk 1 (High),60629,41.76450573,-87.68828541,1,1,0,Short Form Complaint,1922,71ST,381.5466,315.2863,158.8436,2203.6072,2,60.46%,39.54%,1762
5150,5149,1493586,2124978,Risk 1 (High),60654,41.88922537,-87.63267412,1,1,0,Complaint,1989,LA,74.7481,286.225,499.3131,780.9481,2,60.46%,39.54%,1763
6373,6372,1497170,2269773,Risk 1 (High),60618,41.93947287,-87.70278709,1,1,0,Canvass,1900,BELMONT,780.5354,539.4039,344.6716,1020.1776,2,60.46%,39.54%,1764
6325,6324,1460034,2263388,Risk 1 (High),60640,41.97221356,-87.6596091,1,1,0,Complaint,1932,BROADWAY,166.8794,318.9352,508.944,813.6309,2,60.47%,39.53%,1765
6156,6155,1512517,2246882,Risk 1 (High),60625,41.96841243,-87.68875511,1,1,0,Canvass,1920,WESTERN,437.4964,638.1673,485.093,670.3124,2,60.47%,39.53%,1766
2721,2720,1459890,1618026,Risk 1 (High),60614,41.9248928,-87.6481984,0,1,0,Complaint Re-Inspection,1891,LINCOLN,274.5625,649.0322,186.6175,1849.1889,2,60.47%,39.53%,1767
6936,6935,1441503,2308160,Risk 1 (High),60657,41.93999962,-87.65546973,1,1,0,Canvass,1901,BELMONT,105.4533,261.1777,196.1871,1437.0749,2,60.47%,39.53%,1768
5949,5948,1441550,2220756,Risk 1 (High),60657,41.93648903,-87.65413668,1,1,0,Canvass,1901,SHEFFIELD,243.9145,511.4553,383.3027,1704.0569,2,60.48%,39.52%,1769
3221,3220,1490359,1803589,Risk 1 (High),60614,41.9217767,-87.66441305,0,1,0,Canvass Re-Inspection,1881,CLYBOURN,220.399,432.4213,158.0729,1852.5125,2,60.49%,39.51%,1770
4730,4729,1447606,2073588,Risk 1 (High),60606,41.88076896,-87.63387497,1,1,0,Canvass,1973,MONROE,161.7937,542.1828,435.4373,1091.8511,2,60.49%,39.51%,1771
7491,7490,1515250,2348486,Risk 1 (High),60622,41.89500137,-87.6771711,0,1,0,License Re-Inspection,1891,DAMEN,618.0984,450.3004,346.9521,1977.6886,2,60.49%,39.51%,1772
4571,4570,1459865,2049913,Risk 1 (High),60619,41.73673978,-87.60619323,1,1,0,Complaint,1992,87TH,192.3737,299.2876,656.8053,2726.9018,2,60.51%,39.49%,1773
925,924,1199407,35388,Risk 1 (High),60611,41.90209181,-87.62799276,1,1,0,Short Form Complaint,1965,RUSH,322.3752,536.4994,262.523,937.92,2,60.52%,39.48%,1774
415,414,1496620,18158,Risk 1 (High),60657,41.93524326,-87.64669342,0,1,0,Canvass Re-Inspection,1895,CLARK,477.6417,368.24,369.9054,1952.9951,2,60.53%,39.47%,1775
2439,2438,1441485,1495274,Risk 1 (High),60657,41.93942462,-87.66811073,1,1,0,Canvass,1953,LINCOLN,292.7348,472.8953,472.855,555.1507,2,60.53%,39.47%,1776
4566,4565,1441547,2049807,Risk 1 (High),60657,41.93616005,-87.65412667,1,1,0,Canvass,1897,SHEFFIELD,616.6823,426.5909,357.4451,1794.1121,2,60.53%,39.47%,1777
3964,3963,1474119,1963277,Risk 1 (High),60614,41.92185084,-87.66451631,0,1,0,Canvass Re-Inspection,1881,CLYBOURN,296.5199,431.333,148.3046,1858.7146,2,60.54%,39.46%,1778
5497,5496,1497761,2153142,Risk 2 (Medium),60653,41.80947737,-87.61758854,0,1,1,Complaint Re-Inspection,1891,47TH,396.2967,245.0102,516.7373,1504.0349,2,60.55%,39.45%,1779
5815,5814,1107154,2196302,Risk 1 (High),60640,41.9688193,-87.66733832,0,1,0,Canvass Re-Inspection,1881,CLARK,248.5891,740.6394,321.5841,1561.751,2,60.55%,39.45%,1780
5783,5782,1474197,2192620,Risk 1 (High),60647,41.9194909,-87.67783011,1,1,0,Canvass Re-Inspection,1911,Damen,552.6941,473.5691,245.8826,1227.066,2,60.57%,39.43%,1781
920,919,1496784,35088,Risk 1 (High),60622,41.89567339,-87.68451554,1,1,0,Complaint,1879,CHICAGO,521.4371,444.6204,228.3295,1999.3133,2,60.58%,39.42%,1782
1340,1339,1512870,59550,Risk 1 (High),60642,41.89623732,-87.66380672,1,1,0,Canvass,1884,CHICAGO,121.3326,454.322,96.7674,1991.4914,2,60.58%,39.42%,1783
3494,3493,1441575,1878546,Risk 1 (High),60657,41.93272451,-87.65873284,1,1,0,Canvass,1930,LINCOLN,977.5894,398.1392,293.7577,1051.0203,2,60.59%,39.41%,1784
5390,5389,1296802,2146235,Risk 2 (Medium),60620,41.73591705,-87.64683752,0,1,1,Complaint Re-Inspection,1889,87TH,168.3722,259.0773,394.6046,1720.0829,2,60.61%,39.39%,1785
981,980,1490492,37844,Risk 1 (High),60642,41.89103918,-87.65887052,0,1,0,Canvass Re-Inspection,1891,OGDEN,1171.4411,501.3528,129.7755,2053.4476,2,60.61%,39.39%,1786
4545,4544,1473669,2048630,Risk 1 (High),60633,41.66611299,-87.55900308,0,1,0,Complaint Re-Inspection,1965,TORRENCE,508.7588,1580.8373,1781.6442,5874.2546,2,60.61%,39.39%,1787
7783,7782,1512228,2363997,Risk 2 (Medium),60614,41.9249707,-87.64830657,0,1,0,License,1891,LINCOLN,251.016,643.4213,166.0977,1869.0999,2,60.62%,39.38%,1788
4522,4521,1502086,2043064,Risk 1 (High),60607,41.86922879,-87.66170015,1,1,0,Canvass,1879,TAYLOR,767.7106,345.0575,611.0778,3047.1962,2,60.64%,39.36%,1789
2127,2126,1501412,1352448,Risk 1 (High),60616,41.83637183,-87.62638079,1,1,0,Canvass,1953,STATE,484.9625,1214.2879,1062.1865,2782.8001,2,60.64%,39.36%,1790
54,53,1441577,1578,Risk 1 (High),60657,41.94002036,-87.65417211,1,1,0,Canvass,1916,BELMONT,489.8941,380.888,134.5654,1135.166,2,60.64%,39.36%,1791
7315,7314,1491125,2333150,Risk 2 (Medium),60637,41.7838193,-87.6131889,0,1,0,License,1908,61ST,578.6951,298.1764,248.3802,3472.0712,2,60.65%,39.35%,1792
3869,3868,1513096,1943629,Risk 1 (High),60657,41.93609682,-87.65412475,1,1,0,Complaint,1897,SHEFFIELD,161.7937,412.6214,356.3325,1811.8179,2,60.65%,39.35%,1793
4343,4342,1515453,2013974,Risk 1 (High),60661,41.87916362,-87.64264996,1,0,0,Canvass,1991,ADAMS,762.0916,743.6088,726.1902,1031.6691,2,60.65%,39.35%,1794
2251,2250,1199574,1444270,Risk 2 (Medium),60661,41.88310807,-87.64137748,0,1,0,Canvass Re-Inspection,2003,CLINTON,21087.1053,941.127,629.1969,1462.3671,2,60.66%,39.34%,1795
7602,7601,1480283,2354588,Risk 1 (High),60623,41.85161473,-87.70875739,0,1,0,License Re-Inspection,1894,CERMAK,163.3487,269.4742,169.8567,1746.0378,2,60.66%,39.34%,1796
1633,1632,1497768,1045099,Risk 1 (High),60647,41.93219924,-87.69851035,1,1,0,Complaint,1891,DIVERSEY,800.3882,489.5157,187.0425,1208.5983,2,60.66%,39.34%,1797
1967,1966,1441482,1272424,Risk 1 (High),60657,41.94000649,-87.65501149,1,1,0,Canvass,1906,BELMONT,575.1941,265.2546,146.4689,1362.2706,2,60.67%,39.33%,1798
7202,7201,1199657,2326452,Risk 1 (High),60661,41.88097439,-87.64131135,1,1,0,Canvass,1985,CLINTON,392.6271,1063.3421,523.1943,881.4209,2,60.68%,39.32%,1799
3799,3798,1501671,1932775,Risk 1 (High),60609,41.80847228,-87.66733313,1,1,0,Canvass,1904,47TH,355.6475,588.4185,353.8873,2716.4817,2,60.70%,39.30%,1800
6327,6326,1401843,2263412,Risk 1 (High),60632,41.80088493,-87.69368249,1,1,0,Consultation,1930,51ST,187.2979,446.8918,603.8438,2214.6722,2,60.70%,39.30%,1801
135,134,1473957,3903,Risk 2 (Medium),60632,41.80824449,-87.70316886,1,1,0,Canvass Re-Inspection,1972,47TH,1233.6703,546.84,840.9675,1485.2163,2,60.72%,39.28%,1802
5870,5869,1493574,2202147,Risk 1 (High),60607,41.86924393,-87.66072005,0,1,0,Canvass Re-Inspection,1888,TAYLOR,184.9777,320.0751,701.019,2987.1586,2,60.72%,39.28%,1803
1126,1125,1447209,44548,Risk 1 (High),60614,41.92707497,-87.66353109,0,1,0,Canvass Re-Inspection,1923,SOUTHPORT,795.4998,387.9737,474.073,1435.1038,2,60.72%,39.28%,1804
1503,1502,1467413,76798,Risk 1 (High),60607,41.86924274,-87.66079657,1,1,0,Canvass Re-Inspection,1888,TAYLOR,429.9382,310.7231,691.9957,2990.6754,2,60.74%,39.26%,1805
4420,4419,1494201,2027142,Risk 1 (High),60647,41.91115346,-87.67843965,1,1,0,Canvass Re-Inspection,1909,MILWAUKEE,514.2309,367.2345,158.7888,1292.71,2,60.74%,39.26%,1806
4973,4972,1497970,2103048,Risk 1 (High),60608,41.8579683,-87.6659991,1,1,0,Canvass,1889,ASHLAND,328.5534,541.252,609.7563,2892.1198,2,60.74%,39.26%,1807
3421,3420,1441416,1868619,Risk 1 (High),60657,41.93610815,-87.64441138,1,1,0,Complaint,1923,BROADWAY,21087.1053,247.032,134.3848,2035.0615,2,60.74%,39.26%,1808
5108,5107,1441413,2120626,Risk 1 (High),60657,41.93287463,-87.65372052,0,1,0,Canvass Re-Inspection,1916,SHEFFIELD,414.9457,406.9873,318.4715,1456.8266,2,60.75%,39.25%,1809
6940,6939,1325111,2308213,Risk 1 (High),60647,41.91034133,-87.6792826,0,1,0,License Re-Inspection,1923,NORTH,257.684,473.2075,293.0992,1150.8481,2,60.75%,39.25%,1810
5884,5883,1434581,2202516,Risk 1 (High),60660,41.99058563,-87.66986968,1,1,0,Canvass Re-Inspection,1926,CLARK,396.3019,575.8849,512.2081,711.4049,2,60.75%,39.25%,1811
6941,6940,1325112,2308214,Risk 3 (Low),60647,41.91034133,-87.6792826,0,0,0,License Re-Inspection,1923,NORTH,239.1618,473.2075,293.0992,1150.8481,2,60.75%,39.25%,1812
4472,4471,1490323,2032955,Risk 1 (High),60622,41.89586195,-87.67335104,1,1,0,Canvass Re-Inspection,1896,CHICAGO,138.9846,358.1571,252.2956,1874.5437,2,60.76%,39.24%,1813
7798,7797,1512989,2364401,Risk 2 (Medium),60622,41.91061185,-87.67650857,0,0,0,License,1909,NORTH,332.559,316.3324,135.2638,1299.9652,2,60.76%,39.24%,1814
5922,5921,1490835,2203447,Risk 1 (High),60618,41.95974034,-87.70805402,0,1,0,Canvass Re-Inspection,1912,KEDZIE,234.5883,539.8546,304.5743,537.6834,2,60.76%,39.24%,1815
1284,1283,1496333,54753,Risk 1 (High),60625,41.96830877,-87.688536,0,1,0,Canvass Re-Inspection,1920,LINCOLN,146.8463,631.5154,465.0138,733.7248,2,60.77%,39.23%,1816
3500,3499,1513024,1879140,Risk 1 (High),60622,41.91039968,-87.67601119,1,1,0,Canvass,1912,NORTH,487.9103,344.3912,185.2902,1314.3955,2,60.77%,39.23%,1817
5354,5353,1497182,2141327,Risk 1 (High),60620,41.7507875,-87.64166665,0,1,1,Canvass Re-Inspection,1939,79TH,403.011,391.9077,276.0272,537.768,2,60.78%,39.22%,1818
2357,2356,1501873,1477940,Risk 1 (High),60622,41.89601018,-87.67763415,1,1,0,Canvass,1904,CHICAGO,520.1293,254.006,174.9961,1590.2223,2,60.78%,39.22%,1819
6928,6927,1498008,2308085,Risk 1 (High),60623,41.84451619,-87.71277572,1,1,0,Canvass,1911,26TH,121.7788,406.5076,841.4653,2243.2513,2,60.78%,39.22%,1820
4173,4172,1387446,1990954,Risk 1 (High),60628,41.68823683,-87.64210401,0,1,0,Canvass Re-Inspection,1988,HALSTED,663.0646,670.1314,516.3061,2708.8945,2,60.79%,39.21%,1821
7427,7426,1408242,2341060,Risk 2 (Medium),60647,41.91810712,-87.6973653,0,1,0,License Re-Inspection,1904,California,744.8581,321.5515,252.5551,1219.9809,2,60.79%,39.21%,1822
2882,2881,1402152,1677083,Risk 1 (High),60622,41.89602257,-87.67699522,1,1,0,Suspected Food Poisoning,1902,CHICAGO,121.8076,252.5347,204.5702,1664.3466,2,60.80%,39.20%,1823
7722,7721,1515480,2360019,Risk 1 (High),60601,41.88436188,-87.63316454,0,1,0,License,1926,RANDOLPH,228.0752,295.8029,155.0478,1808.1045,2,60.80%,39.20%,1824
6722,6721,1496533,2298199,Risk 1 (High),60622,41.90329197,-87.67776252,1,1,0,Complaint,1908,DIVISION,1068.9717,223.3484,69.739,1345.4196,2,60.81%,39.19%,1825
3855,3854,1474024,1942729,Risk 1 (High),60654,41.89334928,-87.63039031,1,1,0,Canvass Re-Inspection,1985,ONTARIO,111.8036,460.8907,725.7969,1225.1366,2,60.82%,39.18%,1826
7367,7366,1473960,2334449,Risk 2 (Medium),60632,41.80824449,-87.70316886,0,1,0,License Re-Inspection,1972,47TH,465.3687,546.84,840.9675,1485.2163,2,60.82%,39.18%,1827
4553,4552,1512545,2048786,Risk 1 (High),60611,41.88928401,-87.62654855,1,0,0,Canvass,2005,WABASH,393.207,599.1955,780.4841,975.3532,2,60.82%,39.18%,1828
2212,2211,1496650,1383444,Risk 1 (High),60625,41.96874385,-87.68793653,0,1,0,Canvass Re-Inspection,1923,LAWRENCE,141.7781,726.5223,496.1363,724.1899,2,60.82%,39.18%,1829
5624,5623,1441501,2172454,Risk 1 (High),60657,41.9438097,-87.64495107,1,1,0,Canvass,1906,BROADWAY,556.5824,334.1956,520.083,1949.3129,2,60.82%,39.18%,1830
7524,7523,1385841,2349320,Risk 1 (High),60623,41.84460992,-87.70631934,0,1,0,License Re-Inspection,1899,26TH,286.2006,519.9608,579.4119,2276.9954,2,60.84%,39.16%,1831
4779,4778,1358283,2079385,Risk 1 (High),60608,41.85798054,-87.66161008,1,1,0,Canvass,1899,18th,172.9118,537.5569,207.7785,2291.0837,2,60.84%,39.16%,1832
6403,6402,1501889,2271468,Risk 1 (High),60647,41.91821651,-87.6970748,1,1,0,Canvass,1904,CALIFORNIA,299.7262,342.1642,258.7928,1228.6377,2,60.85%,39.15%,1833
3265,3264,1402056,1817238,Risk 2 (Medium),60618,41.94098081,-87.68781207,0,1,0,Canvass Re-Inspection,1906,WESTERN,724.0873,745.3911,177.7122,986.536,2,60.85%,39.15%,1834
6381,6380,1501336,2270289,Risk 1 (High),60618,41.93946745,-87.70381062,1,1,0,Canvass,1895,BELMONT,369.3883,591.7394,321.3735,1182.8628,2,60.85%,39.15%,1835
5436,5435,1199496,2147543,Risk 1 (High),60661,41.88418751,-87.64111967,0,1,0,Canvass Re-Inspection,2000,CLINTON,21087.1053,799.3478,698.9896,1672.9061,2,60.86%,39.14%,1836
4550,4549,1512547,2048777,Risk 1 (High),60611,41.88928401,-87.62654855,1,0,0,Canvass,2005,WABASH,114.2222,599.1955,780.4841,975.3532,2,60.86%,39.14%,1837
3426,3425,1396073,1868915,Risk 1 (High),60647,41.91122291,-87.67854694,0,1,0,Canvass Re-Inspection,1909,MILWAUKEE,435.943,383.0794,141.0395,1305.03,2,60.86%,39.14%,1838
847,846,1439617,33845,Risk 1 (High),60611,41.89214078,-87.62431278,1,1,0,Canvass,1966,MICHIGAN,609.48,901.2815,472.3067,1409.8285,2,60.87%,39.13%,1839
3724,3723,1453663,1914557,Risk 1 (High),60605,41.8757876,-87.62663329,1,1,1,Canvass,1886,CONGRESS,79.6702,549.8837,1239.4167,1788.0366,2,60.88%,39.12%,1840
848,847,1439614,33854,Risk 1 (High),60611,41.89214078,-87.62431278,1,1,0,Canvass,1966,MICHIGAN,581.6346,901.2815,472.3067,1409.8285,2,60.88%,39.12%,1841
844,843,1439615,33836,Risk 1 (High),60611,41.89214078,-87.62431278,1,0,0,Canvass,1966,MICHIGAN,525.938,901.2815,472.3067,1409.8285,2,60.89%,39.11%,1842
7821,7820,1441669,2368906,Risk 1 (High),60657,41.94361136,-87.65436891,0,1,0,License,1911,SHEFFIELD,580.1179,374.9607,543.753,1773.3686,2,60.90%,39.10%,1843
2790,2789,1439236,1646652,Risk 1 (High),60611,41.8932723,-87.6214688,1,1,0,Complaint,1971,ONTARIO,198.6936,601.5858,397.9227,1257.7457,2,60.90%,39.10%,1844
6853,6852,1395807,2304347,Risk 1 (High),60607,41.88568318,-87.65272658,0,1,0,License Re-Inspection,1924,LAKE,138.8562,309.8559,267.945,1739.5009,2,60.90%,39.10%,1845
5378,5377,1372645,2142599,Risk 1 (High),60601,41.88543167,-87.62611929,1,1,0,Complaint,1927,WABASH,232.1723,589.1771,230.614,1971.8193,2,60.90%,39.10%,1846
7032,7031,1434986,2313730,Risk 1 (High),60611,41.89498361,-87.6241062,0,0,0,License Re-Inspection,1926,Michigan,663.0646,686.7903,390.5774,2132.6514,2,60.91%,39.09%,1847
845,844,1439616,33838,Risk 1 (High),60611,41.89214078,-87.62431278,1,1,0,Canvass,1966,MICHIGAN,303.9696,901.2815,472.3067,1409.8285,2,60.91%,39.09%,1848
90,89,1445249,2760,Risk 1 (High),60614,41.92665028,-87.64226228,0,1,0,Canvass Re-Inspection,1925,ARLINGTON,355.4896,360.051,175.043,1367.1406,2,60.92%,39.08%,1849
843,842,1439618,33834,Risk 1 (High),60611,41.89214078,-87.62431278,1,1,0,Canvass,1966,MICHIGAN,268.8855,901.2815,472.3067,1409.8285,2,60.92%,39.08%,1850
849,848,1439613,33856,Risk 1 (High),60611,41.89214078,-87.62431278,1,1,0,Canvass,1966,MICHIGAN,238.8804,901.2815,472.3067,1409.8285,2,60.92%,39.08%,1851
196,195,1512549,7017,Risk 1 (High),60609,41.81140788,-87.6648974,1,1,0,Canvass,1917,ASHLAND,395.0978,1267.9475,253.8208,2362.1672,2,60.92%,39.08%,1852
7034,7033,1434983,2313732,Risk 1 (High),60611,41.89498361,-87.6241062,0,0,0,License Re-Inspection,1926,Michigan,532.6424,686.7903,390.5774,2132.6514,2,60.93%,39.07%,1853
846,845,1439612,33841,Risk 1 (High),60611,41.89214078,-87.62431278,1,1,0,Canvass,1966,MICHIGAN,189.9737,901.2815,472.3067,1409.8285,2,60.93%,39.07%,1854
7462,7461,1512341,2341554,Risk 1 (High),60647,41.91771656,-87.67776705,0,1,0,License Re-Inspection,1897,DAMEN,924.5808,207.8528,120.0562,1526.9764,2,60.93%,39.07%,1855
7463,7462,1512342,2341555,Risk 1 (High),60647,41.91771656,-87.67776705,0,0,0,License Re-Inspection,1897,DAMEN,924.5808,207.8528,120.0562,1526.9764,2,60.93%,39.07%,1856
7155,7154,1480392,2320481,Risk 1 (High),60623,41.8462971,-87.71591643,1,1,0,Canvass,1920,MILLARD,432.9539,309.9989,632.0292,1819.586,2,60.94%,39.06%,1857
6965,6964,1296932,2308658,Risk 1 (High),60620,41.75117948,-87.66360549,0,1,0,License Re-Inspection,1992,ASHLAND,21087.1053,295.4726,320.1728,2412.5215,2,60.94%,39.06%,1858
2819,2818,1387530,1648880,Risk 2 (Medium),60619,41.75124062,-87.61412342,0,1,0,Canvass Re-Inspection,1971,79TH,414.6568,334.2261,218.8306,2534.6508,2,60.95%,39.05%,1859
2749,2748,1447531,1620751,Risk 2 (Medium),60606,41.88562122,-87.63450136,0,1,0,Canvass Re-Inspection,1929,LAKE,458.3445,280.2063,353.1977,2012.1118,2,60.95%,39.05%,1860
5247,5246,1501393,2133988,Risk 1 (High),60623,41.8461842,-87.70888991,1,1,0,Canvass,1902,CHRISTIANA,445.4472,592.1602,524.1558,2141.1427,2,60.96%,39.04%,1861
7033,7032,1434985,2313731,Risk 1 (High),60611,41.89498361,-87.6241062,0,0,0,License Re-Inspection,1926,Michigan,226.0008,686.7903,390.5774,2132.6514,2,60.97%,39.03%,1862
7031,7030,1434977,2313729,Risk 1 (High),60611,41.89498361,-87.6241062,0,1,0,License Re-Inspection,1926,Michigan,176.2156,686.7903,390.5774,2132.6514,2,60.97%,39.03%,1863
7205,7204,1512220,2326478,Risk 1 (High),60613,41.96168092,-87.67076163,1,1,0,Canvass,1929,MONTROSE,131.6635,649.3939,891.9993,1422.509,2,60.98%,39.02%,1864
7341,7340,1494075,2333743,Risk 1 (High),60622,41.89933654,-87.68678817,0,1,0,License,1931,WESTERN,360.633,401.6388,313.4416,1098.5449,2,60.98%,39.02%,1865
2455,2454,1453366,1514280,Risk 1 (High),60605,41.87588847,-87.63188472,1,1,0,Complaint,1983,LA,924.5808,688.8724,811.6436,1583.7719,2,60.98%,39.02%,1866
6449,6448,1513163,2278360,Risk 2 (Medium),60632,41.81813377,-87.69741956,0,1,0,Canvass Re-Inspection,1932,ARCHER,21087.1053,348.0352,224.6664,2450.225,2,60.98%,39.02%,1867
6601,6600,1441484,2289423,Risk 1 (High),60657,41.93976839,-87.65622072,1,1,0,Canvass,1911,BELMONT,588.3478,271.6661,324.8418,1562.0488,2,60.99%,39.01%,1868
4988,4987,1497834,2104431,Risk 1 (High),60653,41.80956704,-87.61644678,1,1,0,Canvass,2005,DR,820.5178,427.5281,552.6293,1681.5095,2,61.00%,39.00%,1869
5327,5326,1296778,2138161,Risk 1 (High),60643,41.70372586,-87.6816838,0,1,0,Canvass Re-Inspection,1951,WESTERN,1326.97,1185.3902,1971.4495,4592.8857,2,61.00%,39.00%,1870
852,851,1493691,34078,Risk 1 (High),60632,41.80629421,-87.71719212,0,1,0,Canvass Re-Inspection,1894,ARCHER,298.2649,608.9227,491.981,2543.6602,2,61.01%,38.99%,1871
1073,1072,1439250,41980,Risk 1 (High),60611,41.89342615,-87.62536202,1,1,0,Consultation,1950,ONTARIO,305.3236,917.1209,498.7311,1775.8438,2,61.02%,38.98%,1872
4853,4852,1497126,2088498,Risk 2 (Medium),60622,41.89580466,-87.67690903,0,1,0,Canvass Re-Inspection,1904,CHICAGO,531.3843,296.0846,229.0771,1745.1345,2,61.04%,38.96%,1873
5721,5720,1441558,2184562,Risk 1 (High),60657,41.93976468,-87.65647301,1,1,0,Canvass,1911,BELMONT,188.4824,267.4126,361.8335,1603.2944,2,61.04%,38.96%,1874
5315,5314,1482402,2137946,Risk 2 (Medium),60640,41.96549905,-87.65824707,0,1,0,Canvass Re-Inspection,1922,WILSON,21087.1053,549.3729,167.0402,1708.0929,2,61.05%,38.95%,1875
6336,6335,1497521,2263913,Risk 1 (High),60632,41.81455427,-87.7037213,1,1,0,Complaint,1927,ARCHER,588.3478,323.5821,482.2709,2001.8293,2,61.05%,38.95%,1876
1520,1519,1387554,78579,Risk 1 (High),60628,41.70747,-87.6107665,1,1,0,Canvass Re-Inspection,1918,103RD,246.8203,243.5406,473.9247,4417.5612,2,61.06%,38.94%,1877
646,645,1512687,26748,Risk 1 (High),60610,41.90186736,-87.62849215,1,1,0,Canvass,1979,STATE,718.3019,585.781,229.675,794.7207,2,61.07%,38.93%,1878
2185,2184,1490555,1380606,Risk 1 (High),60613,41.95857486,-87.65327284,0,1,0,Canvass Re-Inspection,1919,BROADWAY,374.7643,470.8739,269.5115,1204.9031,2,61.10%,38.90%,1879
1553,1552,1490482,81793,Risk 1 (High),60610,41.90186736,-87.62849215,0,1,0,Canvass Re-Inspection,1979,STATE,423.4536,585.781,229.675,794.7207,2,61.11%,38.89%,1880
7523,7522,1496643,2349269,Risk 1 (High),60610,41.89669631,-87.63554464,1,1,0,Complaint,1956,CHICAGO,340.1795,657.5436,681.1779,1753.3864,2,61.11%,38.89%,1881
1,0,1447571,2,Risk 1 (High),60606,41.88075716,-87.6347093,1,1,0,Canvass,1970,MONROE,767.7106,633.1108,398.4826,1311.8407,2,61.11%,38.89%,1882
4441,4440,1497450,2031676,Risk 1 (High),60618,41.93928538,-87.69733595,1,1,0,Complaint,1911,BELMONT,315.5429,520.429,311.8437,1018.7291,2,61.12%,38.88%,1883
4803,4802,1497357,2083866,Risk 2 (Medium),60661,41.88199434,-87.63975868,0,1,0,Canvass Re-Inspection,1988,MADISON,630.2438,1096.3383,654.4124,1134.8121,2,61.12%,38.88%,1884
7303,7302,1441225,2328551,Risk 1 (High),60657,41.94551137,-87.64631523,0,1,0,License Re-Inspection,1896,BROADWAY,410.2568,124.335,428.929,2114.2139,2,61.13%,38.87%,1885
7398,7397,1490743,2340664,Risk 1 (High),60608,41.85794718,-87.66353727,0,1,0,License Re-Inspection,1889,18TH,403.4053,463.1304,288.6562,2671.0036,2,61.13%,38.87%,1886
6855,6854,1401488,2304398,Risk 2 (Medium),60614,41.92172346,-87.66476304,0,1,0,License Re-Inspection,1890,CLYBOURN,320.608,424.9615,144.876,1855.7495,2,61.13%,38.87%,1887
5722,5721,1501701,2184654,Risk 1 (High),60608,41.85756119,-87.66598939,1,1,0,Canvass,1889,ASHLAND,42.1887,489.2544,520.2756,2903.5808,2,61.13%,38.87%,1888
5772,5771,1473780,2189443,Risk 2 (Medium),60640,41.96925666,-87.65497266,0,1,0,Complaint Re-Inspection,1922,SHERIDAN,301.3224,592.8441,572.5034,1379.1916,2,61.13%,38.87%,1889
1031,1030,1199424,40155,Risk 1 (High),60661,41.88199434,-87.63975868,0,1,0,Complaint Re-Inspection,1988,MADISON,496.4875,1096.3383,654.4124,1134.8121,2,61.13%,38.87%,1890
1181,1180,1325170,47621,Risk 1 (High),60647,41.91097377,-87.67762166,0,1,0,Canvass Re-Inspection,1921,DAMEN,335.1963,288.9011,242.9451,1284.8678,2,61.14%,38.86%,1891
6809,6808,1512857,2303641,Risk 2 (Medium),60632,41.81416062,-87.69453061,1,1,0,Canvass,1928,California,493.8179,336.9543,448.8318,2092.3119,2,61.15%,38.85%,1892
1658,1657,1199632,1069488,Risk 2 (Medium),60661,41.88199434,-87.63975868,1,1,0,Canvass Re-Inspection,1988,MADISON,403.6278,1096.3383,654.4124,1134.8121,2,61.15%,38.85%,1893
1589,1588,1401317,86323,Risk 1 (High),60610,41.91094942,-87.6348513,0,1,0,Canvass Re-Inspection,1950,WELLS,623.0364,561.0822,334.9619,1365.1179,2,61.15%,38.85%,1894
6307,6306,1447590,2263045,Risk 1 (High),60606,41.88190275,-87.63516406,1,1,0,Canvass,1958,FRANKLIN,745.368,400.2072,344.4162,1504.2771,2,61.16%,38.84%,1895
5817,5816,1515274,2196316,Risk 1 (High),60622,41.89101119,-87.67214746,1,1,0,Canvass,1882,GRAND,285.1423,278.2969,231.8276,2337.0564,2,61.16%,38.84%,1896
3311,3310,1447441,1822710,Risk 1 (High),60661,41.88199434,-87.63975868,0,1,0,Canvass Re-Inspection,1988,MADISON,269.4221,1096.3383,654.4124,1134.8121,2,61.16%,38.84%,1897
3025,3024,1155253,1739016,Risk 1 (High),60642,41.89623332,-87.66407716,1,1,0,Canvass,1892,CHICAGO,424.4781,467.9537,56.7009,1976.6923,2,61.17%,38.83%,1898
6127,6126,1199642,2245929,Risk 1 (High),60661,41.88199434,-87.63975868,1,1,0,Canvass,1988,MADISON,189.0916,1096.3383,654.4124,1134.8121,2,61.17%,38.83%,1899
2356,2355,1199456,1477845,Risk 1 (High),60661,41.88199434,-87.63975868,0,1,0,Canvass Re-Inspection,1988,MADISON,174.8741,1096.3383,654.4124,1134.8121,2,61.18%,38.82%,1900
1311,1310,1467225,56989,Risk 1 (High),60661,41.88199434,-87.63975868,1,1,0,Canvass Re-Inspection,1988,MADISON,157.431,1096.3383,654.4124,1134.8121,2,61.18%,38.82%,1901
5595,5594,1385791,2163523,Risk 1 (High),60639,41.90942011,-87.75355028,1,1,0,Canvass,1920,NORTH,1076.7846,252.1006,766.2099,989.2359,2,61.18%,38.82%,1902
1028,1027,1498138,39981,Risk 1 (High),60647,41.93196326,-87.70099958,1,1,0,Canvass,1901,DIVERSEY,600.348,467.6987,180.1574,1122.6189,2,61.18%,38.82%,1903
3909,3908,1447614,1953529,Risk 1 (High),60606,41.88190275,-87.63516406,1,1,0,Canvass,1958,FRANKLIN,543.1808,400.2072,344.4162,1504.2771,2,61.18%,38.82%,1904
6784,6783,1199618,2299305,Risk 1 (High),60661,41.88142616,-87.64132624,1,1,0,Canvass,1985,CLINTON,899.6572,1090.3453,466.453,990.0346,2,61.19%,38.81%,1905
2348,2347,1434814,1477112,Risk 2 (Medium),60617,41.72237211,-87.5742747,1,1,0,Short Form Complaint,2005,95TH,136.023,348.1857,470.8726,3009.9645,2,61.20%,38.80%,1906
5499,5498,1460062,2153175,Risk 1 (High),60610,41.89370033,-87.63132562,0,1,0,Canvass Re-Inspection,1985,CLARK,410.625,545.5788,774.1618,1395.9176,2,61.20%,38.80%,1907
3545,3544,1199611,1887323,Risk 2 (Medium),60661,41.87994232,-87.64745274,0,1,0,Canvass Re-Inspection,2008,HALSTED,220.6929,773.1675,665.6311,694.0233,2,61.21%,38.79%,1908
1500,1499,1092841,76580,Risk 1 (High),60657,41.94000258,-87.64425131,1,1,0,Complaint,1916,BROADWAY,477.1744,403.9746,166.5616,1482.6159,2,61.21%,38.79%,1909
6520,6519,1387792,2283731,Risk 2 (Medium),60628,41.70737498,-87.61694603,1,1,0,Canvass Re-Inspection,1962,103RD,283.8375,665.8995,947.2043,4025.9825,2,61.22%,38.78%,1910
6231,6230,1502084,2254274,Risk 1 (High),60608,41.84453129,-87.66011645,0,1,0,License,1888,ELEANOR,103.1971,819.004,443.2332,3041.1764,2,61.22%,38.78%,1911
220,219,1152185,7861,Risk 1 (High),60609,41.80847616,-87.6669132,1,1,0,Complaint,1921,47TH,219.1012,541.6518,426.8531,2626.3096,2,61.22%,38.78%,1912
4218,4217,1434926,1998085,Risk 1 (High),60611,41.8949033,-87.62074373,1,1,0,Consultation,1979,HURON,672.7021,1034.8256,915.5311,1798.2631,2,61.22%,38.78%,1913
1816,1815,1480289,1167291,Risk 1 (High),60623,41.84408262,-87.72898371,1,1,0,Complaint,1889,26TH,105.4533,542.6836,364.3704,2041.8823,2,61.22%,38.78%,1914
1662,1661,1383481,1069817,Risk 1 (High),60601,41.88450898,-87.62960563,1,1,0,Complaint,1965,DEARBORN,292.2477,573.9203,550.2868,1646.6307,2,61.22%,38.78%,1915
2889,2888,1441478,1677471,Risk 1 (High),60657,41.9417129,-87.64430634,1,1,0,Canvass,1919,BROADWAY,338.1075,357.852,330.2186,1601.6191,2,61.23%,38.77%,1916
7277,7276,1493926,2328103,Risk 2 (Medium),60654,41.89246403,-87.63129489,1,1,0,Short Form Complaint,2006,CLARK,563.9111,603.4386,753.7609,964.6648,2,61.23%,38.77%,1917
4976,4975,1493593,2103296,Risk 1 (High),60603,41.88059105,-87.63050913,1,1,1,Canvass Re-Inspection,1905,MONROE,318.6235,705.5315,270.1568,256.1552,2,61.23%,38.77%,1918
5684,5683,1453626,2183402,Risk 1 (High),60605,41.86775147,-87.62597953,1,1,1,Canvass,1878,WABASH,365.787,207.3429,555.2329,1367.7156,2,61.24%,38.76%,1919
7601,7600,1441412,2354580,Risk 1 (High),60657,41.93860473,-87.66738884,0,1,0,License Re-Inspection,1958,LINCOLN,508.2457,577.909,620.0622,873.6487,2,61.24%,38.76%,1920
2132,2131,1497143,1353421,Risk 1 (High),60623,41.83857172,-87.72454335,1,1,0,Canvass,1899,PULASKI,1292.9236,455.4539,536.738,2216.2024,2,61.25%,38.75%,1921
6271,6270,1496220,2262202,Risk 1 (High),60623,41.8443173,-87.71161125,1,1,0,Canvass Re-Inspection,1904,26TH,328.1875,373.1844,608.7966,2283.3844,2,61.25%,38.75%,1922
3572,3571,1439505,1891876,Risk 1 (High),60611,41.90009663,-87.62535934,1,1,0,Short Form Complaint,1974,WALTON,1152.4972,425.5457,417.028,1263.9065,2,61.25%,38.75%,1923
3246,3245,1515306,1816811,Risk 1 (High),60617,41.74422798,-87.57526146,1,1,0,Short Form Complaint,2005,SOUTH,418.1399,278.3064,788.1852,3201.4444,2,61.25%,38.75%,1924
2091,2090,1453635,1332969,Risk 1 (High),60605,41.86753929,-87.62612469,1,1,1,Canvass,1878,ROOSEVELT,403.1231,181.3911,561.2235,1385.0287,2,61.26%,38.74%,1925
5997,5996,1512872,2231826,Risk 1 (High),60610,41.91067609,-87.63484274,1,0,0,Canvass,1950,WELLS,665.3156,612.1196,285.5619,1341.0458,2,61.26%,38.74%,1926
956,955,1092829,36911,Risk 1 (High),60657,41.94458341,-87.67225085,1,1,0,Short Form Complaint,1889,LINCOLN,468.3783,523.999,294.0752,1778.9813,2,61.26%,38.74%,1927
3978,3977,1447424,1963876,Risk 1 (High),60606,41.87927284,-87.6341032,1,1,0,Canvass,2006,ADAMS,660.7851,718.9602,826.9488,1148.4368,2,61.26%,38.74%,1928
3899,3898,1498039,1948872,Risk 1 (High),60647,41.92976286,-87.70722323,1,1,0,Canvass,1901,KEDZIE,183.4652,373.8905,317.1998,1243.3178,2,61.27%,38.73%,1929
6109,6108,1501903,2245391,Risk 1 (High),60611,41.8949033,-87.62074373,0,1,0,Canvass,1979,HURON,264.6625,1034.8256,915.5311,1798.2631,2,61.27%,38.73%,1930
2435,2434,1401549,1495029,Risk 1 (High),60654,41.89300677,-87.63395925,0,1,0,Canvass Re-Inspection,1966,WELLS,515.4292,610.7447,570.4314,1537.1234,2,61.28%,38.72%,1931
7132,7131,1453262,2320087,Risk 2 (Medium),60605,41.867537,-87.6263769,0,0,0,License,2006,ROOSEVELT,6747.0403,185.0614,560.4124,1333.9759,2,61.28%,38.72%,1932
4392,4391,1473301,2022125,Risk 1 (High),60608,41.85773127,-87.66335578,1,1,0,Canvass Re-Inspection,1889,18TH,430.0423,443.2761,224.6753,2655.2506,2,61.30%,38.70%,1933
7100,7099,1305528,2314756,Risk 2 (Medium),60623,41.86409878,-87.71550172,0,0,0,License,1906,CENTRAL,308.1275,411.6581,567.7571,1968.7413,2,61.30%,38.70%,1934
2219,2218,1447328,1403374,Risk 1 (High),60606,41.88366157,-87.6337233,0,1,0,Complaint Re-Inspection,1990,WELLS,21087.1053,326.5818,296.0433,1675.8596,2,61.31%,38.69%,1935
7650,7649,1497201,2358530,Risk 1 (High),60620,41.75436101,-87.64428597,0,1,0,License Re-Inspection,1997,HALSTED,296.9337,245.9818,450.1408,1973.1353,2,61.33%,38.67%,1936
3267,3266,1498086,1817342,Risk 2 (Medium),60607,41.88438845,-87.65476119,0,1,0,Canvass Re-Inspection,1919,RANDOLPH,477.0087,527.1284,348.2669,2058.7794,2,61.33%,38.67%,1937
1536,1535,1482398,80273,Risk 1 (High),60640,41.97985841,-87.65522996,0,1,0,Canvass Re-Inspection,1915,SHERIDAN,357.4092,723.8584,423.5617,1298.041,2,61.34%,38.66%,1938
6501,6500,1512395,2283288,Risk 1 (High),60636,41.77919934,-87.67441843,1,1,0,Complaint,1998,63RD,684.4226,300.3699,475.2544,1364.0387,2,61.34%,38.66%,1939
2517,2516,1383412,1543762,Risk 1 (High),60607,41.8691916,-87.66401334,0,1,0,Canvass Re-Inspection,1877,TAYLOR,1204.3829,454.1323,593.8701,3270.8047,2,61.35%,38.65%,1940
4414,4413,1402162,2026941,Risk 2 (Medium),60660,41.98439695,-87.66023971,0,1,0,Canvass Re-Inspection,1911,Broadway,428.2703,455.927,681.0683,1603.6468,2,61.35%,38.65%,1941
728,727,1441531,29989,Risk 1 (High),60657,41.93799979,-87.64418473,1,1,0,Canvass,1911,BROADWAY,817.5547,414.2395,168.134,1664.0334,2,61.35%,38.65%,1942
7129,7128,1296857,2320032,Risk 1 (High),60620,41.7502616,-87.66234576,0,1,0,License Re-Inspection,1959,79TH,446.9235,287.6079,313.7174,2398.6043,2,61.36%,38.64%,1943
1900,1899,1372535,1226438,Risk 1 (High),60601,41.88670774,-87.63079458,1,0,0,Canvass Re-Inspection,1990,WACKER,80.1743,305.8749,606.0045,1219.0925,2,61.36%,38.64%,1944
6756,6755,1325016,2298823,Risk 1 (High),60624,41.88078471,-87.72986386,1,1,0,Short Form Complaint,1933,MADISON,508.1591,784.7426,317.7952,770.958,2,61.36%,38.64%,1945
3381,3380,1447429,1845672,Risk 1 (High),60606,41.88307596,-87.6384126,0,1,0,Canvass Re-Inspection,1990,WASHINGTON,529.5066,883.8853,888.9108,1471.2079,2,61.37%,38.63%,1946
5233,5232,1497223,2133656,Risk 1 (High),60614,41.92550054,-87.6391788,0,1,0,Canvass Re-Inspection,1930,FULLERTON,510.4848,591.7889,347.474,1654.8253,2,61.37%,38.63%,1947
3596,3595,1493371,1893655,Risk 1 (High),60608,41.84700446,-87.68564732,1,1,0,Complaint,1941,WESTERN,950.1593,423.6529,499.216,1776.6918,2,61.37%,38.63%,1948
4473,4472,1501992,2033045,Risk 1 (High),60603,41.87929007,-87.63236273,1,1,1,Canvass,1914,ADAMS,668.903,564.208,742.1414,693.516,2,61.37%,38.63%,1949
87,86,1401376,2224,Risk 2 (Medium),60608,41.85185721,-87.69066122,0,1,0,Complaint Re-Inspection,1931,CERMAK,220.1709,635.1736,528.1266,1859.8628,2,61.38%,38.62%,1950
4598,4597,1512303,2055472,Risk 1 (High),60622,41.90942674,-87.67758328,1,1,0,Canvass,1916,DAMEN,459.7546,369.7677,40.9901,1244.0369,2,61.40%,38.60%,1951
226,225,1441383,8221,Risk 1 (High),60657,41.93437222,-87.66585652,1,1,0,Canvass Re-Inspection,1891,GEORGE,693.5271,308.2506,261.8577,1951.8751,2,61.41%,38.59%,1952
4495,4494,1501381,2037306,Risk 1 (High),60620,41.73617771,-87.64406635,1,1,0,Canvass,2005,87TH,263.0494,586.4366,456.0848,1994.0277,2,61.41%,38.59%,1953
6084,6083,1199671,2240730,Risk 1 (High),60661,41.88044791,-87.64183898,1,1,0,Canvass,2002,MONROE,610.2964,973.9449,596.1032,867.0935,2,61.41%,38.59%,1954
4885,4884,1199469,2092960,Risk 1 (High),60661,41.88155881,-87.64133123,1,1,0,Recent Inspection,1985,CLINTON,250.5535,1090.8525,456.9158,1024.7311,2,61.42%,38.58%,1955
1640,1639,1490441,1045634,Risk 1 (High),60632,41.80452511,-87.7236336,0,1,0,Canvass Re-Inspection,1911,PULASKI,1920.8752,926.4791,713.0332,2567.9169,2,61.43%,38.57%,1956
667,666,1401747,27480,Risk 1 (High),60640,41.9731684,-87.65736358,0,1,0,Complaint Re-Inspection,1916,ARGYLE,398.723,371.9546,415.0683,1359.1054,2,61.43%,38.57%,1957
289,288,1496339,11172,Risk 1 (High),60603,41.87960813,-87.62699911,0,1,1,Canvass Re-Inspection,1888,ADAMS,329.891,567.943,348.2985,829.6302,2,61.44%,38.56%,1958
3556,3555,1497472,1887757,Risk 2 (Medium),60657,41.93415507,-87.64356159,1,0,0,Canvass Re-Inspection,1926,SURF,177.3111,353.2703,491.6576,1797.7651,2,61.45%,38.55%,1959
132,131,1467403,3887,Risk 1 (High),60607,41.87172647,-87.65348716,0,1,0,Canvass Re-Inspection,1879,POLK,966.4243,837.4434,229.4546,2905.2421,2,61.45%,38.55%,1960
7640,7639,1512751,2355358,Risk 2 (Medium),60617,41.73915366,-87.58584345,0,1,0,License Re-Inspection,1988,STONY,357.6059,580.081,519.754,3178.3302,2,61.46%,38.54%,1961
7589,7588,1497190,2354267,Risk 1 (High),60610,41.91108515,-87.6306321,0,1,0,License Re-Inspection,2008,NORTH,1070.2542,781.3425,412.9764,431.2541,2,61.46%,38.54%,1962
7580,7579,1387649,2354016,Risk 1 (High),60619,41.75854888,-87.61340684,0,1,0,License Re-Inspection,1921,75TH,1068.9717,328.4985,313.9189,3799.2079,2,61.46%,38.54%,1963
6776,6775,1482368,2299137,Risk 1 (High),60640,41.9669567,-87.65863147,1,0,0,Canvass,1906,BROADWAY,354.1588,347.1101,41.5602,1169.8116,2,61.46%,38.54%,1964
6610,6609,1387624,2289591,Risk 1 (High),60617,41.73683092,-87.58378534,0,1,0,Canvass Re-Inspection,2007,E,185.7067,438.1764,362.3414,2656.2938,2,61.47%,38.53%,1965
2590,2589,1501455,1575555,Risk 1 (High),60647,41.92172351,-87.69746848,0,1,0,Canvass Re-Inspection,1910,CALIFORNIA,707.9282,638.9666,183.3587,1171.3142,2,61.47%,38.53%,1966
5229,5228,1358273,2130341,Risk 1 (High),60608,41.84489223,-87.68847767,1,1,0,Canvass Re-Inspection,1948,26TH,376.8748,901.1452,1101.9862,2315.4672,2,61.48%,38.52%,1967
2579,2578,1497491,1574489,Risk 1 (High),60647,41.92284258,-87.69748748,1,1,0,Canvass,1902,MILWAUKEE,525.938,548.6097,284.7618,1450.1555,2,61.49%,38.51%,1968
7374,7373,1501534,2334759,Risk 1 (High),60606,41.88326585,-87.63876082,0,0,0,License Re-Inspection,1990,RIVERSIDE,613.693,912.0402,870.8016,1485.0439,2,61.49%,38.51%,1969
89,88,1107089,2751,Risk 1 (High),60640,41.97338578,-87.65750875,0,1,0,Canvass Re-Inspection,1916,ARGYLE,63.3516,323.8474,448.311,1407.5941,2,61.50%,38.50%,1970
4822,4821,1441507,2084407,Risk 1 (High),60657,41.94437298,-87.65434805,1,1,0,Canvass,1905,CLARK,473.8914,477.8397,468.6561,1984.6683,2,61.52%,38.48%,1971
1544,1543,1471239,80875,Risk 1 (High),60647,41.93012612,-87.70723081,1,1,0,Complaint,1905,KEDZIE,121.8951,403.1393,322.2301,1240.2418,2,61.53%,38.47%,1972
7622,7621,1496899,2354911,Risk 1 (High),60657,41.93800688,-87.64475457,0,0,0,License,1911,BARRY,404.2304,295.1719,61.8093,1577.8232,2,61.53%,38.47%,1973
4688,4687,1387745,2068945,Risk 1 (High),60628,41.69226709,-87.64222983,1,1,0,Canvass,2006,HALSTED,153.7011,749.4983,600.9008,2613.7525,2,61.54%,38.46%,1974
6076,6075,1497945,2240326,Risk 1 (High),60647,41.92184348,-87.69747207,1,1,0,Canvass,1910,CALIFORNIA,529.6727,627.7248,191.4083,1197.5984,2,61.55%,38.45%,1975
817,816,1482336,33196,Risk 1 (High),60640,41.96655361,-87.65804621,0,1,0,Canvass Re-Inspection,1906,BROADWAY,572.0825,427.1747,168.5986,1363.6951,2,61.55%,38.45%,1976
5724,5723,1480270,2184944,Risk 1 (High),60623,41.85319452,-87.71932895,0,1,0,Canvass Re-Inspection,1917,OGDEN,556.7151,359.3584,190.5767,1440.0354,2,61.56%,38.44%,1977
7243,7242,1441389,2327129,Risk 1 (High),60657,41.93298721,-87.63652894,0,1,0,License,1968,DIVERSEY,363.1762,1275.3771,841.2304,1441.2303,2,61.56%,38.44%,1978
4622,4621,1501350,2060407,Risk 1 (High),60641,41.94014439,-87.72735832,1,1,0,Canvass,1925,PULASKI,422.2025,503.9043,517.4491,720.6613,2,61.56%,38.44%,1979
5634,5633,1493627,2172697,Risk 2 (Medium),60610,41.90383105,-87.62874005,0,1,0,Canvass Re-Inspection,1945,DIVISION,597.6426,662.6153,82.1245,1437.6044,2,61.57%,38.43%,1980
612,611,1501614,25182,Risk 1 (High),60615,41.80286416,-87.60656981,1,1,0,Canvass,1965,Cottage,480.1895,480.7012,375.835,2643.0137,2,61.57%,38.43%,1981
1096,1095,1439364,43276,Risk 2 (Medium),60611,41.89224916,-87.60951805,0,1,0,Canvass Re-Inspection,1994,GRAND,277.869,1153.3168,1932.9899,2969.4597,2,61.58%,38.42%,1982
5338,5337,1439329,2138452,Risk 1 (High),60611,41.89224916,-87.60951805,0,1,0,Canvass Re-Inspection,1994,GRAND,254.6583,1153.3168,1932.9899,2969.4597,2,61.58%,38.42%,1983
5842,5841,1512706,2196830,Risk 1 (High),60622,41.90307109,-87.67783097,1,1,0,Canvass,1923,DIVISION,477.9538,253.2122,73.9078,1265.3695,2,61.59%,38.41%,1984
773,772,1501657,31837,Risk 2 (Medium),60614,41.92783382,-87.64165881,0,1,0,Complaint Re-Inspection,1952,CLARK,355.366,483.3619,85.6476,909.3393,2,61.59%,38.41%,1985
1033,1032,1496319,40337,Risk 1 (High),60616,41.85295117,-87.63276485,0,1,0,Canvass Re-Inspection,1989,CERMAK,588.3478,103.275,558.0906,1585.7802,2,61.59%,38.41%,1986
4220,4219,1439423,1998221,Risk 1 (High),60611,41.89224916,-87.60951805,1,1,0,Complaint,1994,GRAND,47.7343,1153.3168,1932.9899,2969.4597,2,61.60%,38.40%,1987
7588,7587,1497821,2354262,Risk 1 (High),60614,41.92400932,-87.63967069,0,1,0,License Re-Inspection,1932,CLARK,306.7581,445.7037,147.2732,1463.7973,2,61.62%,38.38%,1988
6726,6725,1501281,2298331,Risk 1 (High),60608,41.85763235,-87.66977453,1,1,0,Canvass,1889,18TH,94.1091,586.5892,384.0464,2842.5157,2,61.62%,38.38%,1989
1075,1074,1372484,42120,Risk 2 (Medium),60611,41.89762925,-87.62427007,1,0,0,Short Form Complaint,1964,MICHIGAN,609.9951,516.6826,292.3755,1448.4103,2,61.63%,38.37%,1990
5818,5817,1501472,2196340,Risk 1 (High),60616,41.85295011,-87.63284146,1,1,0,Canvass,1989,CERMAK,707.9282,93.8068,550.995,1596.4611,2,61.64%,38.36%,1991
6410,6409,1325033,2271551,Risk 2 (Medium),60612,41.87349155,-87.70115111,0,1,0,Canvass Re-Inspection,1924,SACRAMENTO,280.6761,426.2003,568.6236,1809.7925,2,61.65%,38.35%,1992
4345,4344,1493584,2014055,Risk 1 (High),60613,41.9473594,-87.65401931,0,1,0,Canvass Re-Inspection,1901,ADDISON,247.6542,181.5241,487.5781,2119.1674,2,61.65%,38.35%,1993
1513,1512,1515272,78239,Risk 1 (High),60613,41.96135202,-87.67871719,1,1,0,Canvass,1907,MONTROSE,221.6506,316.5393,625.7769,1694.4749,2,61.66%,38.34%,1994
4175,4174,1493273,1991224,Risk 1 (High),60608,41.85918261,-87.64682982,1,1,0,Canvass Re-Inspection,2007,HALSTED,661.4654,424.5167,668.0556,1107.6913,2,61.66%,38.34%,1995
5036,5035,1494102,2113409,Risk 2 (Medium),60620,41.75082438,-87.62654379,0,1,0,Canvass Re-Inspection,2005,79TH,937.3613,592.3425,589.5684,2353.9473,2,61.67%,38.33%,1996
6835,6834,1460092,2304020,Risk 1 (High),60608,41.8578377,-87.67093181,1,1,0,Canvass,1884,18TH,890.2217,612.1015,271.2723,2842.8965,2,61.69%,38.31%,1997
5761,5760,1497920,2189332,Risk 2 (Medium),60611,41.8925183,-87.61850243,1,1,0,Canvass,2010,OHIO,120.8601,218.9883,581.6127,1004.2157,2,61.70%,38.30%,1998
4879,4878,1325229,2092884,Risk 1 (High),60647,41.91753916,-87.70372789,1,1,0,Complaint,1891,ARMITAGE,426.2224,455.7216,81.7196,1468.9403,2,61.70%,38.30%,1999
7423,7422,1441295,2341035,Risk 2 (Medium),60657,41.93975343,-87.65726822,0,1,0,License Re-Inspection,1923,BELMONT,2030.615,335.2834,450.3689,1733.3911,2,61.70%,38.30%,2000
3447,3446,1493961,1869952,Risk 1 (High),60610,41.90325605,-87.63050299,0,1,0,Canvass Re-Inspection,1974,ELM,305.8521,712.0982,363.1171,1194.4218,2,61.71%,38.29%,2001
2717,2716,1459759,1617724,Risk 1 (High),60614,41.92424982,-87.63981594,1,1,0,Canvass,1932,CLARK,185.9863,494.3561,202.4412,1549.5025,2,61.72%,38.28%,2002
2147,2146,1501681,1356217,Risk 1 (High),60609,41.80845997,-87.66854814,1,1,0,Canvass,1894,47TH,407.8125,621.1945,148.6564,2984.1668,2,61.72%,38.28%,2003
1972,1971,1441265,1272606,Risk 1 (High),60657,41.94357337,-87.67105876,1,1,0,Canvass Re-Inspection,1915,PAULINA,826.2649,333.1162,198.3755,1333.665,2,61.72%,38.28%,2004
6964,6963,1512388,2308651,Risk 1 (High),60647,41.91349759,-87.68745156,1,1,0,Canvass,1914,WESTERN,573.3557,445.7006,393.3808,1639.9842,2,61.73%,38.27%,2005
7616,7615,1497385,2354735,Risk 1 (High),60647,41.91848553,-87.67749943,0,1,0,License Re-Inspection,1920,DAMEN,1532.627,372.4045,161.4689,1371.4865,2,61.74%,38.26%,2006
525,524,1441228,23033,Risk 2 (Medium),60657,41.94355499,-87.64511919,1,1,0,Short Form Complaint,1923,BROADWAY,205.2203,317.5743,500.54,1855.1786,2,61.74%,38.26%,2007
2121,2120,1387417,1337815,Risk 2 (Medium),60619,41.75830349,-87.6148313,0,1,0,Complaint Re-Inspection,1920,75TH,420.7332,146.9356,186.9509,3724.6754,2,61.74%,38.26%,2008
26,25,1493279,853,Risk 1 (High),60614,41.92003078,-87.63654555,1,1,0,Complaint,1974,LINCOLN,751.2708,358.2502,301.6206,940.2438,2,61.76%,38.24%,2009
4109,4108,1512382,1980317,Risk 1 (High),60611,41.89145141,-87.61753456,1,1,0,Complaint,2006,McClurg,534.0138,354.3879,344.7034,854.6393,2,61.77%,38.23%,2010
5664,5663,1464386,2177842,Risk 1 (High),60626,42.00917698,-87.6663694,0,1,0,Complaint Re-Inspection,1911,GLENWOOD,272.622,385.9038,356.6096,1031.307,2,61.77%,38.23%,2011
3858,3857,1467459,1942785,Risk 1 (High),60607,41.87792458,-87.66684936,0,1,0,Canvass Re-Inspection,1950,ASHLAND,198.043,945.0312,545.2431,1665.2078,2,61.78%,38.22%,2012
5951,5950,1439369,2220904,Risk 1 (High),60611,41.89252476,-87.61813383,0,1,0,Canvass Re-Inspection,2010,OHIO,197.2618,211.8866,589.6515,1051.047,2,61.79%,38.21%,2013
6755,6754,1441321,2298798,Risk 1 (High),60657,41.94250592,-87.67079777,0,1,0,Canvass Re-Inspection,1937,LINCOLN,498.5463,422.1982,228.3031,938.6319,2,61.80%,38.20%,2014
6581,6580,1395595,2288847,Risk 1 (High),60657,41.93528683,-87.64707247,0,1,0,License-Task Force,1916,Clark,283.6846,373.0444,350.137,1893.2657,2,61.81%,38.19%,2015
6580,6579,1395589,2288846,Risk 1 (High),60657,41.93528683,-87.64707247,0,1,0,License-Task Force,1916,Clark,280.1938,373.0444,350.137,1893.2657,2,61.81%,38.19%,2016
5462,5461,1441294,2152352,Risk 1 (High),60657,41.93569284,-87.663311,0,1,0,Canvass Re-Inspection,1882,LINCOLN,103.1156,459.4014,195.5283,2171.3409,2,61.81%,38.19%,2017
2976,2975,1496823,1716809,Risk 1 (High),60654,41.8925699,-87.62876095,1,1,0,Canvass Re-Inspection,1991,OHIO,586.4815,425.7598,329.6826,995.4198,2,61.81%,38.19%,2018
2744,2743,1497659,1620573,Risk 1 (High),60625,41.96848269,-87.69140891,1,1,0,Canvass,1987,LAWRENCE,21087.1053,505.3084,595.7792,672.7117,2,61.81%,38.19%,2019
3822,3821,1439571,1937463,Risk 1 (High),60611,41.8992486,-87.62427498,1,1,0,Complaint,1988,MICHIGAN,277.1832,427.2495,459.0609,1195.6449,2,61.82%,38.18%,2020
4869,4868,1447515,2089134,Risk 1 (High),60606,41.88457905,-87.63396972,1,1,0,Complaint,1929,RANDOLPH,435.2225,209.5597,86.8882,1988.239,2,61.82%,38.18%,2021
7473,7472,1497133,2341854,Risk 1 (High),60654,41.89031406,-87.63388913,0,0,0,License Re-Inspection,1989,WELLS,866.2669,502.5765,386.1052,1065.1417,2,61.82%,38.18%,2022
4979,4978,1441667,2103471,Risk 1 (High),60657,41.93309241,-87.66343576,1,1,0,Canvass,1928,SOUTHPORT,712.6198,553.7909,351.2306,1464.2447,2,61.83%,38.17%,2023
1614,1613,1199384,1043118,Risk 1 (High),60611,41.8992486,-87.62427498,0,1,0,Canvass Re-Inspection,1988,MICHIGAN,162.4803,427.2495,459.0609,1195.6449,2,61.83%,38.17%,2024
4834,4833,1447569,2087609,Risk 1 (High),60606,41.88457905,-87.63396972,1,1,0,Canvass,1929,RANDOLPH,311.5487,209.5597,86.8882,1988.239,2,61.83%,38.17%,2025
7728,7727,1501961,2362705,Risk 1 (High),60602,41.88309811,-87.63318863,0,0,0,License,1974,WASHINGTON,130.311,403.6626,378.3618,1424.3056,2,61.84%,38.16%,2026
3255,3254,1494193,1816827,Risk 1 (High),60632,41.80646043,-87.70407481,0,1,0,Canvass Re-Inspection,1996,KEDZIE,287.9099,309.0527,1298.8091,1882.4891,2,61.84%,38.16%,2027
3910,3909,1501425,1953633,Risk 1 (High),60607,41.86954061,-87.65583876,1,1,0,Canvass,1889,TAYLOR,375.1174,644.831,576.2438,3221.1503,2,61.85%,38.15%,2028
344,343,1199442,14134,Risk 1 (High),60661,41.88173752,-87.64180803,0,1,0,Canvass Re-Inspection,1985,MADISON,338.4229,1057.7219,412.5527,1105.4768,2,61.85%,38.15%,2029
3915,3914,1497231,1953967,Risk 1 (High),60614,41.9218194,-87.67301522,0,1,0,Canvass Re-Inspection,1923,ELSTON,531.7785,838.6598,432.1558,1629.9602,2,61.87%,38.13%,2030
4077,4076,1490902,1979410,Risk 1 (High),60632,41.79931376,-87.70357637,1,1,0,Canvass Re-Inspection,1906,KEDZIE,452.4888,591.1876,473.2203,2803.2155,2,61.87%,38.13%,2031
7453,7452,1497558,2341236,Risk 2 (Medium),60654,41.89223372,-87.64061574,0,1,0,License,2006,KINGSBURY,453.8018,858.9768,589.4611,831.0806,2,61.88%,38.12%,2032
7474,7473,1497136,2341855,Risk 1 (High),60654,41.89031406,-87.63388913,0,0,0,License Re-Inspection,1989,WELLS,404.4189,502.5765,386.1052,1065.1417,2,61.88%,38.12%,2033
4294,4293,1459320,2008639,Risk 1 (High),60613,41.94701622,-87.67499843,1,1,0,Short Form Complaint,1907,ADDISON,805.6062,553.2012,638.8943,1972.3069,2,61.88%,38.12%,2034
4663,4662,1441554,2065144,Risk 1 (High),60657,41.93305938,-87.64526584,1,1,0,Canvass,1926,CLARK,610.2964,484.0695,301.2816,1703.6749,2,61.88%,38.12%,2035
1304,1303,1441302,56449,Risk 1 (High),60657,41.93597777,-87.66328493,1,1,0,Complaint,1882,LINCOLN,866.4523,496.5391,192.8989,2217.2442,2,61.88%,38.12%,2036
193,192,1490336,6806,Risk 1 (High),60625,41.96650114,-87.68898735,1,1,0,Complaint,1917,WESTERN,464.1101,373.0304,559.5067,1304.4384,2,61.89%,38.11%,2037
4135,4134,1434422,1985299,Risk 1 (High),60610,41.89699296,-87.62835451,0,1,0,Canvass Re-Inspection,1988,STATE,291.0934,460.6143,457.1867,1183.8428,2,61.89%,38.11%,2038
7361,7360,1199395,2334251,Risk 2 (Medium),60611,41.89774086,-87.62396132,0,0,0,License,1976,MICHIGAN,628.0087,529.4969,346.3791,1356.7942,2,61.90%,38.10%,2039
2859,2858,1512953,1675485,Risk 1 (High),60625,41.96151388,-87.70840538,1,1,0,Complaint,1929,KEDZIE,525.938,401.8134,430.8944,701.7552,2,61.90%,38.10%,2040
5628,5627,1441572,2172586,Risk 1 (High),60657,41.94364568,-87.64485141,1,1,0,Canvass,1923,BROADWAY,211.2028,329.2925,506.1515,1919.03,2,61.91%,38.09%,2041
5361,5360,1441220,2141713,Risk 1 (High),60657,41.9393011,-87.6503212,1,1,0,Short Form Complaint,1995,CLARK,1024.7529,291.0907,351.0619,269.2656,2,61.91%,38.09%,2042
1814,1813,1473898,1166821,Risk 1 (High),60629,41.77898082,-87.69509004,0,1,0,Canvass Re-Inspection,1924,2847,135.2902,286.723,419.2141,2698.3812,2,61.91%,38.09%,2043
156,155,1497760,5697,Risk 1 (High),60609,41.79401719,-87.6752777,1,1,0,Canvass,1951,55TH,119.3375,651.3643,405.6116,2223.9239,2,61.91%,38.09%,2044
4589,4588,1501517,2055100,Risk 2 (Medium),60660,41.99833537,-87.65721013,0,1,0,Canvass Re-Inspection,1921,SHERIDAN,69.3924,730.8356,1000.3244,1835.0021,2,61.92%,38.08%,2045
950,949,1473631,36651,Risk 1 (High),60616,41.84937922,-87.6410584,1,1,0,Canvass,1985,ARCHER,314.8658,976.6374,1437.3109,2676.631,2,61.92%,38.08%,2046
582,581,1441525,23914,Risk 1 (High),60657,41.9400969,-87.64454837,1,1,0,Canvass,1926,BROADWAY,428.1713,391.8813,112.2674,1434.5572,2,61.93%,38.07%,2047
2411,2410,1441498,1492643,Risk 1 (High),60657,41.93905793,-87.64421875,1,1,0,Canvass,1925,BROADWAY,884.9768,492.8267,151.1198,1527.6119,2,61.93%,38.07%,2048
1653,1652,1501978,1069067,Risk 1 (High),60625,41.9674066,-87.68761642,1,1,0,Canvass,1915,LINCOLN,195.324,525.3365,390.3956,1146.0199,2,61.93%,38.07%,2049
6857,6856,1439399,2304412,Risk 1 (High),60611,41.89925506,-87.62783464,0,1,0,License,2008,DELAWARE,822.5539,508.7979,336.9501,649.0215,2,61.94%,38.06%,2050
4318,4317,1493208,2009471,Risk 1 (High),60620,41.74623627,-87.64376604,0,1,1,Canvass Re-Inspection,1911,HALSTED,229.0435,619.2728,480.4865,1713.8465,2,61.94%,38.06%,2051
3367,3366,1512225,1844120,Risk 1 (High),60622,41.90285201,-87.69268542,1,1,0,Canvass,1917,DIVISION,525.938,312.9542,209.1229,1465.7902,2,61.94%,38.06%,2052
7397,7396,1441580,2340654,Risk 1 (High),60657,41.94015061,-87.64459421,1,1,0,Canvass,1926,BELMONT,103.1068,382.7239,109.7054,1427.6962,2,61.96%,38.04%,2053
2180,2179,1439609,1379974,Risk 1 (High),60611,41.89774086,-87.62396132,1,0,0,Canvass,1976,MICHIGAN,124.6543,529.4969,346.3791,1356.7942,2,61.96%,38.04%,2054
6614,6613,1496645,2289648,Risk 1 (High),60647,41.92265069,-87.68771967,0,1,0,Canvass Re-Inspection,1889,WESTERN,464.5877,200.1741,408.9529,2166.8782,2,61.96%,38.04%,2055
2691,2690,1107117,1596518,Risk 1 (High),60640,41.96776069,-87.65465754,0,1,0,Canvass Re-Inspection,1906,SHERIDAN,580.7826,524.2254,155.4496,1506.7554,2,61.97%,38.03%,2056
1245,1244,1473790,51614,Risk 1 (High),60640,41.97974414,-87.66773759,0,1,0,Canvass Re-Inspection,1919,BALMORAL,1809.7865,416.0254,572.5381,1512.4676,2,61.97%,38.03%,2057
2628,2627,1501812,1579625,Risk 1 (High),60622,41.8993212,-87.69940879,1,1,0,Complaint,1894,FRANCISCO,336.4405,393.2597,410.1044,2117.7813,2,61.97%,38.03%,2058
2873,2872,1515517,1676680,Risk 1 (High),60603,41.87934194,-87.62841189,1,1,1,Complaint,1915,ADAMS,402.8925,495.5142,394.864,494.5317,2,61.97%,38.03%,2059
6455,6454,1512594,2278775,Risk 1 (High),60613,41.96161686,-87.67512206,1,1,0,Canvass,1906,MONTROSE,396.5767,393.8105,313.0323,1488.2517,2,61.98%,38.02%,2060
2485,2484,1512544,1517789,Risk 1 (High),60613,41.94921487,-87.64856239,1,1,0,Canvass,1921,BROADWAY,537.022,657.2955,408.3375,1757.4662,2,61.99%,38.01%,2061
133,132,1434653,3892,Risk 1 (High),60640,41.96182492,-87.65460196,0,1,0,Canvass Re-Inspection,1922,SHERIDAN,510.1317,694.1996,342.5469,1456.2686,2,62.00%,38.00%,2062
5746,5745,1501735,2188918,Risk 2 (Medium),60614,41.91823533,-87.65201068,0,1,1,Canvass Re-Inspection,1891,ARMITAGE,21087.1053,431.8611,133.6108,844.3996,2,62.01%,37.99%,2063
5574,5573,1473826,2162236,Risk 1 (High),60642,41.89896533,-87.64809026,1,0,0,Canvass Re-Inspection,2005,NORTH,337.3349,1220.4612,540.6996,642.2533,2,62.01%,37.99%,2064
7165,7164,1496649,2320728,Risk 1 (High),60613,41.94705637,-87.6579655,1,1,0,Complaint,1900,ADDISON,1127.4264,331.2403,636.1624,2407.2225,2,62.01%,37.99%,2065
4469,4468,1453687,2032865,Risk 1 (High),60605,41.86706145,-87.62429156,1,1,0,Canvass,1980,MICHIGAN,310.6285,496.5996,594.5517,1887.9502,2,62.02%,37.98%,2066
3084,3083,1401819,1765716,Risk 1 (High),60614,41.92348958,-87.64581444,0,1,0,Canvass Re-Inspection,1925,LINCOLN,203.9618,286.4343,181.4054,1707.2498,2,62.02%,37.98%,2067
6858,6857,1439400,2304413,Risk 1 (High),60611,41.89925506,-87.62783464,0,0,0,License,2008,DELAWARE,100.7266,508.7979,336.9501,649.0215,2,62.03%,37.97%,2068
7501,7500,1497610,2348864,Risk 1 (High),60654,41.89467102,-87.63490437,0,1,0,License,1925,HURON,525.4489,670.7392,220.0337,2163.4738,2,62.04%,37.96%,2069
2549,2548,1482240,1547142,Risk 1 (High),60640,41.97319932,-87.6551639,1,1,0,Complaint,1918,ARGYLE,1809.7865,460.0085,552.4305,1757.5269,2,62.04%,37.96%,2070
4660,4659,1473777,2065050,Risk 1 (High),60614,41.923574,-87.64593223,0,1,0,Canvass Re-Inspection,1926,LINCOLN,220.399,276.7921,191.5639,1709.3511,2,62.06%,37.94%,2071
5164,5163,1502162,2125299,Risk 1 (High),60605,41.87534754,-87.62747295,1,1,0,Canvass,2004,STATE,206.5587,501.7597,1049.084,1829.7731,2,62.06%,37.94%,2072
7460,7459,1325274,2341508,Risk 2 (Medium),60624,41.88051272,-87.73443791,1,1,0,Complaint,1909,Madison,403.7042,491.4802,183.3861,1283.5872,2,62.07%,37.93%,2073
1749,1748,1453484,1140774,Risk 1 (High),60607,41.86920031,-87.66347266,0,1,0,Canvass Re-Inspection,1889,TAYLOR,394.9732,436.66,575.8665,3210.4042,2,62.07%,37.93%,2074
3516,3515,1482309,1880088,Risk 1 (High),60640,41.98047008,-87.66847533,0,1,0,Canvass Re-Inspection,1911,CLARK,146.8964,519.6652,528.96,1565.9433,2,62.08%,37.92%,2075
1323,1322,1453402,57929,Risk 1 (High),60604,41.87902919,-87.62448586,0,1,1,Canvass Re-Inspection,1903,MICHIGAN,203.6824,1040.509,805.1758,1271.8564,2,62.08%,37.92%,2076
3659,3658,1453304,1904806,Risk 2 (Medium),60605,41.87531384,-87.62747312,0,1,0,Canvass Re-Inspection,2004,STATE,361.5731,498.7898,1046.1543,1841.1405,2,62.09%,37.91%,2077
7502,7501,1497603,2348865,Risk 1 (High),60654,41.89467102,-87.63490437,0,0,0,License,1925,HURON,151.6612,670.7392,220.0337,2163.4738,2,62.09%,37.91%,2078
2273,2272,1402109,1446680,Risk 1 (High),60610,41.89007262,-87.63559786,1,1,0,Short Form Complaint,1999,HUBBARD,519.8809,516.187,624.8602,1198.9568,2,62.09%,37.91%,2079
5635,5634,1441257,2172713,Risk 1 (High),60657,41.93986888,-87.66417067,0,1,0,Canvass Re-Inspection,1926,BELMONT,1411.5134,390.2054,299.9963,1496.5548,2,62.10%,37.90%,2080
3079,3078,1496512,1743204,Risk 1 (High),60654,41.89250117,-87.62824274,0,1,0,Complaint Re-Inspection,1991,STATE,245.7969,411.7802,285.0548,1029.4149,2,62.10%,37.90%,2081
4939,4938,1497921,2098412,Risk 1 (High),60647,41.92271137,-87.68742756,1,1,0,Canvass,1889,WESTERN,362.5469,212.0692,350.4702,2141.5523,2,62.11%,37.89%,2082
1048,1047,1307272,40742,Risk 1 (High),60629,41.77899474,-87.69421036,0,1,0,Complaint Re-Inspection,1928,63RD,612.4666,243.3202,364.2582,2649.1624,2,62.11%,37.89%,2083
5775,5774,1467377,2189510,Risk 1 (High),60607,41.86956302,-87.654464,0,1,0,Canvass Re-Inspection,1892,TAYLOR,909.1423,814.0265,555.339,3255.9831,2,62.14%,37.86%,2084
4757,4756,1513100,2074594,Risk 1 (High),60622,41.8910139,-87.6719848,1,1,0,Canvass,1899,GRAND,216.6939,305.7474,264.1073,2336.9509,2,62.14%,37.86%,2085
319,318,1474007,12594,Risk 1 (High),60625,41.97341239,-87.69181746,0,1,0,Canvass Re-Inspection,1916,LINCOLN,556.5824,644.1046,601.4007,1338.1453,2,62.14%,37.86%,2086
2428,2427,1358238,1494478,Risk 1 (High),60618,41.96113644,-87.72148931,0,1,0,Canvass Re-Inspection,1913,MONTROSE,301.2091,543.3443,146.8139,579.304,2,62.15%,37.85%,2087
7104,7103,1447308,2314916,Risk 1 (High),60606,41.88053925,-87.63459246,0,0,0,License Re-Inspection,1992,MONROE,585.14,661.449,464.6194,1266.0223,2,62.15%,37.85%,2088
6248,6247,1329672,2256378,Risk 3 (Low),60639,41.90953035,-87.74499256,0,1,0,License Re-Inspection,1899,NORTH,133.9886,491.4024,419.5077,1372.9457,2,62.16%,37.84%,2089
2399,2398,1512240,1491578,Risk 1 (High),60609,41.80842825,-87.67168894,1,1,0,Canvass,1899,47TH,1070.3573,380.3239,519.6336,3469.4266,2,62.17%,37.83%,2090
1990,1989,1498202,1273690,Risk 1 (High),60625,41.96825095,-87.71732731,1,1,0,Canvass,1918,LAWRENCE,21087.1053,560.6682,421.0333,1641.9716,2,62.17%,37.83%,2091
7105,7104,1447307,2314917,Risk 1 (High),60606,41.88053925,-87.63459246,0,1,0,License Re-Inspection,1992,MONROE,445.8126,661.449,464.6194,1266.0223,2,62.17%,37.83%,2092
2376,2375,1496342,1488797,Risk 1 (High),60610,41.89277892,-87.62953923,0,1,0,Canvass Re-Inspection,2003,DEARBORN,483.9427,449.753,469.6666,1020.4145,2,62.19%,37.81%,2093
4975,4974,1434767,2103285,Risk 2 (Medium),60654,41.89345871,-87.62796575,0,1,0,Complaint Re-Inspection,1983,STATE,157.0686,496.0248,427.4025,1376.7346,2,62.19%,37.81%,2094
7591,7590,1497192,2354269,Risk 1 (High),60610,41.91108516,-87.63125958,0,1,0,License Re-Inspection,2008,NORTH,249.6634,724.961,326.5881,523.3865,2,62.20%,37.80%,2095
5379,5378,1497739,2142609,Risk 1 (High),60603,41.87930128,-87.63116779,1,1,1,Canvass,1927,ADAMS,228.1257,674.3067,513.5883,407.4013,2,62.20%,37.80%,2096
1880,1879,1512887,1223079,Risk 1 (High),60610,41.91105263,-87.63294305,1,1,0,Canvass,1990,NORTH,504.2999,610.1986,325.7275,888.2133,2,62.20%,37.80%,2097
2413,2412,1512275,1492724,Risk 1 (High),60613,41.96161297,-87.67536187,0,1,0,Canvass Re-Inspection,1906,MONTROSE,216.9012,343.2439,264.9763,1500.1172,2,62.21%,37.79%,2098
3149,3148,1501416,1772607,Risk 1 (High),60632,41.80851121,-87.68669535,0,1,0,Canvass,1921,47TH,368.6553,647.1993,646.1196,2941.7898,2,62.22%,37.78%,2099
1523,1522,1497210,78862,Risk 2 (Medium),60619,41.76561061,-87.614697,0,1,0,Complaint Re-Inspection,2007,71ST,485.864,89.3427,211.1255,2070.9372,2,62.22%,37.78%,2100
1671,1670,1447645,1092264,Risk 1 (High),60606,41.87779165,-87.63652434,0,1,0,Canvass Re-Inspection,1990,WACKER,575.8708,1051.6041,525.9496,1384.0448,2,62.25%,37.75%,2101
2039,2038,1501703,1302580,Risk 1 (High),60625,41.96854049,-87.71078268,1,1,0,Canvass,1930,LAWRENCE,21087.1053,676.6717,312.4691,1368.7157,2,62.25%,37.75%,2102
833,832,1496353,33509,Risk 1 (High),60618,41.94732166,-87.67871173,0,1,0,Canvass Re-Inspection,1903,DAMEN,154.1352,301.8558,525.7424,1978.2459,2,62.26%,37.74%,2103
5207,5206,1497135,2129794,Risk 2 (Medium),60608,41.85192842,-87.68472649,1,1,0,Canvass Re-Inspection,1954,CERMAK,848.5504,482.216,261.5317,1467.0228,2,62.26%,37.74%,2104
4014,4013,1490300,1969486,Risk 1 (High),60647,41.92165498,-87.68739128,1,1,0,Canvass Re-Inspection,1894,WESTERN,179.9265,417.1984,343.5741,2070.9097,2,62.27%,37.73%,2105
5256,5255,1497540,2134092,Risk 1 (High),60609,41.81615508,-87.64088352,1,1,0,Canvass,2005,43RD,411.0181,838.3595,638.2598,1755.3387,2,62.27%,37.73%,2106
4712,4711,1434687,2069531,Risk 1 (High),60622,41.90335449,-87.67381134,0,1,0,Canvass Re-Inspection,1928,DIVISION,603.2727,365.6638,299.4755,1699.0359,2,62.27%,37.73%,2107
6802,6801,1441647,2299515,Risk 1 (High),60657,41.93332233,-87.64513436,1,0,0,Canvass,1930,CLARK,413.9065,455.5938,345.3298,1794.1028,2,62.27%,37.73%,2108
6295,6294,1441665,2262619,Risk 1 (High),60657,41.93987262,-87.66394524,1,1,0,Canvass,1926,BELMONT,429.0195,370.9282,311.5235,1533.3025,2,62.28%,37.72%,2109
2775,2774,1447567,1645648,Risk 1 (High),60606,41.87779165,-87.63652434,1,1,0,Canvass,1990,WACKER,310.5967,1051.6041,525.9496,1384.0448,2,62.28%,37.72%,2110
6620,6619,1447512,2289864,Risk 1 (High),60606,41.87779165,-87.63652434,0,0,0,License,1990,WACKER,278.5099,1051.6041,525.9496,1384.0448,2,62.29%,37.71%,2111
7480,7479,1307542,2342077,Risk 2 (Medium),60636,41.7629663,-87.68334058,0,1,0,License Re-Inspection,1956,WESTERN,938.7909,419.9329,91.5868,2105.0089,2,62.29%,37.71%,2112
5529,5528,1460041,2156904,Risk 1 (High),60622,41.89559157,-87.69163314,0,1,0,Canvass Re-Inspection,1926,W,526.9067,153.4532,428.1561,1750.6138,2,62.29%,37.71%,2113
7742,7741,1447555,2363161,Risk 1 (High),60606,41.87779165,-87.63652434,0,1,0,License,1990,WACKER,237.9166,1051.6041,525.9496,1384.0448,2,62.29%,37.71%,2114
3337,3336,1490349,1840986,Risk 1 (High),60611,41.89366129,-87.62013015,0,1,0,Canvass Re-Inspection,2007,FAIRBANKS,183.6473,661.7159,698.8592,1334.6909,2,62.29%,37.71%,2115
4476,4475,1473399,2033165,Risk 2 (Medium),60632,41.79678066,-87.70350236,0,1,0,Canvass Re-Inspection,1919,KEDZIE,344.9514,378.1212,616.7149,2881.3166,2,62.30%,37.70%,2116
1670,1669,1515258,1092172,Risk 1 (High),60642,41.89175404,-87.64749334,1,1,1,Canvass,1891,HALSTED,238.6574,432.9184,578.4346,935.1024,2,62.30%,37.70%,2117
6934,6933,1493913,2308142,Risk 1 (High),60616,41.83510035,-87.62876125,0,0,0,License Re-Inspection,2006,FEDERAL,249.7532,1449.6907,1460.1868,2660.6014,2,62.31%,37.69%,2118
1183,1182,1496792,47787,Risk 1 (High),60614,41.92310994,-87.64528428,0,1,0,Canvass Re-Inspection,1925,LINCOLN,233.2902,311.2307,98.4366,1712.1729,2,62.32%,37.68%,2119
2815,2814,1453647,1648670,Risk 1 (High),60605,41.87517906,-87.62747379,1,1,0,Canvass,2004,STATE,122.3247,488.5315,1028.9554,1886.7189,2,62.32%,37.68%,2120
1575,1574,1107132,84375,Risk 1 (High),60640,41.97777963,-87.66821033,0,1,0,Canvass Re-Inspection,1906,CLARK,296.0892,569.1614,550.008,1802.4423,2,62.32%,37.68%,2121
7737,7736,1453599,2362917,Risk 1 (High),60605,41.87517906,-87.62747379,0,0,0,License,2004,STATE,100.6984,488.5315,1028.9554,1886.7189,2,62.32%,37.68%,2122
6935,6934,1493912,2308143,Risk 1 (High),60616,41.83510035,-87.62876125,0,1,0,License Re-Inspection,2006,FEDERAL,148.992,1449.6907,1460.1868,2660.6014,2,62.32%,37.68%,2123
6834,6833,1488207,2304010,Risk 1 (High),60608,41.83353525,-87.67274903,1,1,0,Canvass,1888,ARCHER,113.4288,1138.8835,591.3074,3485.1191,2,62.32%,37.68%,2124
6315,6314,1459613,2263204,Risk 1 (High),60618,41.93585596,-87.69339021,0,1,0,Canvass Re-Inspection,1926,ELSTON,641.1874,570.8817,888.7155,1880.6295,2,62.32%,37.68%,2125
7037,7036,1460042,2313751,Risk 3 (Low),60622,41.89559157,-87.69163314,0,0,0,License,1926,W,243.8943,153.4532,428.1561,1750.6138,2,62.33%,37.67%,2126
7090,7089,1497432,2314519,Risk 1 (High),60654,41.89329935,-87.63403946,0,1,0,License,1973,ONTARIO,880.3157,624.3703,480.49,1629.5164,2,62.33%,37.67%,2127
1127,1126,1439447,44615,Risk 1 (High),60611,41.8933654,-87.62042206,1,1,0,Short Form Complaint,2007,FAIRBANKS,628.9604,598.0331,581.7434,1231.7668,2,62.34%,37.66%,2128
4921,4920,1501721,2094226,Risk 1 (High),60613,41.96147812,-87.66950132,1,1,0,Canvass,1943,MONTROSE,457.1544,556.522,708.1407,1389.1998,2,62.34%,37.66%,2129
4771,4770,1459652,2078915,Risk 1 (High),60640,41.96264577,-87.65554909,1,1,0,Short Form Complaint,1914,BROADWAY,71.2213,886.7409,272.2949,1596.2914,2,62.35%,37.65%,2130
347,346,1453432,14380,Risk 1 (High),60607,41.8694111,-87.66401783,0,1,0,Complaint Re-Inspection,1888,TAYLOR,381.8158,492.3889,543.9513,3267.3426,2,62.35%,37.65%,2131
7365,7364,1372596,2334343,Risk 2 (Medium),60601,41.88656737,-87.62438467,0,0,0,License,1980,MICHIGAN,549.958,265.5445,507.7358,1729.2286,2,62.35%,37.65%,2132
2726,2725,1387375,1619223,Risk 2 (Medium),60628,41.7158702,-87.64321014,1,1,0,Canvass Re-Inspection,1951,HALSTED,484.9625,609.1028,395.6072,3539.6905,2,62.36%,37.64%,2133
7248,7247,1480363,2327198,Risk 1 (High),60623,41.83683866,-87.72053343,1,1,0,Canvass,1925,31ST,653.2063,610.3229,597.8119,2147.3612,2,62.36%,37.64%,2134
3122,3121,1372653,1769269,Risk 2 (Medium),60601,41.88656737,-87.62438467,0,1,0,Canvass Re-Inspection,1980,MICHIGAN,415.7407,265.5445,507.7358,1729.2286,2,62.37%,37.63%,2135
3442,3441,1501421,1869711,Risk 1 (High),60608,41.85794234,-87.66395801,1,1,0,Canvass,1909,18TH,593.6813,437.0536,353.1942,2741.5425,2,62.38%,37.62%,2136
2902,2901,1512319,1678980,Risk 1 (High),60613,41.95023239,-87.64918094,1,1,0,Complaint,1933,BROADWAY,136.7773,475.8003,465.3661,1683.8152,2,62.38%,37.62%,2137
1540,1539,1385679,80690,Risk 1 (High),60651,41.9088169,-87.72633397,1,1,0,Complaint,1931,PULASKI,326.8992,648.3257,458.3682,1087.0663,2,62.38%,37.62%,2138
7103,7102,1307425,2314797,Risk 1 (High),60636,41.77387125,-87.68364378,0,1,0,License,1966,WESTERN,424.4781,375.277,485.8214,2277.1354,2,62.39%,37.61%,2139
6681,6680,1494184,2293846,Risk 1 (High),60601,41.88577122,-87.63082982,1,1,0,Canvass,1986,CLARK,825.9051,472.6026,523.0971,1557.4962,2,62.39%,37.61%,2140
2032,2031,1408269,1301487,Risk 1 (High),60647,41.93213997,-87.68757394,1,1,0,Canvass,1916,ELSTON,510.3993,608.9043,412.143,1641.639,2,62.39%,37.61%,2141
3045,3044,1493615,1740605,Risk 1 (High),60632,41.80831505,-87.68541556,0,1,0,Canvass Re-Inspection,1919,47TH,377.2695,675.4112,545.3576,2937.8718,2,62.40%,37.60%,2142
6561,6560,1491192,2284778,Risk 1 (High),60601,41.88577122,-87.63082982,0,1,0,Canvass Re-Inspection,1986,CLARK,742.0835,472.6026,523.0971,1557.4962,2,62.40%,37.60%,2143
6764,6763,1372383,2298972,Risk 1 (High),60601,41.88577122,-87.63082982,0,1,0,License Re-Inspection,1986,CLARK,725.4562,472.6026,523.0971,1557.4962,2,62.40%,37.60%,2144
3,2,1372583,40,Risk 1 (High),60601,41.88656737,-87.62438467,0,1,0,Canvass Re-Inspection,1980,MICHIGAN,68.4551,265.5445,507.7358,1729.2286,2,62.41%,37.59%,2145
2393,2392,1402092,1490322,Risk 1 (High),60640,41.97989536,-87.66813564,0,1,0,Canvass Re-Inspection,1920,CLARK,338.1075,438.9117,543.7797,1530.833,2,62.41%,37.59%,2146
5793,5792,1480216,2192848,Risk 1 (High),60623,41.84435801,-87.70862525,0,1,0,Canvass Re-Inspection,1911,26TH,480.0205,315.0748,435.352,2354.0761,2,62.41%,37.59%,2147
6316,6315,1385752,2263220,Risk 2 (Medium),60651,41.8989884,-87.71771523,0,1,0,Canvass Re-Inspection,1914,AUGUSTA,269.646,391.3419,337.4774,1527.1464,2,62.43%,37.57%,2148
3714,3713,1410231,1913919,Risk 1 (High),60632,41.81669825,-87.70022697,1,1,0,Canvass,1929,4226,218.7223,612.4416,317.7231,2194.277,2,62.43%,37.57%,2149
2226,2225,1464206,1404354,Risk 1 (High),60626,42.00259638,-87.6609322,0,1,0,Canvass Re-Inspection,1914,SHERIDAN,912.1067,431.2956,611.4745,1643.7663,2,62.43%,37.57%,2150
6890,6889,1395843,2307694,Risk 2 (Medium),60613,41.95002104,-87.64872946,0,1,0,License,1933,BROADWAY,422.0964,533.0767,450.9885,1701.3845,2,62.44%,37.56%,2151
7224,7223,1490622,2326837,Risk 2 (Medium),60610,41.89256664,-87.62901258,0,1,0,License Re-Inspection,2003,OHIO,234.1563,431.0414,362.3822,973.1907,2,62.44%,37.56%,2152
7267,7266,1482270,2327786,Risk 1 (High),60640,41.97342006,-87.65508564,1,1,0,Complaint,1918,ARGYLE,344.9405,424.4694,551.7228,1827.3936,2,62.45%,37.55%,2153
2776,2775,1497960,1645699,Risk 2 (Medium),60607,41.88298732,-87.65014023,1,1,0,Canvass Re-Inspection,2004,WASHINGTON,751.0853,262.925,603.3119,1089.281,2,62.45%,37.55%,2154
4653,4652,1453622,2064660,Risk 2 (Medium),60604,41.87871974,-87.62783944,0,1,1,Canvass Re-Inspection,1913,STATE,425.2218,384.6575,428.0509,750.9167,2,62.46%,37.54%,2155
1914,1913,1464681,1242927,Risk 1 (High),60657,41.93535812,-87.64438917,1,1,0,Canvass,1899,BROADWAY,197.3581,287.6476,142.2276,2237.0155,2,62.46%,37.54%,2156
7131,7130,1363230,2320063,Risk 1 (High),60608,41.84126349,-87.65847922,1,1,0,Canvass,1888,ARCHER,485.2351,637.684,326.6932,3378.2917,2,62.46%,37.54%,2157
1460,1459,1473294,71458,Risk 1 (High),60618,41.95071669,-87.68822442,0,1,0,Canvass Re-Inspection,1926,WESTERN,764.2621,841.0584,380.1706,1230.4672,2,62.46%,37.54%,2158
7313,7312,1372558,2333135,Risk 1 (High),60601,41.88577122,-87.63082982,0,0,0,License,1986,CLARK,249.3314,472.6026,523.0971,1557.4962,2,62.46%,37.54%,2159
7225,7224,1490624,2326838,Risk 2 (Medium),60610,41.89256664,-87.62901258,0,0,0,License Re-Inspection,2003,OHIO,40.3048,431.0414,362.3822,973.1907,2,62.47%,37.53%,2160
3897,3896,1385676,1948830,Risk 2 (Medium),60651,41.90216857,-87.7166763,0,1,0,Complaint Re-Inspection,1917,GRAND,299.2877,469.4889,618.3731,1793.8802,2,62.47%,37.53%,2161
4764,4763,1497836,2078772,Risk 1 (High),60657,41.94360207,-87.66891733,1,1,0,Complaint,1931,ASHLAND,285.834,325.2945,276.1759,1345.2882,2,62.47%,37.53%,2162
2446,2445,1453546,1495764,Risk 1 (High),60607,41.87819911,-87.65717828,0,1,0,Canvass Re-Inspection,2006,RACINE,586.4815,459.2676,624.015,1010.5495,2,62.47%,37.53%,2163
5792,5791,1497833,2192846,Risk 1 (High),60623,41.84251235,-87.71122481,1,1,0,Canvass,1904,TRUMBULL,345.7897,352.6418,290.9451,2318.6317,2,62.47%,37.53%,2164
6461,6460,1502041,2278866,Risk 1 (High),60613,41.95185887,-87.64947914,1,1,0,Canvass,1916,BROADWAY,478.3122,511.1125,364.3113,1931.4909,2,62.47%,37.53%,2165
7174,7173,1434891,2320936,Risk 2 (Medium),60637,41.77776929,-87.61541728,0,0,0,License,2010,DR,1143.6981,90.8674,677.4887,2551.2668,2,62.48%,37.52%,2166
6958,6957,1401787,2308511,Risk 1 (High),60632,41.81642688,-87.70020651,0,1,0,License Re-Inspection,1930,ARCHER,314.1267,576.0609,263.167,2134.7832,2,62.48%,37.52%,2167
6617,6616,1491038,2289803,Risk 1 (High),60613,41.95432384,-87.67432084,1,1,0,Short Form Complaint,1904,IRVING,862.6729,626.6046,621.6292,2144.7864,2,62.49%,37.51%,2168
3428,3427,1515266,1869180,Risk 1 (High),60605,41.86754443,-87.62556862,1,1,0,Canvass,2006,ROOSEVELT,718.0413,299.0846,581.6169,1502.5475,2,62.49%,37.51%,2169
1810,1809,1453631,1166643,Risk 1 (High),60604,41.87811016,-87.62753455,1,1,1,Canvass,1911,JACKSON,525.938,400.1481,545.8434,961.8244,2,62.51%,37.49%,2170
7417,7416,1482501,2341008,Risk 1 (High),60640,41.97337489,-87.65839964,1,1,0,Canvass,1941,ARGYLE,575.1941,283.432,511.0587,1304.5961,2,62.51%,37.49%,2171
3104,3103,1490342,1767684,Risk 1 (High),60614,41.92843346,-87.64201237,1,1,0,Short Form Complaint,1970,CLARK,413.3056,649.2409,63.9316,791.0593,2,62.51%,37.49%,2172
2045,2044,1501506,1304898,Risk 1 (High),60618,41.93318009,-87.71391322,1,1,0,Canvass,1892,MILWAUKEE,338.1075,236.0159,343.8029,1752.8567,2,62.52%,37.48%,2173
1470,1469,1459802,72128,Risk 1 (High),60632,41.81659663,-87.70039261,0,1,0,Canvass Re-Inspection,1929,ARCHER,337.2905,590.2954,271.2796,2173.9404,2,62.52%,37.48%,2174
5380,5379,1439380,2142620,Risk 1 (High),60611,41.89506702,-87.62302721,0,1,0,Canvass Re-Inspection,1973,HURON,501.1784,830.7301,635.8964,1977.5748,2,62.53%,37.47%,2175
2113,2112,1512234,1336958,Risk 1 (High),60613,41.96137293,-87.67682523,1,1,0,Canvass,1917,MONTROSE,193.811,242.691,421.234,1552.7701,2,62.53%,37.47%,2176
5660,5659,1464594,2177832,Risk 2 (Medium),60626,42.00881369,-87.66635392,0,1,0,Canvass Re-Inspection,1921,GLENWOOD,517.2574,391.8001,354.4288,1081.1385,2,62.53%,37.47%,2177
1077,1076,1441618,42172,Risk 1 (High),60657,41.93619126,-87.64411926,1,1,0,Canvass,1911,BROADWAY,306.5312,283.8964,172.2925,2051.3376,2,62.53%,37.47%,2178
5950,5949,1512814,2220825,Risk 1 (High),60641,41.94162587,-87.7282299,1,1,0,Canvass,1924,MILWAUKEE,666.8375,583.4751,293.7195,763.5273,2,62.54%,37.46%,2179
1501,1500,1473856,76582,Risk 1 (High),60614,41.9235184,-87.64641809,0,1,0,Canvass Re-Inspection,1940,ORCHARD,518.5831,244.7311,212.6934,1610.6598,2,62.54%,37.46%,2180
2172,2171,1447421,1379334,Risk 1 (High),60606,41.88195188,-87.63662035,1,1,0,Canvass,2001,WACKER,290.6191,645.4049,600.1874,1318.1889,2,62.54%,37.46%,2181
7634,7633,1501850,2355129,Risk 2 (Medium),60611,41.89408538,-87.62040431,0,1,0,License Re-Inspection,2007,ERIE,888.4814,796.0495,753.6725,1492.8288,2,62.55%,37.45%,2182
2270,2269,1372590,1446165,Risk 1 (High),60603,41.88198219,-87.62564147,1,1,1,Suspected Food Poisoning,1910,MADISON,21087.1053,148.1488,168.1804,1389.4735,2,62.56%,37.44%,2183
1978,1977,1325135,1273261,Risk 2 (Medium),60612,41.877439,-87.67135357,1,1,0,Complaint,1973,JACKSON,185.7067,1352.7488,1362.2098,2339.2391,2,62.57%,37.43%,2184
5209,5208,1512556,2129834,Risk 1 (High),60647,41.9172446,-87.71084433,1,1,0,Canvass,1924,ARMITAGE,160.6699,623.4615,139.3008,1030.0575,2,62.58%,37.42%,2185
5004,5003,1501617,2108605,Risk 2 (Medium),60614,41.93267185,-87.64588284,0,1,0,Canvass Re-Inspection,1948,DIVERSEY,417.1207,480.2117,314.4854,1484.3119,2,62.59%,37.41%,2186
5198,5197,1512445,2129572,Risk 1 (High),60601,41.88563517,-87.6293469,1,1,0,Canvass,1987,DEARBORN,542.978,512.6138,517.9107,1600.5073,2,62.59%,37.41%,2187
551,550,1501236,23108,Risk 2 (Medium),60610,41.91048587,-87.63191766,0,1,0,Canvass Re-Inspection,2008,GERMANIA,102.9969,688.6145,250.0583,551.209,2,62.59%,37.41%,2188
1539,1538,1434996,80545,Risk 1 (High),60611,41.89261958,-87.6260733,0,1,0,Canvass Re-Inspection,1998,OHIO,2136.7519,713.1594,542.0509,1433.3299,2,62.59%,37.41%,2189
50,49,1441513,1525,Risk 1 (High),60657,41.9351819,-87.64698741,1,1,0,Canvass,1927,CLARK,341.5976,394.5177,363.6519,1937.6984,2,62.59%,37.41%,2190
1003,1002,1497969,38784,Risk 1 (High),60647,41.92491617,-87.70086166,1,1,0,Canvass,1902,MILWAUKEE,411.3662,496.7772,353.7427,1818.9095,2,62.59%,37.41%,2191
3118,3117,1501592,1768994,Risk 1 (High),60625,41.96623164,-87.67896609,1,1,0,Canvass,1914,DAMEN,367.298,361.0325,818.0728,2035.6938,2,62.60%,37.40%,2192
2576,2575,1515238,1573995,Risk 1 (High),60609,41.81887826,-87.64099728,1,1,1,Canvass,1891,ROOT,150.4181,1112.7854,438.338,1593.2282,2,62.60%,37.40%,2193
283,282,1402066,10916,Risk 1 (High),60660,41.99439118,-87.67029582,0,1,0,Canvass Re-Inspection,1906,CLARK,304.2053,707.0939,543.3602,1690.898,2,62.60%,37.40%,2194
1672,1671,1482341,1092317,Risk 1 (High),60640,41.96503285,-87.67569543,0,1,0,Canvass Re-Inspection,1916,WILSON,1321.9405,361.6756,918.645,2209.0936,2,62.60%,37.40%,2195
1428,1427,1307734,68637,Risk 1 (High),60629,41.76470634,-87.68942414,1,1,0,Canvass,1966,71ST,337.7222,294.5394,323.1533,2166.4608,2,62.61%,37.39%,2196
6114,6113,1107135,2245694,Risk 1 (High),60640,41.9778429,-87.6682074,1,1,0,Canvass Re-Inspection,1911,CLARK,585.2373,550.1362,536.0152,1789.6314,2,62.61%,37.39%,2197
6793,6792,1515518,2299421,Risk 1 (High),60622,41.90872609,-87.67466084,1,1,0,Complaint,1964,MILWAUKEE,428.6238,321.8144,587.1024,1350.9829,2,62.61%,37.39%,2198
6841,6840,1092847,2304162,Risk 3 (Low),60657,41.94497417,-87.64565976,0,0,0,License,1921,BROADWAY,373.8796,203.7464,494.8155,2163.3593,2,62.61%,37.39%,2199
7780,7779,1512958,2363900,Risk 1 (High),60611,41.89408538,-87.62040431,0,1,0,License,2007,ERIE,305.4233,796.0495,753.6725,1492.8288,2,62.62%,37.38%,2200
4978,4977,1493309,2103379,Risk 1 (High),60608,41.85323373,-87.64636415,0,1,0,Canvass Re-Inspection,2006,HALSTED,140.5215,1007.3483,1128.911,1986.5571,2,62.62%,37.38%,2201
3445,3444,1459871,1869788,Risk 1 (High),60614,41.92940333,-87.64289858,0,1,0,Canvass Re-Inspection,1974,CLARK,378.8274,597.8957,136.5575,818.1903,2,62.64%,37.36%,2202
6450,6449,1473657,2278386,Risk 1 (High),60614,41.92362447,-87.64642729,0,1,0,Canvass Re-Inspection,1940,LINCOLN,282.3264,258.1425,218.5463,1640.11,2,62.64%,37.36%,2203
4696,4695,1501342,2069092,Risk 1 (High),60625,41.96658295,-87.67897535,1,1,0,Canvass,1913,DAMEN,503.5404,324.6076,776.7037,2024.4702,2,62.64%,37.36%,2204
7150,7149,1453266,2320418,Risk 1 (High),60611,41.89245291,-87.62249083,0,0,0,License,1985,OHIO,244.2009,548.9546,58.077,1122.0465,2,62.65%,37.35%,2205
1417,1416,1402154,67086,Risk 1 (High),60617,41.72045319,-87.55090061,0,1,1,Canvass Re-Inspection,1979,COMMERCIAL,283.9853,335.32,529.9525,2109.6316,2,62.66%,37.34%,2206
2368,2367,1497107,1479631,Risk 1 (High),60615,41.79507628,-87.5874419,1,1,1,Complaint,1929,55TH,196.9094,465.62,529.5961,1925.0701,2,62.66%,37.34%,2207
593,592,1501594,24692,Risk 1 (High),60629,41.77915886,-87.69795555,1,1,0,Canvass,1924,63RD,701.2547,194.2888,327.9544,2817.8586,2,62.66%,37.34%,2208
7300,7299,1502066,2328502,Risk 1 (High),60613,41.96159491,-87.67666387,1,1,0,Canvass,1917,MONTROSE,284.5769,259.7591,400.4697,1573.0752,2,62.66%,37.34%,2209
3739,3738,1453458,1916361,Risk 1 (High),60604,41.87831268,-87.62753416,1,1,1,Complaint,1913,STATE,371.6665,391.6729,500.0988,910.5185,2,62.67%,37.33%,2210
7169,7168,1439410,2320839,Risk 2 (Medium),60611,41.89325719,-87.62234986,0,1,0,License,1985,ONTARIO,140.0455,690.6747,252.6954,1348.4292,2,62.69%,37.31%,2211
1433,1432,1493668,68807,Risk 1 (High),60618,41.95422964,-87.68124681,0,1,0,Canvass Re-Inspection,1906,IRVING,566.0972,608.6562,606.4338,2050.5615,2,62.70%,37.30%,2212
4801,4800,1497362,2083787,Risk 1 (High),60616,41.84196062,-87.63192409,1,1,0,Canvass Re-Inspection,1991,WENTWORTH,737.1267,201.7367,567.4254,2028.2472,2,62.71%,37.29%,2213
5639,5638,1501335,2177073,Risk 1 (High),60613,41.95431818,-87.67476032,1,1,0,Canvass,1904,IRVING,548.8554,602.7763,583.3068,2152.8424,2,62.71%,37.29%,2214
4901,4900,1497598,2093683,Risk 1 (High),60601,41.88563898,-87.62905002,1,1,0,Complaint,1987,LAKE,136.4741,522.8466,503.8773,1610.1234,2,62.71%,37.29%,2215
1699,1698,1496318,1118873,Risk 2 (Medium),60613,41.96160382,-87.67607883,0,1,0,Canvass Re-Inspection,1914,MONTROSE,144.3963,249.7304,304.9806,1538.6471,2,62.71%,37.29%,2216
2098,2097,1496359,1334605,Risk 1 (High),60625,41.9632284,-87.68519044,1,1,0,Canvass Re-Inspection,1916,LINCOLN,297.7436,424.331,1011.6584,2204.104,2,62.72%,37.28%,2217
7749,7748,1501659,2363441,Risk 1 (High),60620,41.75031663,-87.65852694,0,1,0,License Re-Inspection,1978,79TH,504.0092,117.2856,353.3068,2558.9272,2,62.72%,37.28%,2218
4742,4741,1493448,2074147,Risk 1 (High),60609,41.79623488,-87.63040492,1,1,0,Canvass,1924,WENTWORTH,1321.9405,555.407,844.6512,4185.9902,2,62.72%,37.28%,2219
3098,3097,1501333,1767227,Risk 1 (High),60613,41.95431724,-87.67483357,1,1,0,Complaint,1904,IRVING,642.2779,597.2558,575.7897,2154.575,2,62.73%,37.27%,2220
5821,5820,1497166,2196412,Risk 2 (Medium),60625,41.9685821,-87.7064342,0,1,0,Canvass Re-Inspection,1915,LAWRENCE,326.09,736.549,602.5839,1389.0746,2,62.74%,37.26%,2221
422,421,1502101,18237,Risk 1 (High),60604,41.87802566,-87.63206229,1,1,1,Canvass,1930,JACKSON,944.6389,624.1859,812.6473,912.7323,2,62.75%,37.25%,2222
3358,3357,1512405,1842888,Risk 1 (High),60611,41.89589816,-87.62077291,1,1,0,Complaint,2006,SUPERIOR,1352.0575,914.7266,705.3376,1509.5033,2,62.75%,37.25%,2223
3703,3702,1395674,1909643,Risk 1 (High),60647,41.91844757,-87.68982575,1,1,0,Canvass Re-Inspection,1899,MILWAUKEE,403.1504,726.5536,517.417,2318.8479,2,62.76%,37.24%,2224
3348,3347,1473886,1841897,Risk 1 (High),60632,41.80167003,-87.70393836,0,1,0,Canvass Re-Inspection,1942,KEDZIE,92.0148,897.0566,676.1968,2531.0001,2,62.76%,37.24%,2225
6700,6699,1513040,2294115,Risk 1 (High),60613,41.95453269,-87.65469302,0,1,0,License Re-Inspection,1905,SHERIDAN,1149.484,340.7197,383.3189,2220.2878,2,62.78%,37.22%,2226
7412,7411,1493286,2340902,Risk 2 (Medium),60620,41.75031663,-87.65852694,0,1,0,License Re-Inspection,1978,79TH,52.018,117.2856,353.3068,2558.9272,2,62.78%,37.22%,2227
1602,1601,1493263,1001133,Risk 1 (High),60613,41.95209132,-87.64948576,0,1,0,Canvass Re-Inspection,1916,BROADWAY,372.2223,527.057,313.1815,1963.2711,2,62.79%,37.21%,2228
6644,6643,1501604,2293013,Risk 1 (High),60622,41.89610267,-87.67211595,1,1,0,Canvass,1940,CHICAGO,354.0474,427.2644,289.1287,1685.5535,2,62.79%,37.21%,2229
6846,6845,1395321,2304219,Risk 1 (High),60647,41.91766418,-87.68979524,0,1,0,License Re-Inspection,1896,ARMITAGE,808.8084,711.3923,505.6813,2405.379,2,62.80%,37.20%,2230
3655,3654,1412218,1904432,Risk 1 (High),60615,41.7995896,-87.59444782,1,1,1,Canvass,1989,53RD,467.8989,450.4689,1030.9857,1221.9989,2,62.80%,37.20%,2231
5111,5110,1491069,2120729,Risk 1 (High),60610,41.89826881,-87.63738319,1,1,1,Complaint,1891,ORLEANS,1351.0394,585.3093,561.4581,1182.6388,2,62.80%,37.20%,2232
7530,7529,1496818,2349459,Risk 2 (Medium),60647,41.92411344,-87.6990905,0,0,0,License,1913,MILWAUKEE,157.1874,519.7016,325.2073,1647.2986,2,62.81%,37.19%,2233
463,462,1501323,20717,Risk 1 (High),60613,41.95063604,-87.67614472,1,1,0,Canvass,1901,LINCOLN,392.2895,418.3039,206.0912,1818.6293,2,62.81%,37.19%,2234
2587,2586,1441543,1575253,Risk 1 (High),60657,41.93612294,-87.66391411,1,1,0,Canvass,1901,LINCOLN,262.2077,550.3198,198.9468,2095.2325,2,62.81%,37.19%,2235
7173,7172,1385298,2320915,Risk 2 (Medium),60639,41.90967008,-87.75121322,0,1,0,License Re-Inspection,1965,NORTH,745.9061,341.6983,557.4139,351.4468,2,62.81%,37.19%,2236
2479,2478,1497721,1516927,Risk 1 (High),60653,41.80968242,-87.60316574,1,1,0,Canvass,1997,47TH,195.8927,425.7663,662.2194,2702.2973,2,62.82%,37.18%,2237
2834,2833,1493798,1649356,Risk 1 (High),60603,41.88035622,-87.63246611,1,1,1,Complaint,1928,LA,604.758,481.0573,595.3273,684.0344,2,62.82%,37.18%,2238
4475,4474,1497732,2033075,Risk 1 (High),60613,41.96139215,-87.67547611,1,1,0,Canvass,1918,MONTROSE,1283.9877,358.0013,252.9411,1476.4591,2,62.82%,37.18%,2239
7470,7469,1496336,2341765,Risk 1 (High),60616,41.85252619,-87.6357837,0,0,0,License Re-Inspection,1973,ARCHER,906.5022,583.1394,393.7428,2051.1653,2,62.82%,37.18%,2240
5180,5179,1385224,2129083,Risk 1 (High),60639,41.92304436,-87.74641601,0,1,0,Canvass Re-Inspection,1915,CICERO,116.5703,481.3791,724.4583,1477.2122,2,62.83%,37.17%,2241
217,216,1434636,7693,Risk 1 (High),60654,41.88874104,-87.63708054,0,1,1,Canvass Re-Inspection,1933,ORLEANS,842.8481,873.8231,1003.64,917.8385,2,62.83%,37.17%,2242
2140,2139,1441504,1355794,Risk 1 (High),60657,41.9397865,-87.65503926,1,1,0,Canvass,1940,BELMONT,115.3762,314.0193,171.0833,1369.0169,2,62.84%,37.16%,2243
5038,5037,1441477,2113649,Risk 1 (High),60657,41.9381815,-87.64906968,1,1,0,Canvass,1995,HALSTED,756.8806,385.9842,461.4411,709.3845,2,62.84%,37.16%,2244
3934,3933,1441544,1958962,Risk 1 (High),60657,41.93628164,-87.66371095,1,1,0,Canvass,1901,LINCOLN,354.3347,566.7772,176.9205,2084.1253,2,62.85%,37.15%,2245
7638,7637,1497460,2355317,Risk 2 (Medium),60608,41.83747556,-87.64611627,0,1,0,License Re-Inspection,1993,HALSTED,251.2362,537.9434,617.9212,1903.7548,2,62.85%,37.15%,2246
2171,2170,1473875,1379248,Risk 1 (High),60610,41.89152757,-87.63034188,1,1,1,Canvass Re-Inspection,1931,GRAND,1147.528,572.1012,587.215,564.395,2,62.86%,37.14%,2247
5671,5670,1496595,2179270,Risk 2 (Medium),60619,41.75143029,-87.61511273,1,1,1,Short Form Complaint,1900,DR,843.5191,514.576,417.1586,2521.1416,2,62.86%,37.14%,2248
788,787,1459762,32388,Risk 1 (High),60654,41.88874104,-87.63708054,0,1,1,Canvass Re-Inspection,1933,ORLEANS,575.907,873.8231,1003.64,917.8385,2,62.87%,37.13%,2249
6165,6164,1418366,2247149,Risk 2 (Medium),60613,41.94915254,-87.65444659,1,1,0,Canvass Re-Inspection,1917,WAVELAND,180.7448,428.6071,560.4027,2226.9447,2,62.87%,37.13%,2250
7469,7468,1496335,2341764,Risk 1 (High),60616,41.85252619,-87.6357837,0,1,0,License Re-Inspection,1973,ARCHER,459.6295,583.1394,393.7428,2051.1653,2,62.87%,37.13%,2251
3959,3958,1434432,1960180,Risk 1 (High),60660,41.98559673,-87.66907265,0,1,0,Canvass Re-Inspection,1922,CLARK,384.4693,939.8317,687.7507,1710.4621,2,62.87%,37.13%,2252
4453,4452,1199474,2032148,Risk 1 (High),60661,41.88196645,-87.64127583,1,1,0,Canvass Re-Inspection,2003,MADISON,1198.4791,1094.6826,436.8352,1133.4212,2,62.88%,37.12%,2253
2042,2041,1474005,1304238,Risk 1 (High),60625,41.96417225,-87.68547809,0,1,0,Canvass Re-Inspection,1906,LINCOLN,480.2679,488.2689,822.8977,2224.2606,2,62.88%,37.12%,2254
2126,2125,1502107,1352227,Risk 1 (High),60613,41.95453269,-87.65469302,1,1,0,Canvass,1905,SHERIDAN,270.6004,340.7197,383.3189,2220.2878,2,62.89%,37.11%,2255
331,330,1473831,13159,Risk 1 (High),60647,41.9247283,-87.71583395,1,1,0,Canvass Re-Inspection,1895,FULLERTON,630.3573,482.0781,598.3585,2163.4332,2,62.89%,37.11%,2256
2050,2049,1107084,1305343,Risk 1 (High),60640,41.97395099,-87.65509169,0,1,0,Canvass Re-Inspection,1915,SHERIDAN,337.8685,401.2931,496.0235,1963.331,2,62.90%,37.10%,2257
6701,6700,1513038,2294116,Risk 1 (High),60613,41.95453269,-87.65469302,0,1,0,License Re-Inspection,1905,SHERIDAN,146.8463,340.7197,383.3189,2220.2878,2,62.90%,37.10%,2258
6837,6836,1501417,2304080,Risk 1 (High),60613,41.95309513,-87.6543569,1,1,0,Canvass,1913,SHERIDAN,214.7185,428.5865,445.8229,2147.9747,2,62.91%,37.09%,2259
5123,5122,1464334,2121132,Risk 1 (High),60660,41.98354699,-87.65810609,1,1,0,Complaint,1930,BRYN,379.5926,604.6439,391.4129,1391.3835,2,62.91%,37.09%,2260
2837,2836,1107071,1649361,Risk 1 (High),60640,41.96649998,-87.66684656,0,1,0,Canvass Re-Inspection,1901,CLARK,105.4533,814.2313,359.5213,1968.9511,2,62.92%,37.08%,2261
1803,1802,1501553,1165799,Risk 1 (High),60611,41.8974266,-87.62711023,1,1,0,Canvass,1994,PEARSON,42.3403,299.8013,303.6304,1224.0965,2,62.93%,37.07%,2262
710,709,1453413,28891,Risk 1 (High),60605,41.86230608,-87.60952225,0,1,1,Canvass Re-Inspection,2006,LYNN,643.1219,1231.6512,3098.9495,2550.4219,2,62.95%,37.05%,2263
1780,1779,1174677,1144200,Risk 1 (High),60616,41.84899243,-87.63178214,0,1,1,Canvass Re-Inspection,1903,WENTWORTH,317.0261,782.5138,292.8833,1149.5502,2,62.95%,37.05%,2264
1026,1025,1512335,39851,Risk 1 (High),60613,41.95338993,-87.67805669,1,1,0,Canvass,1901,LINCOLN,211.2624,657.3756,401.4539,2027.0907,2,62.97%,37.03%,2265
5277,5276,1490431,2134773,Risk 1 (High),60638,41.7922412,-87.79286084,0,1,0,Canvass Re-Inspection,1939,ARCHER,324.8702,1228.499,642.9867,1522.1697,2,62.97%,37.03%,2266
6110,6109,1501732,2245406,Risk 1 (High),60618,41.94254075,-87.70268273,1,1,0,Complaint,1970,ELSTON,21087.1053,576.7298,510.1786,1382.3051,2,62.97%,37.03%,2267
6992,6991,1092937,2309038,Risk 2 (Medium),60657,41.93596932,-87.64411406,0,1,0,License Re-Inspection,1912,BROADWAY,448.2168,259.9135,104.5432,2107.811,2,62.99%,37.01%,2268
7348,7347,1473519,2333907,Risk 1 (High),60660,41.9854758,-87.66904057,0,1,0,License Re-Inspection,1922,Clark,865.1755,944.3563,660.6993,1737.8505,2,62.99%,37.01%,2269
6946,6945,1396156,2308286,Risk 2 (Medium),0,41.89650357,-87.63278441,0,1,0,License Re-Inspection,1985,CHICAGO,366.1869,377.3504,397.0485,1482.6047,2,63.00%,37.00%,2270
4478,4477,1387534,2033176,Risk 1 (High),60628,41.69576482,-87.62093077,0,1,1,Canvass Re-Inspection,1924,MICHIGAN,275.9611,520.5505,586.3887,2707.2967,2,63.00%,37.00%,2271
718,717,1383448,29445,Risk 1 (High),60607,41.87446342,-87.64381593,0,1,0,Canvass Re-Inspection,1989,HARRISON,5120.1456,915.8452,999.3751,2341.2454,2,63.00%,37.00%,2272
157,156,1410232,5902,Risk 2 (Medium),60632,41.8010132,-87.69894792,1,0,0,Canvass,1972,51ST,351.9402,640.2119,882.4177,2345.2452,2,63.00%,37.00%,2273
7274,7273,1497809,2327927,Risk 1 (High),60609,41.79441677,-87.64481608,1,1,0,Canvass,2005,GARFIELD,864.7313,636.8164,575.0097,2103.2928,2,63.00%,37.00%,2274
3020,3019,1491127,1738519,Risk 1 (High),60613,41.96161213,-87.67543735,1,1,0,Complaint,1918,MONTROSE,290.8128,328.6546,257.8641,1504.0002,2,63.01%,36.99%,2275
6388,6387,1480279,2270621,Risk 1 (High),60623,41.84407073,-87.7297231,0,1,0,Canvass Re-Inspection,1909,26TH,388.7917,451.452,209.502,2026.642,2,63.01%,36.99%,2276
4665,4664,1496881,2065167,Risk 1 (High),60654,41.89198652,-87.63422437,0,1,0,Canvass Re-Inspection,2004,WELLS,538.2085,627.0676,603.5991,1359.0834,2,63.01%,36.99%,2277
7426,7425,1418711,2341056,Risk 2 (Medium),60613,41.95318313,-87.67791334,1,0,0,Short Form Complaint,1901,LINCOLN,137.6198,680.3552,368.6754,2004.3205,2,63.02%,36.98%,2278
1555,1554,1512739,81973,Risk 1 (High),60641,41.94267197,-87.72994825,1,1,0,Canvass,1923,MILWAUKEE,337.301,531.8623,357.0011,973.7979,2,63.02%,36.98%,2279
4813,4812,1497082,2084073,Risk 1 (High),60607,41.88137665,-87.66449649,0,1,0,Canvass Re-Inspection,2002,MADISON,192.6247,182.742,768.8633,1323.3075,2,63.03%,36.97%,2280
280,279,1401208,10611,Risk 1 (High),60640,41.97417663,-87.66833321,0,1,0,Canvass Re-Inspection,1891,CLARK,304.0376,234.3003,259.8423,2049.1983,2,63.04%,36.96%,2281
6970,6969,1471268,2308740,Risk 1 (High),60647,41.91867708,-87.68729897,0,1,0,License,1891,WESTERN,80.53,382.015,44.9479,2051.6058,2,63.04%,36.96%,2282
3166,3165,1491076,1799416,Risk 1 (High),60654,41.88948989,-87.64473645,0,1,0,Canvass Re-Inspection,2008,MILWAUKEE,610.3362,630.6928,710.2641,1303.0273,2,63.04%,36.96%,2283
6298,6297,1385397,2262681,Risk 2 (Medium),60639,41.91673352,-87.72669004,0,1,0,Canvass Re-Inspection,1900,PULASKI,637.3153,561.5182,369.8774,1765.8348,2,63.05%,36.95%,2284
6213,6212,1480387,2253092,Risk 1 (High),60623,41.84408571,-87.7288017,1,1,0,Canvass,1919,26TH,253.1018,570.6978,389.3446,2048.6801,2,63.05%,36.95%,2285
2190,2189,1424544,1381490,Risk 1 (High),60630,41.97504399,-87.74813332,1,1,0,Canvass,1900,Cicero,21087.1053,494.562,793.0491,2271.8356,2,63.06%,36.94%,2286
7278,7277,1496919,2328106,Risk 2 (Medium),60601,41.88582205,-87.63230374,0,0,0,License,1986,LA,394.7074,418.896,446.0195,1646.6657,2,63.06%,36.94%,2287
6956,6955,1396188,2308438,Risk 1 (High),60608,41.86690584,-87.67331592,0,1,0,License Re-Inspection,1980,ROOSEVELT,383.5212,1985.54,1750.7284,2858.7074,2,63.07%,36.93%,2288
3733,3732,1512477,1915521,Risk 2 (Medium),60637,41.77849065,-87.61543782,1,1,0,Complaint,2010,DR,444.8678,156.7946,638.5525,2652.9943,2,63.07%,36.93%,2289
5575,5574,1497374,2162255,Risk 1 (High),60609,41.81006371,-87.67512853,1,1,0,Canvass,1891,DAMEN,173.4493,544.9412,581.0183,3887.8419,2,63.07%,36.93%,2290
5321,5320,1199524,2138051,Risk 1 (High),60610,41.89227263,-87.6342301,0,1,0,Canvass Re-Inspection,2004,WELLS,360.2168,632.6034,645.0728,1418.632,2,63.07%,36.93%,2291
3889,3888,1447566,1948435,Risk 1 (High),60606,41.87736776,-87.63385357,1,1,1,Canvass,1901,WELLS,106.8996,630.5075,695.5407,1421.7975,2,63.09%,36.91%,2292
2314,2313,1391441,1473514,Risk 1 (High),60660,41.9980635,-87.66197773,0,1,0,Complaint Re-Inspection,1922,DEVON,447.4213,639.2515,412.3178,1449.0904,2,63.09%,36.91%,2293
3751,3750,1441620,1922996,Risk 1 (High),60657,41.93591407,-87.64411268,1,1,0,Canvass,1912,BROADWAY,359.6945,257.4017,93.1298,2122.1246,2,63.09%,36.91%,2294
5535,5534,1497903,2157141,Risk 1 (High),60613,41.95439962,-87.66436309,1,1,0,Complaint,1915,SOUTHPORT,494.0743,386.0241,608.2644,2230.7006,2,63.09%,36.91%,2295
6240,6239,1467467,2256160,Risk 1 (High),60607,41.87199613,-87.63920429,0,1,0,Canvass Re-Inspection,1989,CANAL,462.1508,1240.8639,1306.3443,2610.3917,2,63.09%,36.91%,2296
2116,2115,1453646,1337364,Risk 1 (High),60604,41.87801449,-87.63318903,1,1,1,Canvass,1928,JACKSON,679.8017,596.89,886.9672,1130.3971,2,63.09%,36.91%,2297
1877,1876,1441578,1222441,Risk 1 (High),60657,41.93944116,-87.64910277,1,1,0,Canvass,2009,HALSTED,179.9265,363.6733,332.1316,317.91,2,63.10%,36.90%,2298
4023,4022,1228431,1969715,Risk 1 (High),60604,41.87801449,-87.63318903,0,1,1,Canvass Re-Inspection,1928,JACKSON,612.0284,596.89,886.9672,1130.3971,2,63.10%,36.90%,2299
4859,4858,1497742,2088702,Risk 1 (High),60654,41.89563627,-87.62832032,1,0,0,Canvass Re-Inspection,1999,STATE,435.2225,381.4374,689.1605,1654.6482,2,63.12%,36.88%,2300
3914,3913,1439389,1953900,Risk 1 (High),60611,41.89347536,-87.62257467,1,1,0,Canvass Re-Inspection,1991,ST,430.2203,753.5121,320.4752,1447.5479,2,63.12%,36.88%,2301
3174,3173,1501307,1800225,Risk 1 (High),60618,41.93919447,-87.71141626,1,1,0,Canvass,1905,BELMONT,409.4936,579.749,576.3552,1912.5128,2,63.12%,36.88%,2302
5596,5595,1439535,2163526,Risk 1 (High),60611,41.89832098,-87.62122152,1,1,1,Complaint,1930,CHESTNUT,492.1394,126.5044,558.1367,696.3955,2,63.12%,36.88%,2303
3074,3073,1502052,1742949,Risk 1 (High),60616,41.8456065,-87.63388561,1,1,0,Complaint,1988,26TH,681.2512,868.0073,468.6522,1995.7617,2,63.12%,36.88%,2304
2254,2253,1453643,1444652,Risk 1 (High),60604,41.87801449,-87.63318903,1,1,1,Canvass,1928,JACKSON,422.5568,596.89,886.9672,1130.3971,2,63.13%,36.87%,2305
376,375,1441381,15777,Risk 1 (High),60657,41.93645017,-87.65055245,0,1,0,Canvass Re-Inspection,1965,WELLINGTON,119.4437,620.3094,404.8383,1302.3125,2,63.13%,36.87%,2306
6833,6832,1502036,2303968,Risk 2 (Medium),60621,41.77951326,-87.65351329,1,1,0,Canvass,2008,63RD,678.63,294.0849,553.0551,2101.1885,2,63.14%,36.86%,2307
2436,2435,1498036,1495075,Risk 1 (High),60625,41.96807497,-87.6790196,1,1,0,Canvass,1909,DAMEN,577.6313,441.1159,496.6625,1911.6311,2,63.14%,36.86%,2308
1024,1023,1513133,39836,Risk 1 (High),60610,41.90380744,-87.63049359,1,1,0,Canvass,1981,DIVISION,317.6245,689.0042,266.9076,1393.9718,2,63.15%,36.85%,2309
6438,6437,1491196,2278116,Risk 2 (Medium),60613,41.9540604,-87.67772709,0,1,0,Canvass Re-Inspection,1902,IRVING,271.2719,542.5758,386.1224,2055.9858,2,63.15%,36.85%,2310
3932,3931,1490710,1954915,Risk 1 (High),60623,41.84412068,-87.72621334,0,1,0,Canvass Re-Inspection,1914,26TH,57.4163,550.2779,397.0642,2220.7833,2,63.15%,36.85%,2311
7057,7056,1092918,2314067,Risk 1 (High),60657,41.93373294,-87.64442476,0,1,0,License Re-Inspection,1949,BROADWAY,306.7581,380.7123,447.6286,1816.6508,2,63.15%,36.85%,2312
3215,3214,1482327,1803230,Risk 1 (High),60640,41.96733651,-87.6560596,0,1,0,Complaint Re-Inspection,1921,KENMORE,68.0606,450.2857,67.0618,1445.8435,2,63.15%,36.85%,2313
1416,1415,1473626,66911,Risk 1 (High),60625,41.96366301,-87.68547417,0,1,0,Canvass Re-Inspection,1917,LINCOLN,654.8636,466.4946,914.224,2209.7561,2,63.15%,36.85%,2314
6462,6461,1502144,2278869,Risk 1 (High),60618,41.94142629,-87.6907993,1,1,0,Canvass,1972,CAMPBELL,68.8394,1261.9935,757.1179,962.0683,2,63.16%,36.84%,2315
3656,3655,1447283,1904569,Risk 1 (High),60606,41.88602541,-87.6362977,0,1,0,Canvass Re-Inspection,1983,WACKER,373.0808,709.3774,530.4544,1764.699,2,63.16%,36.84%,2316
3389,3388,1387700,1846937,Risk 1 (High),60628,41.72087605,-87.64334592,1,1,0,Complaint,1972,HALSTED,572.6801,929.5326,306.561,3195.3989,2,63.17%,36.83%,2317
7506,7505,1447396,2348968,Risk 1 (High),60606,41.88602541,-87.6362977,0,0,0,License Re-Inspection,1983,WACKER,284.6515,709.3774,530.4544,1764.699,2,63.17%,36.83%,2318
495,494,1441487,21999,Risk 1 (High),60657,41.9456985,-87.6492916,1,1,0,Canvass,1924,HALSTED,414.9457,310.2227,212.3662,1883.0578,2,63.17%,36.83%,2319
1585,1584,1473505,86092,Risk 1 (High),60654,41.89577352,-87.62961054,1,1,0,Canvass Re-Inspection,1994,DEARBORN,437.5468,577.0645,523.6538,1543.8282,2,63.17%,36.83%,2320
397,396,1497815,17186,Risk 1 (High),60613,41.95240164,-87.66401827,1,1,0,Complaint,1913,SOUTHPORT,318.5346,437.7617,524.3203,2209.865,2,63.17%,36.83%,2321
7600,7599,1497061,2354522,Risk 1 (High),60647,41.92478358,-87.71108669,0,1,0,License,1905,FULLERTON,344.6762,294.3704,308.5584,1768.098,2,63.17%,36.83%,2322
310,309,1491061,12380,Risk 1 (High),60618,41.9541631,-87.68573203,0,1,0,Canvass Re-Inspection,1894,IRVING,517.3228,763.304,302.1107,2016.4232,2,63.18%,36.82%,2323
4212,4211,1447581,1997729,Risk 1 (High),60606,41.88183547,-87.63389739,1,1,0,Canvass,1997,MADISON,298.0703,319.608,254.8008,1254.5533,2,63.19%,36.81%,2324
3624,3623,1482447,1899152,Risk 1 (High),60640,41.96621963,-87.66678701,1,1,0,Canvass,1901,CLARK,168.2888,848.2639,333.0649,2034.4758,2,63.21%,36.79%,2325
5043,5042,1441533,2113879,Risk 1 (High),60657,41.93555816,-87.64410158,1,1,0,Canvass,1912,BROADWAY,862.1708,280.6106,121.7844,2216.7574,2,63.21%,36.79%,2326
4671,4670,1493245,2065298,Risk 1 (High),60625,41.96815422,-87.69363813,0,1,0,Canvass Re-Inspection,1915,ROCKWELL,146.1891,655.2105,171.9582,1196.3897,2,63.21%,36.79%,2327
1677,1676,1439534,1092606,Risk 1 (High),60611,41.89127929,-87.61410753,1,1,0,Canvass Re-Inspection,2013,LAKE,177.5969,577.4728,744.6329,1670.8133,2,63.21%,36.79%,2328
4211,4210,1497367,1997650,Risk 1 (High),60616,41.85205252,-87.63250528,0,1,1,Canvass Re-Inspection,1908,22ND,486.5212,222.459,512.8873,1405.1757,2,63.22%,36.78%,2329
5720,5719,1439302,2184461,Risk 1 (High),60611,41.89127929,-87.61410753,0,1,0,Canvass Re-Inspection,2013,LAKE,116.1003,577.4728,744.6329,1670.8133,2,63.22%,36.78%,2330
3593,3592,1464669,1893492,Risk 1 (High),60660,41.99052009,-87.66013591,1,1,0,Canvass,1916,BROADWAY,331.1396,797.6084,407.9574,1690.2698,2,63.22%,36.78%,2331
3498,3497,1439378,1878871,Risk 1 (High),60611,41.89237877,-87.62698328,0,1,0,Canvass Re-Inspection,2009,OHIO,268.0662,501.7122,417.9951,1194.2165,2,63.23%,36.77%,2332
5200,5199,1512579,2129629,Risk 1 (High),60623,41.84053695,-87.70477333,1,1,0,Canvass,1919,KEDZIE,556.5824,399.8717,622.9391,2761.9171,2,63.23%,36.77%,2333
7171,7170,1092938,2320891,Risk 2 (Medium),60657,41.94669922,-87.66415264,0,1,0,License Re-Inspection,1911,SOUTHPORT,176.7039,270.3953,457.6027,2248.5431,2,63.23%,36.77%,2334
3018,3017,1107162,1738099,Risk 1 (High),60640,41.97812336,-87.66875587,0,1,0,Canvass Re-Inspection,1913,BERWYN,457.1544,460.9562,406.5366,1791.4505,2,63.25%,36.75%,2335
1966,1965,1512304,1272252,Risk 1 (High),60616,41.8452841,-87.64149538,1,1,1,Canvass,1868,26TH,320.3204,565.2158,361.7258,1968.2139,2,63.25%,36.75%,2336
6878,6877,1496949,2304675,Risk 1 (High),60609,41.79442405,-87.64443872,1,1,0,Canvass,2005,GARFIELD,390.1975,653.8152,512.9401,2094.9535,2,63.26%,36.74%,2337
4826,4825,1464667,2084592,Risk 1 (High),60660,41.9946852,-87.65839813,1,1,0,Canvass,1924,GRANVILLE,660.9508,391.8476,685.7299,1895.9033,2,63.26%,36.74%,2338
3458,3457,1512888,1873390,Risk 1 (High),60625,41.96598998,-87.68897227,1,1,0,Canvass,1931,WESTERN,326.145,310.4964,575.6759,1487.799,2,63.28%,36.72%,2339
5490,5489,1512837,2152981,Risk 1 (High),60603,41.88114722,-87.62603474,1,1,1,Canvass,1902,WABASH,148.1183,386.6872,368.6944,1157.9665,2,63.28%,36.72%,2340
5589,5588,1441648,2163088,Risk 1 (High),60657,41.94704993,-87.64693052,1,1,0,Canvass,1935,BROADWAY,415.4054,446.3288,421.9708,1952.927,2,63.28%,36.72%,2341
3010,3009,1387741,1719251,Risk 1 (High),60628,41.70529649,-87.64293095,1,1,0,Canvass,2006,HALSTED,322.3572,415.9985,547.3045,3005.4252,2,63.28%,36.72%,2342
1974,1973,1482311,1273135,Risk 1 (High),60640,41.97112552,-87.6595799,0,1,0,Canvass Re-Inspection,1995,BROADWAY,332.559,421.0039,500.3867,425.7712,2,63.28%,36.72%,2343
1164,1163,1372646,46734,Risk 1 (High),60603,41.88141901,-87.63220321,1,1,1,Complaint,1919,LA,880.4259,362.5023,394.0555,792.0855,2,63.29%,36.71%,2344
5282,5281,1490494,2134801,Risk 1 (High),60608,41.8320155,-87.64598772,0,1,1,Canvass Re-Inspection,1898,HALSTED,342.8905,383.8059,252.671,1317.2729,2,63.29%,36.71%,2345
3034,3033,1441540,1739804,Risk 1 (High),60657,41.94682731,-87.66415601,1,1,0,Canvass,1911,SOUTHPORT,694.5123,295.1548,424.6984,2246.8185,2,63.29%,36.71%,2346
755,754,1494073,31035,Risk 1 (High),60653,41.80979548,-87.59237387,1,1,1,Complaint,2006,47TH,791.9707,1029.5005,792.2948,651.4724,2,63.29%,36.71%,2347
7703,7702,1480373,2359456,Risk 2 (Medium),60623,41.84428193,-87.73033724,0,1,0,License Re-Inspection,1909,26TH,847.0418,346.2777,79.3049,1981.1883,2,63.30%,36.70%,2348
472,471,1502083,21110,Risk 1 (High),60609,41.80861135,-87.65621382,1,1,1,Canvass,1894,47TH,521.4371,668.8739,442.0736,1704.0656,2,63.30%,36.70%,2349
5913,5912,1464626,2203120,Risk 1 (High),60660,41.99546098,-87.66057971,1,1,0,Canvass,1910,BROADWAY,277.1367,662.5543,410.089,1795.4754,2,63.30%,36.70%,2350
6781,6780,1496933,2299248,Risk 1 (High),60609,41.7944255,-87.64436324,1,1,0,Short Form Complaint,2005,GARFIELD,211.1133,658.3066,501.5205,2093.6484,2,63.32%,36.68%,2351
5357,5356,1501608,2141447,Risk 1 (High),60601,41.88536782,-87.6224472,1,1,0,Canvass,1990,STETSON,557.2535,701.2299,484.22,1814.7953,2,63.32%,36.68%,2352
6702,6701,1473534,2294147,Risk 2 (Medium),60647,41.92426082,-87.69933175,0,0,0,License Re-Inspection,1923,Milwaukee,446.6787,517.0906,370.6081,1670.5073,2,63.32%,36.68%,2353
6703,6702,1473532,2294149,Risk 2 (Medium),60647,41.92426082,-87.69933175,0,1,0,License Re-Inspection,1923,Milwaukee,434.7541,517.0906,370.6081,1670.5073,2,63.32%,36.68%,2354
4528,4527,1497879,2043368,Risk 1 (High),60625,41.9720021,-87.7084294,1,1,0,Canvass,1922,KEDZIE,768.6258,439.6911,649.7441,1469.5083,2,63.32%,36.68%,2355
4399,4398,1494017,2026300,Risk 1 (High),60625,41.96891958,-87.69366142,0,1,0,Canvass Re-Inspection,1922,ROCKWELL,494.4816,634.8602,147.1809,1070.7456,2,63.33%,36.67%,2356
4004,4003,1494200,1968898,Risk 1 (High),60642,41.90939879,-87.6530507,1,1,0,Canvass,2009,KINGSBURY,78.6647,972.9941,915.3437,1277.0206,2,63.33%,36.67%,2357
7227,7226,1473322,2326898,Risk 1 (High),60628,41.70569755,-87.64265031,0,1,0,License Re-Inspection,2006,HALSTED,1152.9491,451.8437,560.4488,3070.552,2,63.34%,36.66%,2358
7819,7818,1515305,2368847,Risk 1 (High),60629,41.77887422,-87.70231356,0,1,0,License Re-Inspection,1927,63RD,395.6848,198.7225,350.249,2938.1553,2,63.35%,36.65%,2359
2765,2764,1459828,1622089,Risk 1 (High),60614,41.9200805,-87.66248017,0,1,0,Canvass Re-Inspection,1935,CLYBOURN,254.1625,641.4478,221.3352,1768.3454,2,63.35%,36.65%,2360
2659,2658,1473309,1593965,Risk 2 (Medium),60609,41.81774274,-87.66533501,0,1,0,Canvass Re-Inspection,2005,ASHLAND,21087.1053,1113.8225,1001.8864,3023.7359,2,63.36%,36.64%,2361
3006,3005,1473995,1718785,Risk 2 (Medium),60620,41.74242082,-87.66309114,0,1,0,Canvass Re-Inspection,1978,ASHLAND,1072.7725,477.6227,451.6815,2895.3434,2,63.36%,36.64%,2362
7252,7251,1467297,2327216,Risk 1 (High),60607,41.86920558,-87.66316445,0,0,0,License,1911,TAYLOR,309.6515,437.3007,575.2294,3178.0396,2,63.37%,36.63%,2363
966,965,1490298,37508,Risk 1 (High),60613,41.95423658,-87.66486474,1,1,0,Canvass,1915,IRVING,482.6927,281.7789,532.6725,2232.4479,2,63.37%,36.63%,2364
5923,5922,1199487,2203492,Risk 1 (High),60661,41.88418751,-87.64111967,0,1,0,Canvass Re-Inspection,2000,CLINTON,1290.1005,799.3478,698.9896,1672.9061,2,63.37%,36.63%,2365
7193,7192,1464314,2321213,Risk 1 (High),60660,41.9901358,-87.65977098,1,1,0,Complaint,1918,THORNDALE,915.489,820.8709,381.2454,1700.627,2,63.39%,36.61%,2366
2548,2547,1453325,1546717,Risk 1 (High),60605,41.8688341,-87.62600895,1,1,1,Complaint,1908,WABASH,658.1885,428.3081,334.4596,1167.1559,2,63.39%,36.61%,2367
7077,7076,1497918,2314247,Risk 1 (High),60613,41.95420874,-87.66684727,1,1,0,Canvass,1923,IRVING,305.8114,336.0983,555.5111,2069.6895,2,63.40%,36.60%,2368
1739,1738,1501317,1139807,Risk 2 (Medium),60611,41.89826162,-87.62516469,1,0,0,Canvass,1993,CHESTNUT,272.5459,541.051,348.2213,1460.9208,2,63.41%,36.59%,2369
7294,7293,1512720,2328390,Risk 2 (Medium),60640,41.97799421,-87.6600612,1,1,0,Complaint,1988,BROADWAY,368.4473,592.5758,671.4129,731.1323,2,63.41%,36.59%,2370
3623,3622,1501688,1898920,Risk 1 (High),60647,41.92749258,-87.70459704,1,1,0,Canvass,1911,MILWAUKEE,436.8959,512.543,152.4054,1585.5266,2,63.42%,36.58%,2371
3424,3423,1464600,1868819,Risk 1 (High),60660,41.99445469,-87.65928902,1,1,0,Complaint,1915,GRANVILLE,525.938,418.1196,483.4313,1871.9507,2,63.42%,36.58%,2372
2084,2083,1502123,1332717,Risk 1 (High),60609,41.81266091,-87.6846962,1,1,0,Canvass,1924,WESTERN,458.6573,424.0983,636.1277,3262.5877,2,63.42%,36.58%,2373
1041,1040,1512663,40565,Risk 1 (High),60618,41.95401766,-87.70946165,1,1,0,Canvass,1899,IRVING,99.1945,586.6849,607.6201,2042.2427,2,63.43%,36.57%,2374
131,130,1482276,3866,Risk 1 (High),60640,41.9653066,-87.65611797,0,1,0,Canvass Re-Inspection,1906,WILSON,578.4182,599.982,184.1003,2009.9561,2,63.43%,36.57%,2375
2611,2610,1515289,1577622,Risk 1 (High),60625,41.96761496,-87.67900579,1,1,0,Canvass,1915,DAMEN,349.6394,410.706,564.5873,1961.2489,2,63.43%,36.57%,2376
4669,4668,1439472,2065265,Risk 1 (High),60611,41.89477624,-87.62747699,0,1,0,Canvass Re-Inspection,1988,HURON,329.5421,480.1125,589.9478,1871.1865,2,63.44%,36.56%,2377
6502,6501,1501482,2283297,Risk 1 (High),60647,41.92478563,-87.7108253,1,1,0,Canvass,1915,FULLERTON,844.2279,306.1777,379.0875,1758.3399,2,63.44%,36.56%,2378
3044,3043,1502016,1740590,Risk 1 (High),60609,41.80901096,-87.64336385,1,1,1,Canvass,1879,47TH,264.3687,529.4708,460.319,2245.1797,2,63.45%,36.55%,2379
2074,2073,1501537,1332012,Risk 1 (High),60609,41.80156348,-87.65491674,1,1,1,Canvass,1902,W,798.5772,267.2362,256.1735,1490.2003,2,63.45%,36.55%,2380
3525,3524,1494114,1883618,Risk 1 (High),60653,41.82404275,-87.62294655,1,1,0,Complaint,2008,MICHIGAN,413.239,1003.3104,597.701,2176.9888,2,63.45%,36.55%,2381
373,372,1512338,15632,Risk 1 (High),60654,41.89469809,-87.63282083,1,1,0,Canvass,1974,LA,320.3558,582.2557,415.5071,1876.4333,2,63.45%,36.55%,2382
7309,7308,1460181,2333061,Risk 1 (High),60625,41.96856056,-87.70853637,0,1,0,License Re-Inspection,1921,LAWRENCE,268.8855,738.972,502.8392,1347.0897,2,63.45%,36.55%,2383
4426,4425,1490746,2027342,Risk 1 (High),60609,41.8085766,-87.65876536,1,1,1,Complaint,1889,47TH,115.2573,525.8616,167.7107,1488.7675,2,63.46%,36.54%,2384
6302,6301,1447416,2262774,Risk 1 (High),60661,41.88418751,-87.64111967,1,1,0,Complaint,2000,CLINTON,604.5357,799.3478,698.9896,1672.9061,2,63.46%,36.54%,2385
4275,4274,1199663,2004459,Risk 1 (High),60661,41.88418751,-87.64111967,1,1,0,Canvass,2000,CLINTON,600.1405,799.3478,698.9896,1672.9061,2,63.46%,36.54%,2386
6519,6518,1199646,2283644,Risk 1 (High),60661,41.88418751,-87.64111967,1,1,0,Canvass,2000,CLINTON,484.9625,799.3478,698.9896,1672.9061,2,63.47%,36.53%,2387
3133,3132,1107045,1770713,Risk 1 (High),60640,41.96530862,-87.65594959,0,1,0,Canvass Re-Inspection,1906,WILSON,429.3085,597.7383,194.7055,2033.7639,2,63.47%,36.53%,2388
7673,7672,1199567,2358971,Risk 1 (High),60661,41.88418751,-87.64111967,0,1,0,License Re-Inspection,2000,CLINTON,386.1881,799.3478,698.9896,1672.9061,2,63.49%,36.51%,2389
3388,3387,1496963,1846828,Risk 1 (High),60616,41.85330451,-87.63417688,0,1,0,Canvass Re-Inspection,1998,ARCHER,376.3714,259.642,469.6366,1863.9219,2,63.49%,36.51%,2390
1088,1087,1441288,42885,Risk 1 (High),60657,41.94445156,-87.66329838,0,1,0,Canvass Re-Inspection,1908,NEWPORT,266.3165,317.4173,331.2125,2277.4899,2,63.50%,36.50%,2391
4282,4281,1199506,2008126,Risk 1 (High),60661,41.88418751,-87.64111967,0,1,0,Canvass Re-Inspection,2000,Clinton,240.5356,799.3478,698.9896,1672.9061,2,63.50%,36.50%,2392
4278,4277,1199660,2004626,Risk 1 (High),60661,41.88418751,-87.64111967,1,1,0,Canvass,2000,Clinton,193.401,799.3478,698.9896,1672.9061,2,63.51%,36.49%,2393
4213,4212,1199476,1997766,Risk 2 (Medium),60661,41.88418751,-87.64111967,1,1,0,Canvass Re-Inspection,2000,CLINTON,148.992,799.3478,698.9896,1672.9061,2,63.51%,36.49%,2394
6163,6162,1512609,2247017,Risk 1 (High),60607,41.88317183,-87.6521331,1,1,0,Canvass,2008,WASHINGTON,235.1252,497.0249,609.4519,1293.6117,2,63.52%,36.48%,2395
5969,5968,1497827,2222369,Risk 1 (High),60653,41.80937219,-87.6101459,1,1,0,Canvass,2008,47TH,508.508,375.3112,311.0224,2219.3199,2,63.54%,36.46%,2396
29,28,1199600,968,Risk 1 (High),60614,41.92008219,-87.64872471,1,1,0,Canvass,2007,HALSTED,158.6213,478.5734,52.2336,348.3773,2,63.55%,36.45%,2397
1779,1778,1494019,1144116,Risk 1 (High),60625,41.96657169,-87.69389349,0,1,0,Canvass Re-Inspection,1918,ROCKWELL,655.4734,700.8056,475.9646,1637.6826,2,63.55%,36.45%,2398
1413,1412,1151934,66668,Risk 1 (High),60637,41.79428694,-87.62067208,0,1,0,Canvass Re-Inspection,1903,GARFIELD,58.5681,280.7175,620.2028,4729.7481,2,63.56%,36.44%,2399
2319,2318,1410235,1473526,Risk 2 (Medium),60632,41.81884058,-87.72411293,1,1,0,Complaint,1952,PULASKI,545.0354,1212.4936,1571.1085,3221.7302,2,63.56%,36.44%,2400
3303,3302,1515445,1821706,Risk 1 (High),60607,41.88666985,-87.64890501,1,1,1,Short Form Complaint,1884,FULTON,172.8712,785.0141,379.4851,1249.636,2,63.56%,36.44%,2401
164,163,1441475,6231,Risk 1 (High),60616,41.85055641,-87.63211142,0,1,1,Canvass Re-Inspection,1915,WENTWORTH,297.7689,545.7627,361.4591,1185.7884,2,63.57%,36.43%,2402
3064,3063,1498050,1742297,Risk 1 (High),60613,41.95440629,-87.65254275,1,1,0,Canvass,1919,IRVING,186.2653,505.4281,232.0238,1990.891,2,63.57%,36.43%,2403
6260,6259,1496582,2261729,Risk 2 (Medium),60647,41.93213749,-87.70712865,0,1,0,Canvass Re-Inspection,1914,DIVERSEY,231.2307,408.2338,152.919,1498.1078,2,63.58%,36.42%,2404
7144,7143,1493947,2320298,Risk 1 (High),60622,41.90876698,-87.67517502,0,1,0,License Re-Inspection,1973,MILWAUKEE,583.0088,341.1143,543.5143,1424.3218,2,63.58%,36.42%,2405
2118,2117,1385271,1337580,Risk 1 (High),60639,41.91682179,-87.74626158,0,1,0,Canvass Re-Inspection,1912,ARMITAGE,355.3972,559.7655,469.4416,1541.6271,2,63.58%,36.42%,2406
6638,6637,1459783,2290208,Risk 1 (High),60622,41.9088191,-87.67525634,0,1,0,License Re-Inspection,1973,MILWAUKEE,978.539,337.9887,522.1696,1414.3012,2,63.58%,36.42%,2407
4171,4170,1502044,1990912,Risk 1 (High),60618,41.95362464,-87.71931085,1,1,0,Canvass,1902,IRVING,400.113,507.2004,448.3836,1732.7852,2,63.58%,36.42%,2408
7145,7144,1493950,2320299,Risk 3 (Low),60622,41.90876698,-87.67517502,0,1,0,License,1973,MILWAUKEE,528.2854,341.1143,543.5143,1424.3218,2,63.58%,36.42%,2409
4641,4640,1393272,2064355,Risk 1 (High),60614,41.93285532,-87.6477375,0,1,0,Canvass Re-Inspection,1970,DIVERSEY,259.6382,451.1817,215.9805,1209.0146,2,63.58%,36.42%,2410
3371,3370,1441461,1844415,Risk 1 (High),60616,41.85074769,-87.63211536,0,1,1,Canvass Re-Inspection,1915,WENTWORTH,158.3579,528.1446,367.9262,1194.1136,2,63.59%,36.41%,2411
7794,7793,1512778,2364263,Risk 2 (Medium),60654,41.89301709,-87.62797013,0,1,0,License,2006,STATE,68.5208,473.4773,317.9049,1230.5705,2,63.60%,36.40%,2412
1817,1816,1482407,1167481,Risk 1 (High),60640,41.97834206,-87.66848427,0,1,0,Canvass Re-Inspection,1922,CLARK,368.6325,396.5303,407.7209,1723.4116,2,63.60%,36.40%,2413
7596,7595,1496817,2354419,Risk 1 (High),60632,41.80455147,-87.72002032,1,1,0,License Re-Inspection,1947,ARCHER,290.4279,701.6233,608.9035,2402.4786,2,63.60%,36.40%,2414
3847,3846,1107111,1942312,Risk 1 (High),60640,41.96549804,-87.65832494,1,1,0,Short Form Complaint,1922,WILSON,495.3317,547.3032,178.6148,1702.6584,2,63.60%,36.40%,2415
5145,5144,1385850,2124800,Risk 1 (High),60639,41.91721711,-87.73122941,0,1,0,Complaint,1905,ARMITAGE,440.776,608.2608,292.798,1678.1532,2,63.61%,36.39%,2416
4349,4348,1501378,2014273,Risk 1 (High),60607,41.88429596,-87.66077035,0,1,1,Canvass Re-Inspection,1907,RANDOLPH,429.3424,632.7372,1128.9047,1579.4857,2,63.61%,36.39%,2417
1590,1589,1441654,86324,Risk 1 (High),60657,41.93672092,-87.66870256,1,1,0,Canvass,1985,ASHLAND,21087.1053,769.9393,68.1399,1245.9947,2,63.62%,36.38%,2418
5850,5849,1441537,2197037,Risk 1 (High),60657,41.93984771,-87.65095481,1,1,1,Canvass,1911,BELMONT,375.1174,290.6881,409.5227,265.6454,2,63.63%,36.37%,2419
2406,2405,1453670,1492229,Risk 1 (High),60604,41.87837198,-87.62537328,1,1,1,Canvass,1916,JACKSON,311.4978,829.6157,699.0876,1392.7116,2,63.63%,36.37%,2420
5534,5533,1496317,2157036,Risk 1 (High),60616,41.85403857,-87.63419682,1,1,0,Canvass Re-Inspection,1998,CHINA,243.9145,238.5597,538.9436,1981.9313,2,63.63%,36.37%,2421
3956,3955,1482342,1960083,Risk 2 (Medium),60640,41.97827366,-87.66848748,0,1,0,Complaint Re-Inspection,1923,CLARK,610.2307,414.9492,416.4927,1735.8774,2,63.64%,36.36%,2422
189,188,1515345,6775,Risk 1 (High),60618,41.94710069,-87.68841372,1,1,0,Canvass,1935,WESTERN,229.126,428.5829,569.9545,1693.1519,2,63.64%,36.36%,2423
5054,5053,1199351,2114519,Risk 2 (Medium),60614,41.9309067,-87.64909751,0,1,1,Canvass,1891,2668,526.2252,625.5194,106.7502,411.686,2,63.65%,36.35%,2424
7335,7334,1473331,2333612,Risk 1 (High),60653,41.81644707,-87.62317587,1,1,0,License Re-Inspection,2004,MICHIGAN,71.2341,678.6735,366.8665,2125.2877,2,63.65%,36.35%,2425
1563,1562,1512878,83040,Risk 1 (High),60616,41.83793909,-87.64596375,1,1,1,Canvass,1898,31ST,1202.5933,505.1879,574.9069,1790.3061,2,63.65%,36.35%,2426
464,463,1447562,20789,Risk 1 (High),60606,41.87800432,-87.63418793,1,1,1,Canvass,1918,JACKSON,795.8331,670.6828,761.6621,1352.6672,2,63.66%,36.34%,2427
1907,1906,1107171,1227658,Risk 1 (High),60640,41.9780502,-87.65892801,0,1,0,Canvass Re-Inspection,1988,BERWYN,442.2175,624.4253,622.3462,768.0045,2,63.66%,36.34%,2428
6639,6638,1459785,2290209,Risk 3 (Low),60622,41.9088191,-87.67525634,0,0,0,License Re-Inspection,1973,MILWAUKEE,271.3914,337.9887,522.1696,1414.3012,2,63.67%,36.33%,2429
1663,1662,1383482,1069820,Risk 1 (High),60601,41.8845918,-87.62979798,1,1,0,Canvass,2004,RANDOLPH,1000.2919,600.126,564.171,1674.2094,2,63.67%,36.33%,2430
3854,3853,1473863,1942679,Risk 1 (High),60613,41.95427602,-87.6780333,1,1,0,Complaint,1915,IRVING,969.8522,525.7641,448.7462,2057.159,2,63.67%,36.33%,2431
3682,3681,1515363,1909063,Risk 1 (High),60607,41.86565118,-87.63934463,1,1,0,Canvass,1997,CANAL,319.7218,1480.9306,1112.4083,2439.5904,2,63.68%,36.32%,2432
5082,5081,1502148,2115261,Risk 1 (High),60647,41.92829392,-87.7047345,1,1,0,Canvass,1923,LOGAN,904.5383,349.9272,160.3893,1456.8115,2,63.68%,36.32%,2433
7714,7713,1385711,2359798,Risk 2 (Medium),60651,41.89508094,-87.74997734,0,1,0,License Re-Inspection,1916,CHICAGO,366.1869,472.273,591.3201,1804.3521,2,63.68%,36.32%,2434
2483,2482,1512696,1517674,Risk 1 (High),60609,41.80866127,-87.67043678,1,1,0,Canvass,1923,47TH,248.7612,458.04,454.8203,3369.7371,2,63.69%,36.31%,2435
2111,2110,1435249,1336773,Risk 1 (High),60614,41.92645332,-87.64116965,1,1,0,Canvass,1973,CLARK,584.3323,258.2321,193.968,1331.0766,2,63.69%,36.31%,2436
4998,4997,1464678,2108329,Risk 1 (High),60660,41.98376648,-87.65811162,1,1,0,Complaint,1939,BRYN,344.3995,610.8738,396.6178,1465.4607,2,63.70%,36.30%,2437
2890,2889,1501372,1677537,Risk 1 (High),60653,41.825556,-87.61717842,1,1,0,Canvass,2006,DR,556.5824,978.5261,412.027,2146.5544,2,63.70%,36.30%,2438
6089,6088,1502050,2240915,Risk 1 (High),60625,41.96315679,-87.7081596,1,1,0,Canvass,1923,Kedzie,435.3898,676.2648,334.0652,1254.5628,2,63.71%,36.29%,2439
3222,3221,1307360,1803709,Risk 2 (Medium),60636,41.77216742,-87.67356657,1,1,0,Short Form Complaint,1968,DAMEN,640.4165,510.7159,417.8917,2730.019,2,63.71%,36.29%,2440
4133,4132,1512753,1985220,Risk 1 (High),60622,41.90331444,-87.67641672,1,1,0,Canvass,1953,DIVISION,209.2847,318.8246,253.8927,1552.5633,2,63.71%,36.29%,2441
4922,4921,1325034,2094246,Risk 1 (High),60612,41.88102049,-87.68867106,1,1,0,Short Form Complaint,1885,MADISON,114.3969,322.0304,725.7195,3552.4497,2,63.72%,36.28%,2442
4819,4818,1434386,2084336,Risk 1 (High),60622,41.90887113,-87.67533742,0,1,0,Canvass Re-Inspection,1973,MILWAUKEE,202.5901,327.8831,501.411,1404.5174,2,63.72%,36.28%,2443
5418,5417,1385789,2146955,Risk 1 (High),60651,41.89466976,-87.77066533,0,1,0,Canvass Re-Inspection,1902,CHICAGO,924.5808,240.8236,455.5533,1711.3073,2,63.73%,36.27%,2444
2623,2622,1434281,1579115,Risk 1 (High),60660,41.98367843,-87.66864908,0,1,0,Canvass Re-Inspection,1912,CLARK,1710.8957,940.1685,425.7099,1955.6258,2,63.73%,36.27%,2445
6014,6013,1387529,2232342,Risk 2 (Medium),60619,41.73646911,-87.62302412,1,1,0,Short Form Complaint,1958,87TH,2326.0103,583.6677,316.2987,3891.6741,2,63.73%,36.27%,2446
5823,5822,1502113,2196466,Risk 1 (High),60609,41.80863179,-87.67332051,1,1,0,Canvass,1899,47TH,767.7106,390.3165,270.5108,3640.8551,2,63.73%,36.27%,2447
7545,7544,1501784,2349821,Risk 1 (High),60614,41.92205612,-87.64381083,0,1,0,License,1975,LINCOLN,469.6654,355.1389,176.9462,1279.4943,2,63.74%,36.26%,2448
4012,4011,1493745,1969396,Risk 1 (High),60610,41.90947891,-87.63839445,0,1,1,Canvass Re-Inspection,1891,SEDGWICK,576.2221,197.7435,125.7623,839.7934,2,63.74%,36.26%,2449
2925,2924,1501384,1681542,Risk 1 (High),60613,41.95362391,-87.6546675,1,1,0,Canvass,1924,SHERIDAN,482.8357,367.2328,432.5855,2184.2375,2,63.74%,36.26%,2450
110,109,1441422,3669,Risk 1 (High),60657,41.93527996,-87.64409275,1,1,0,Complaint,1924,BROADWAY,209.5028,303.3346,177.2363,2188.3361,2,63.75%,36.25%,2451
7556,7555,1512684,2350104,Risk 1 (High),60609,41.80867589,-87.66892614,1,1,0,Canvass,1922,47TH,339.2057,640.3515,173.4897,3084.4787,2,63.75%,36.25%,2452
7456,7455,1497004,2341257,Risk 1 (High),60609,41.80863043,-87.67361893,0,0,0,License,1899,47TH,242.8414,396.6703,271.1256,3624.5816,2,63.76%,36.24%,2453
3340,3339,1512298,1841156,Risk 1 (High),60613,41.95428476,-87.67735575,1,1,0,Canvass,1911,IRVING,623.0364,502.519,374.6616,2076.6392,2,63.76%,36.24%,2454
6672,6671,1441328,2293678,Risk 1 (High),60657,41.93639137,-87.65341628,1,1,0,Complaint Re-Inspection,2006,WELLINGTON,21087.1053,501.1884,504.1386,1610.3828,2,63.76%,36.24%,2455
6227,6226,1497212,2254224,Risk 2 (Medium),60624,41.88070991,-87.73636108,0,1,0,License,1928,MADISON,224.6335,409.5762,344.901,1606.0554,2,63.76%,36.24%,2456
5611,5610,1501308,2163913,Risk 2 (Medium),60607,41.88553659,-87.66182271,0,1,1,Complaint Re-Inspection,1907,W,582.0562,884.4721,1471.1008,2002.3115,2,63.77%,36.23%,2457
5070,5069,1447469,2114939,Risk 1 (High),60661,41.87709414,-87.64265497,0,1,1,Canvass Re-Inspection,1922,JEFFERSON,1175.8115,332.4054,957.0708,1478.4583,2,63.77%,36.23%,2458
4181,4180,1307357,1991545,Risk 1 (High),60629,41.77895774,-87.69670901,0,1,0,Canvass Re-Inspection,1930,63RD,113.1582,154.2671,109.4724,2794.634,2,63.78%,36.22%,2459
6098,6097,1490765,2245228,Risk 1 (High),60609,41.80135528,-87.65398903,0,1,1,License Re-Inspection,1892,51ST,291.9176,308.3934,100.697,1608.3537,2,63.79%,36.21%,2460
749,748,1385621,30948,Risk 1 (High),60639,41.91705197,-87.72689274,0,1,0,Canvass Re-Inspection,1916,ARMITAGE,796.2126,602.8375,376.6181,1685.0576,2,63.79%,36.21%,2461
5946,5945,1512574,2219945,Risk 1 (High),60629,41.77345339,-87.70315683,1,1,0,Canvass,1924,KEDZIE,556.3636,368.4867,269.0502,3084.645,2,63.80%,36.20%,2462
5467,5466,1497511,2152519,Risk 1 (High),60616,41.85462731,-87.63197605,0,1,0,Canvass Re-Inspection,2006,WENTWORTH,533.6133,498.5808,479.1787,1822.1827,2,63.81%,36.19%,2463
748,747,1464615,30901,Risk 1 (High),60660,41.99409183,-87.66024611,1,1,0,Canvass,1911,BROADWAY,463.1435,447.1565,332.6374,1889.5016,2,63.82%,36.18%,2464
7613,7612,1464447,2354674,Risk 1 (High),60626,42.00488092,-87.66101071,0,1,0,License Re-Inspection,1908,SHERIDAN,383.0584,376.196,320.2972,1834.1126,2,63.85%,36.15%,2465
4339,4338,1497548,2013729,Risk 2 (Medium),60647,41.92473453,-87.71525003,0,1,0,Canvass Re-Inspection,1910,FULLERTON,437.1842,524.2983,632.843,2206.4301,2,63.85%,36.15%,2466
6477,6476,1512262,2279085,Risk 1 (High),60601,41.88462477,-87.61925432,1,1,0,Canvass,2006,RANDOLPH,247.0936,1044.9304,502.964,1697.5118,2,63.85%,36.15%,2467
7577,7576,1493932,2353852,Risk 1 (High),60614,41.92621348,-87.64070653,0,0,0,License,1972,CLARK,168.7302,306.2515,192.5083,1393.1918,2,63.86%,36.14%,2468
3689,3688,1307655,1909373,Risk 2 (Medium),60636,41.7828162,-87.68388599,0,1,0,Complaint Re-Inspection,2008,WESTERN,268.1871,558.5955,526.5331,1841.6435,2,63.87%,36.13%,2469
7233,7232,1459700,2326970,Risk 2 (Medium),60622,41.89654413,-87.68671584,0,1,0,License,1957,WESTERN,109.7516,453.3236,452.771,1679.6207,2,63.89%,36.11%,2470
3589,3588,1512301,1893302,Risk 1 (High),60632,41.81824621,-87.69723578,1,1,0,Canvass,1932,ARCHER,332.1702,364.2242,165.7132,2471.0778,2,63.90%,36.10%,2471
7405,7404,1464501,2340712,Risk 1 (High),60626,42.00558686,-87.66107732,1,1,0,License Re-Inspection,1916,N,185.6338,399.3974,361.6271,1719.1136,2,63.90%,36.10%,2472
765,764,1482374,31520,Risk 1 (High),60640,41.96522082,-87.66219928,1,1,0,Complaint,1919,WILSON,433.422,286.7076,190.4836,1841.4517,2,63.90%,36.10%,2473
5473,5472,1473642,2152583,Risk 1 (High),60613,41.94947553,-87.65851483,0,1,0,Canvass Re-Inspection,1911,CLARK,461.7237,516.4856,258.728,2271.1699,2,63.90%,36.10%,2474
6363,6362,1501451,2269674,Risk 2 (Medium),60624,41.86985544,-87.71382219,0,1,0,Canvass Re-Inspection,1997,Arthington,215.8466,432.0776,678.5204,1042.3991,2,63.91%,36.09%,2475
5942,5941,1498054,2204169,Risk 2 (Medium),60616,41.83095279,-87.62144916,1,1,0,Short Form Complaint,2006,35TH,1033.3304,204.7768,498.6819,2285.9062,2,63.92%,36.08%,2476
2417,2416,1502135,1493332,Risk 1 (High),60613,41.9540769,-87.67644728,1,1,0,Canvass,1911,IRVING,295.5517,540.8381,354.2157,2101.3304,2,63.92%,36.08%,2477
2829,2828,1501795,1649314,Risk 1 (High),60625,41.96835658,-87.70710948,1,1,0,Canvass,1925,LAWRENCE,202.7615,689.0286,472.8358,1402.5655,2,63.92%,36.08%,2478
3605,3604,1453412,1894606,Risk 1 (High),60605,41.86500783,-87.62722406,0,1,0,Canvass Re-Inspection,1998,STATE,385.7664,379.4604,464.109,1970.0822,2,63.92%,36.08%,2479
5099,5098,1501733,2120365,Risk 1 (High),60625,41.96855261,-87.70938107,1,1,0,Canvass,1926,LAWRENCE,233.9474,770.3418,492.9602,1374.2566,2,63.93%,36.07%,2480
2671,2670,1496570,1594913,Risk 1 (High),60616,41.85272679,-87.63311319,0,1,1,Canvass Re-Inspection,1910,CERMAK,225.8117,90.6269,527.4667,1601.7312,2,63.94%,36.06%,2481
7189,7188,1501758,2321159,Risk 1 (High),60612,41.87431581,-87.68638937,1,1,0,Canvass,1889,WESTERN,547.8078,243.0767,463.5492,3354.3751,2,63.96%,36.04%,2482
5244,5243,1497518,2133940,Risk 1 (High),60647,41.92074573,-87.69359695,1,1,0,Canvass,1955,MILWAUKEE,410.5913,746.8131,617.1508,1614.1695,2,63.97%,36.03%,2483
1911,1910,1439370,1228221,Risk 1 (High),60611,41.89321622,-87.62481244,1,1,0,Complaint,1996,ONTARIO,592.1196,960.1421,463.7824,1758.0357,2,63.97%,36.03%,2484
3743,3742,1447594,1921530,Risk 1 (High),60606,41.88197705,-87.63887584,1,1,1,Canvass,1929,RIVERSIDE,357.6059,1020.6801,795.9262,1130.6928,2,63.97%,36.03%,2485
6587,6586,1434934,2288968,Risk 1 (High),60651,41.895513,-87.72216982,1,1,0,Short Form Complaint,1938,CHICAGO,891.4277,507.0883,632.2377,1880.7485,2,63.98%,36.02%,2486
5549,5548,1467568,2157659,Risk 1 (High),60607,41.88135816,-87.66533271,1,1,0,Canvass,2002,MADISON,149.9271,294.0022,647.5608,1466.168,2,63.99%,36.01%,2487
269,268,1439437,10166,Risk 1 (High),60611,41.89325356,-87.62259429,1,1,0,Canvass Re-Inspection,2004,ONTARIO,594.669,717.279,239.7598,1380.1159,2,63.99%,36.01%,2488
774,773,1434895,31916,Risk 1 (High),60614,41.921981,-87.64413167,0,1,0,Canvass Re-Inspection,1975,LINCOLN,194.7291,349.3157,165.828,1336.2584,2,64.00%,36.00%,2489
7452,7451,1496922,2341234,Risk 2 (Medium),60657,41.9371402,-87.64822755,0,1,0,License,1985,CLARK,711.0862,387.2442,328.271,1148.326,2,64.00%,36.00%,2490
5429,5428,1497084,2147385,Risk 1 (High),60657,41.94507398,-87.66381617,1,1,0,Complaint,1915,SOUTHPORT,386.7514,344.3922,357.9504,2322.9093,2,64.01%,35.99%,2491
7543,7542,1501312,2349792,Risk 1 (High),60613,41.95419279,-87.66810945,0,1,0,License Re-Inspection,1925,IRVING,477.5954,644.2758,351.9552,1951.5465,2,64.01%,35.99%,2492
2150,2149,1372697,1356630,Risk 1 (High),60602,41.88310096,-87.63126322,1,1,1,Canvass,1915,WASHINGTON,798.2572,541.9727,469.0534,1181.2284,2,64.02%,35.98%,2493
3960,3959,1459798,1960181,Risk 1 (High),60618,41.95634989,-87.68012913,0,1,0,Canvass Re-Inspection,1906,LINCOLN,808.8211,490.995,242.9496,2057.2108,2,64.02%,35.98%,2494
3831,3830,1473387,1937955,Risk 1 (High),60613,41.94901088,-87.65814287,0,1,0,Complaint Re-Inspection,1910,CLARK,297.3864,534.0465,248.8003,2320.111,2,64.02%,35.98%,2495
4360,4359,1107165,2017268,Risk 1 (High),60640,41.97785952,-87.66850101,0,1,0,Canvass Re-Inspection,1929,CLARK,284.4005,534.0862,495.0571,1815.796,2,64.03%,35.97%,2496
7541,7540,1497434,2349672,Risk 2 (Medium),60602,41.88371685,-87.62608622,1,0,0,Short Form Complaint,2005,WABASH,302.7991,345.9497,484.9683,1723.53,2,64.03%,35.97%,2497
7135,7134,1092909,2320125,Risk 2 (Medium),60657,41.94428397,-87.66408802,0,1,0,License,1911,SOUTHPORT,275.994,360.088,161.8553,2176.5629,2,64.03%,35.97%,2498
830,829,1464284,33440,Risk 1 (High),60660,41.98352014,-87.66891302,1,1,0,Short Form Complaint,1911,CLARK,309.0323,925.5458,372.2587,1954.4345,2,64.04%,35.96%,2499
6058,6057,1490661,2233263,Risk 1 (High),60654,41.89645686,-87.63618117,1,1,1,Complaint,1891,CHICAGO,487.8467,546.1373,699.8468,1750.411,2,64.04%,35.96%,2500
4837,4836,1459909,2087651,Risk 1 (High),60614,41.92133514,-87.66379793,0,1,0,Canvass Re-Inspection,1943,CLYBOURN,430.5247,442.4158,223.4501,1824.1324,2,64.05%,35.95%,2501
6579,6578,1434808,2288781,Risk 2 (Medium),60625,41.97603018,-87.68718884,0,1,0,License Re-Inspection,1912,FOSTER,946.0738,829.0408,696.4104,2188.5676,2,64.05%,35.95%,2502
4502,4501,1496277,2041943,Risk 1 (High),60654,41.89658519,-87.64299618,1,1,0,Short Form Complaint,2005,CHICAGO,238.9343,1044.0695,746.1455,1645.7365,2,64.05%,35.95%,2503
3795,3794,1464628,1932480,Risk 1 (High),60660,41.98511286,-87.66895926,1,1,0,Complaint,1930,CLARK,388.3124,939.3576,589.8845,1819.5487,2,64.06%,35.94%,2504
6573,6572,1496615,2288706,Risk 3 (Low),60618,41.94639767,-87.71732058,0,1,0,License Re-Inspection,1910,ADDISON,437.5468,765.5468,502.0262,1866.503,2,64.06%,35.94%,2505
7134,7133,1459330,2320116,Risk 1 (High),60651,41.90410488,-87.72092536,0,1,0,License Re-Inspection,1909,GRAND,489.6121,400.627,326.6957,2065.3666,2,64.07%,35.93%,2506
4156,4155,1512458,1986574,Risk 1 (High),60625,41.96620156,-87.68680134,1,1,0,Canvass,1929,LINCOLN,334.8924,309.7856,423.2365,1634.8569,2,64.08%,35.92%,2507
6574,6573,1496612,2288707,Risk 1 (High),60618,41.94639767,-87.71732058,0,1,0,License Re-Inspection,1910,ADDISON,241.8395,765.5468,502.0262,1866.503,2,64.08%,35.92%,2508
5876,5875,1453454,2202308,Risk 1 (High),60605,41.8642488,-87.62393363,0,1,0,Canvass Re-Inspection,2007,MICHIGAN,255.7656,465.3931,468.392,1882.9505,2,64.08%,35.92%,2509
6471,6470,1497528,2279022,Risk 1 (High),60647,41.92479191,-87.6875218,1,1,0,Canvass,1917,FULLERTON,235.5986,386.8052,310.7233,2121.0183,2,64.08%,35.92%,2510
6831,6830,1515247,2303910,Risk 1 (High),60613,41.95045847,-87.66396416,1,1,0,Canvass,1916,SOUTHPORT,639.0329,584.0381,410.3558,2334.6009,2,64.10%,35.90%,2511
7323,7322,1482512,2333306,Risk 1 (High),60640,41.96943793,-87.65497661,1,1,0,Canvass,1971,SHERIDAN,359.9746,611.7344,604.1491,1368.812,2,64.10%,35.90%,2512
4924,4923,1385288,2094313,Risk 2 (Medium),60644,41.88633174,-87.75513777,0,1,0,Complaint Re-Inspection,1894,LARAMIE,394.3604,383.586,302.528,2066.2283,2,64.10%,35.90%,2513
7479,7478,1496981,2342064,Risk 1 (High),60616,41.85478378,-87.63273281,0,1,0,License,2006,WELLS,1722.4457,402.4659,448.6843,1924.7698,2,64.10%,35.90%,2514
3931,3930,1496605,1954879,Risk 1 (High),60614,41.92193238,-87.6483366,1,1,0,Canvass Re-Inspection,2006,WEBSTER,461.9535,319.7543,282.5873,837.1516,2,64.11%,35.89%,2515
7654,7653,1501419,2358587,Risk 1 (High),60601,41.88463208,-87.62224799,0,0,0,License,2006,RANDOLPH,587.0515,819.7393,523.4633,1795.5677,2,64.11%,35.89%,2516
6415,6414,1496732,2277413,Risk 3 (Low),60637,41.79397981,-87.60121394,1,1,0,Canvass,2006,ELLIS,583.1648,1103.7708,1059.3873,3557.4745,2,64.11%,35.89%,2517
7436,7435,1497559,2341086,Risk 1 (High),60640,41.96697754,-87.6666311,1,1,0,Canvass,1925,LELAND,464.1101,701.0187,319.6149,1840.9483,2,64.12%,35.88%,2518
6813,6812,1512254,2303672,Risk 1 (High),60625,41.96842901,-87.69778528,1,1,0,Canvass,1930,LAWRENCE,500.4058,875.8335,380.2859,1375.8882,2,64.12%,35.88%,2519
3208,3207,1473549,1802621,Risk 1 (High),60610,41.91099475,-87.63927456,0,1,1,Canvass Re-Inspection,1894,NORTH,1904.7112,502.6414,68.5594,840.33,2,64.12%,35.88%,2520
6888,6887,1512489,2307692,Risk 1 (High),60601,41.88539005,-87.61898671,1,1,0,Complaint,2011,BENTON,1001.3713,996.8227,492.1352,1702.4316,2,64.13%,35.87%,2521
4400,4399,1464541,2026336,Risk 1 (High),60640,41.9833127,-87.66886836,1,1,0,Canvass,1911,CLARK,210.4712,911.1938,361.537,1972.1037,2,64.13%,35.87%,2522
2779,2778,1482399,1645843,Risk 1 (High),60640,41.97602885,-87.67194854,0,1,0,Canvass Re-Inspection,1920,FOSTER,159.2368,847.059,550.3459,2045.3155,2,64.13%,35.87%,2523
611,610,1441474,25179,Risk 1 (High),60616,41.845188,-87.63196653,0,1,1,Canvass Re-Inspection,1888,WENTWORTH,144.6086,994.5371,298.9098,1859.8673,2,64.13%,35.87%,2524
4565,4564,1439607,2049605,Risk 1 (High),60611,41.89681131,-87.6264488,1,1,0,Canvass,2005,CHICAGO,355.6475,184.4957,375.326,1511.6262,2,64.14%,35.86%,2525
5972,5971,1496699,2222423,Risk 2 (Medium),60607,41.8832528,-87.64764601,0,1,0,Canvass Re-Inspection,2006,WASHINGTON,387.9162,560.3099,399.4248,1347.5971,2,64.15%,35.85%,2526
6798,6797,1501515,2299453,Risk 1 (High),60643,41.6849578,-87.65957953,1,1,0,Canvass,1964,115TH,216.7486,731.7256,586.9776,4138.9205,2,64.15%,35.85%,2527
6655,6654,1464589,2293343,Risk 1 (High),60626,42.01012437,-87.6743699,1,1,0,Canvass,1927,CLARK,461.7237,955.4514,241.8099,1188.5157,2,64.15%,35.85%,2528
3478,3477,1372672,1874575,Risk 1 (High),60601,41.88463208,-87.62224799,0,1,0,Canvass Re-Inspection,2006,RANDOLPH,244.684,819.7393,523.4633,1795.5677,2,64.15%,35.85%,2529
1569,1568,1501638,83740,Risk 1 (High),60632,41.82445178,-87.7043028,1,1,0,Canvass,1888,KEDZIE,259.8428,368.2052,381.3942,3555.627,2,64.15%,35.85%,2530
168,167,1385684,6294,Risk 2 (Medium),60651,41.90625887,-87.72635348,0,1,0,Canvass Re-Inspection,1914,GRAND,884.9768,524.452,143.5298,1686.3865,2,64.16%,35.84%,2531
5300,5299,1387388,2137407,Risk 1 (High),60628,41.69556547,-87.64262489,0,1,1,Canvass Re-Inspection,1951,HALSTED,239.8413,689.752,951.7945,2671.9914,2,64.16%,35.84%,2532
4509,4508,1464432,2042233,Risk 1 (High),60660,41.99708065,-87.66061649,0,1,0,Canvass Re-Inspection,1916,BROADWAY,603.7277,829.3597,193.8486,1680.4877,2,64.17%,35.83%,2533
1786,1785,1399329,1145075,Risk 1 (High),60625,41.97042959,-87.67908666,0,1,0,Canvass Re-Inspection,1930,DAMEN,464.514,415.331,422.5469,1702.2665,2,64.17%,35.83%,2534
1166,1165,1393309,46775,Risk 1 (High),60614,41.92193498,-87.64809462,0,1,0,Canvass Re-Inspection,2006,WEBSTER,462.4446,350.9285,292.7201,875.285,2,64.18%,35.82%,2535
1920,1919,1399284,1243703,Risk 1 (High),60625,41.96845589,-87.69445044,0,1,0,Canvass Re-Inspection,1920,LAWRENCE,643.5032,693.4006,102.9406,1334.7208,2,64.19%,35.81%,2536
6974,6973,1467358,2308786,Risk 1 (High),60607,41.88343796,-87.64872378,0,0,0,License Re-Inspection,2006,GREEN,631.6245,426.2303,342.3059,1300.1429,2,64.20%,35.80%,2537
4680,4679,1401237,2068788,Risk 1 (High),60608,41.85187843,-87.6892473,0,1,0,Complaint Re-Inspection,1987,CERMAK,943.4594,511.8557,669.5905,1852.3173,2,64.21%,35.79%,2538
1968,1967,1441521,1272426,Risk 1 (High),60657,41.93704235,-87.64814829,1,1,0,Canvass,1985,CLARK,389.6732,381.1907,314.5353,1189.7528,2,64.21%,35.79%,2539
2792,2791,1439474,1646958,Risk 1 (High),60611,41.89341762,-87.62583409,1,1,0,Canvass Re-Inspection,2005,ONTARIO,243.6874,873.835,507.2079,1684.5605,2,64.22%,35.78%,2540
5255,5254,1493491,2134087,Risk 1 (High),60623,41.83678252,-87.72369457,0,1,0,Canvass Re-Inspection,1961,31ST,198.3831,312.0772,760.8994,2170.0176,2,64.22%,35.78%,2541
3791,3790,1473794,1932220,Risk 1 (High),60613,41.9523159,-87.66914564,0,1,0,Canvass Re-Inspection,1921,ASHLAND,566.0367,825.439,268.4334,1999.5039,2,64.23%,35.77%,2542
4331,4330,1482207,2013391,Risk 1 (High),60640,41.98327949,-87.66856311,0,1,0,Canvass Re-Inspection,1912,CLARK,227.9867,907.7212,360.2629,1990.9522,2,64.24%,35.76%,2543
1175,1174,1502060,47165,Risk 1 (High),60613,41.94849442,-87.66904694,1,1,0,Canvass,1936,ASHLAND,435.3898,199.4497,420.3401,1958.9375,2,64.25%,35.75%,2544
11,10,1496651,257,Risk 1 (High),60614,41.91844534,-87.63800743,1,1,0,Canvass,2006,ARMITAGE,1127.5797,546.6578,46.6686,784.2636,2,64.25%,35.75%,2545
6018,6017,1496397,2232347,Risk 2 (Medium),60647,41.91031369,-87.69854907,1,1,0,Canvass,1997,NORTH,236.2782,557.3029,215.8961,411.1592,2,64.25%,35.75%,2546
6029,6028,1395929,2232454,Risk 1 (High),60640,41.98246114,-87.66839935,0,1,0,Canvass Re-Inspection,1919,CLARK,733.1305,832.3537,342.2059,1870.9222,2,64.27%,35.73%,2547
2789,2788,1464652,1646580,Risk 1 (High),60660,41.98355943,-87.65738202,1,1,0,Canvass,1942,BRYN,390.6704,588.3638,291.1587,1479.5985,2,64.27%,35.73%,2548
1309,1308,1434630,56981,Risk 1 (High),60614,41.92866902,-87.6737792,0,1,0,Canvass Re-Inspection,1995,CLYBOURN,59.5794,1032.9587,690.3503,1137.0464,2,64.27%,35.73%,2549
5078,5077,1199529,2115137,Risk 2 (Medium),60661,41.87695338,-87.64706346,0,1,1,Canvass Re-Inspection,1909,Halsted,660.2381,264.8396,566.6502,1368.2726,2,64.28%,35.72%,2550
6720,6719,1385527,2294462,Risk 2 (Medium),60651,41.89460678,-87.77483419,0,1,0,License Re-Inspection,1914,CHICAGO,436.7048,262.2707,926.11,2133.2294,2,64.28%,35.72%,2551
6276,6275,1385804,2262294,Risk 1 (High),60639,41.90942295,-87.77073265,1,1,0,Complaint,1924,NORTH,460.1289,592.8887,87.3616,817.6551,2,64.28%,35.72%,2552
5254,5253,1497050,2134086,Risk 1 (High),60647,41.92471073,-87.69607158,1,1,0,Canvass Re-Inspection,1911,FULLERTON,204.7436,496.9978,202.8894,2058.6976,2,64.28%,35.72%,2553
7175,7174,1464253,2320941,Risk 1 (High),60626,42.00678208,-87.6735975,0,1,0,License Re-Inspection,1921,CLARK,365.4142,574.8365,330.5609,1526.8109,2,64.29%,35.71%,2554
4048,4047,1501644,1974488,Risk 1 (High),60625,41.96838315,-87.70381873,1,1,0,Canvass,1932,LAWRENCE,642.3589,951.6491,477.2853,1428.9225,2,64.29%,35.71%,2555
4585,4584,1497091,2054898,Risk 1 (High),60616,41.85478378,-87.63273281,1,1,0,Canvass,2006,WELLS,148.992,402.4659,448.6843,1924.7698,2,64.30%,35.70%,2556
6511,6510,1494055,2283505,Risk 1 (High),60616,41.85352288,-87.63526698,0,1,0,Canvass Re-Inspection,1998,CHINA,272.523,269.6492,443.9941,2078.2656,2,64.31%,35.69%,2557
4955,4954,1467493,2099242,Risk 1 (High),60607,41.88667745,-87.64860981,1,1,0,Canvass Re-Inspection,2008,FULTON,297.2147,751.4838,373.5516,1268.5707,2,64.32%,35.68%,2558
2089,2088,1491000,1332927,Risk 2 (Medium),60608,41.85212453,-87.68728216,0,1,0,Complaint Re-Inspection,1979,CERMAK,226.8041,446.7254,377.7991,1706.3806,2,64.33%,35.67%,2559
3768,3767,1497874,1927076,Risk 1 (High),60647,41.92501633,-87.6870333,1,1,0,Canvass,1917,FULLERTON,317.5153,374.8488,234.6001,2119.8521,2,64.33%,35.67%,2560
7659,7658,1464512,2358669,Risk 1 (High),60626,42.00568707,-87.66080018,0,1,0,License Re-Inspection,1926,SHERIDAN,386.1018,409.9498,376.798,1686.1189,2,64.33%,35.67%,2561
5608,5607,1502030,2163786,Risk 1 (High),60625,41.96588385,-87.68660116,1,1,0,Canvass,1929,LINCOLN,339.0267,277.853,452.0151,1761.9215,2,64.34%,35.66%,2562
5326,5325,1473439,2138159,Risk 1 (High),60640,41.97318601,-87.6681921,0,1,0,Canvass Re-Inspection,1908,CLARK,922.4042,319.0356,139.063,2011.6434,2,64.34%,35.66%,2563
3384,3383,1418503,1846465,Risk 2 (Medium),60626,42.00907282,-87.67383223,1,1,0,Canvass Re-Inspection,1938,CLARK,1265.8967,858.555,251.9805,1094.9668,2,64.34%,35.66%,2564
6514,6513,1508209,2283546,Risk 1 (High),60637,41.79431656,-87.61897924,1,1,0,Canvass,1913,GARFIELD,296.2002,448.8002,543.4078,4715.9427,2,64.36%,35.64%,2565
2262,2261,1501570,1445451,Risk 1 (High),60625,41.96848269,-87.69140891,1,1,0,Canvass,1987,LAWRENCE,788.4819,505.3084,595.7792,672.7117,2,64.37%,35.63%,2566
7085,7084,1402012,2314398,Risk 2 (Medium),60619,41.72575134,-87.60442033,0,1,0,License Re-Inspection,1992,COTTAGE,232.1723,530.5126,443.709,3822.5508,2,64.37%,35.63%,2567
5008,5007,1515377,2108759,Risk 1 (High),60625,41.96672764,-87.71345994,1,1,0,Canvass,1915,KIMBALL,151.3197,452.6114,530.6392,1767.9638,2,64.37%,35.63%,2568
7641,7640,1497280,2355372,Risk 1 (High),60616,41.85273709,-87.63236961,0,1,1,License Re-Inspection,1927,CERMAK,884.9285,168.336,586.0891,1495.363,2,64.37%,35.63%,2569
5495,5494,1501643,2153102,Risk 2 (Medium),60607,41.88668324,-87.64808832,1,1,0,Short Form Complaint,2008,FULTON,582.8756,705.8089,380.3158,1315.9935,2,64.37%,35.63%,2570
6080,6079,1441509,2240624,Risk 2 (Medium),60657,41.93775888,-87.66844527,1,1,0,Canvass,1988,ASHLAND,1332.0047,739.1398,312.5279,919.7455,2,64.38%,35.62%,2571
2688,2687,1464597,1595947,Risk 1 (High),60626,42.00073293,-87.67166629,1,1,0,Canvass,1927,CLARK,170.872,611.2144,389.6938,1578.91,2,64.38%,35.62%,2572
3571,3570,1512230,1891873,Risk 1 (High),60632,41.8024753,-87.7232826,1,1,0,Canvass,1963,PULASKI,40.9812,919.7117,841.0149,2562.7007,2,64.39%,35.61%,2573
5374,5373,1199501,2142446,Risk 1 (High),60661,41.8845434,-87.64233139,0,1,1,Canvass Re-Inspection,1892,RANDOLPH,152.1934,647.5102,681.4472,1836.0443,2,64.40%,35.60%,2574
7805,7804,1512271,2368174,Risk 1 (High),60625,41.96667123,-87.71345815,0,1,0,License Re-Inspection,1915,KIMBALL,372.5448,456.436,525.6827,1782.2665,2,64.40%,35.60%,2575
3963,3962,1395403,1960260,Risk 2 (Medium),60614,41.92498939,-87.67215167,0,1,0,Complaint Re-Inspection,1957,FULLERTON,442.4116,727.6166,574.479,1914.5777,2,64.42%,35.58%,2576
1734,1733,1493232,1124035,Risk 2 (Medium),60643,41.70390088,-87.6813965,0,1,0,Canvass Re-Inspection,2005,WESTERN,668.5997,1143.7838,1974.5796,4570.3226,2,64.42%,35.58%,2577
791,790,1473736,32536,Risk 2 (Medium),60618,41.95382542,-87.70563414,1,1,0,Short Form Complaint,1910,IRVING,670.6964,583.849,523.1612,2118.1876,2,64.42%,35.58%,2578
4607,4606,1228472,2059664,Risk 1 (High),60605,41.86160397,-87.62713258,0,1,1,Complaint Re-Inspection,1894,STATE,927.8175,482.173,129.7414,1607.667,2,64.43%,35.57%,2579
308,307,1459775,12312,Risk 1 (High),60640,41.96710196,-87.65494579,1,1,0,Canvass Re-Inspection,1930,SHERIDAN,413.0836,514.0636,71.5133,1710.1089,2,64.43%,35.57%,2580
2002,2001,1496284,1276082,Risk 1 (High),60625,41.96490236,-87.68627917,0,1,0,Canvass Re-Inspection,1924,LINCOLN,284.1536,315.8081,619.0007,2102.9522,2,64.43%,35.57%,2581
6865,6864,1395646,2304460,Risk 1 (High),60614,41.9165503,-87.65716548,0,1,0,License,1939,CLYBOURN,323.232,689.4941,83.2272,1982.1594,2,64.45%,35.55%,2582
2379,2378,1199497,1488939,Risk 1 (High),60661,41.88691135,-87.64586376,0,1,0,Suspected Food Poisoning Re-inspection,2005,FULTON,332.1421,462.9305,501.6843,1592.2827,2,64.48%,35.52%,2583
5410,5409,1459961,2146638,Risk 2 (Medium),60649,41.75925774,-87.58560214,0,1,1,Complaint Re-Inspection,1963,STONY,622.8882,779.9713,538.1828,2194.9077,2,64.49%,35.51%,2584
4474,4473,1512664,2033051,Risk 1 (High),60614,41.92521233,-87.67192543,1,1,0,Canvass,1957,FULLERTON,474.8729,690.2413,473.2348,1821.6693,2,64.49%,35.51%,2585
4215,4214,1434618,1997894,Risk 1 (High),60642,41.90754939,-87.67326871,1,1,0,Complaint Re-Inspection,1991,MILWAUKEE,102.086,314.1936,447.9559,1260.638,2,64.49%,35.51%,2586
2771,2770,1494061,1622867,Risk 1 (High),60616,41.85340917,-87.63341849,0,1,1,Canvass Re-Inspection,1912,ARCHER,1068.9717,204.6647,527.6937,1757.3587,2,64.49%,35.51%,2587
1070,1069,1395416,41894,Risk 1 (High),60614,41.92521233,-87.67192543,0,1,0,Canvass Re-Inspection,1957,FULLERTON,278.8104,690.2413,473.2348,1821.6693,2,64.51%,35.49%,2588
5743,5742,1512401,2185448,Risk 2 (Medium),60609,41.81522283,-87.66499166,1,0,0,Short Form Complaint,1989,ASHLAND,589.5715,604.3404,815.9713,2735.5177,2,64.51%,35.49%,2589
3559,3558,1501316,1887960,Risk 1 (High),60609,41.81532258,-87.66499445,1,1,0,Canvass,1989,4321,511.2559,602.9561,823.1111,2744.8226,2,64.53%,35.47%,2590
4057,4056,1401513,1975087,Risk 1 (High),60654,41.89613188,-87.63404147,0,1,0,Canvass Re-Inspection,1994,WELLS,298.4871,594.0675,415.4733,1788.1981,2,64.53%,35.47%,2591
6002,6001,1395612,2231924,Risk 1 (High),60618,41.95382334,-87.7060002,0,1,0,Canvass Re-Inspection,1915,IRVING,844.2279,611.4326,598.0188,2141.1606,2,64.53%,35.47%,2592
5362,5361,1447563,2141717,Risk 1 (High),60606,41.88387174,-87.63994016,1,1,1,Canvass,1913,CANAL,385.6181,872.4339,758.221,1575.453,2,64.54%,35.46%,2593
1796,1795,1401915,1145749,Risk 2 (Medium),60628,41.69247632,-87.62284192,0,1,1,Canvass Re-Inspection,1958,111TH,181.5375,411.2087,478.4478,2393.6181,2,64.54%,35.46%,2594
236,235,1107102,8531,Risk 1 (High),60640,41.9655623,-87.65326284,0,1,0,Canvass Re-Inspection,1929,WILSON,239.8717,638.5115,120.347,1844.6275,2,64.54%,35.46%,2595
4624,4623,1498188,2060521,Risk 1 (High),60625,41.96847046,-87.71733141,1,1,0,Canvass,1918,LAWRENCE,630.3573,561.0009,447.7541,1608.1742,2,64.54%,35.46%,2596
7064,7063,1497725,2314163,Risk 2 (Medium),60618,41.95393567,-87.71506439,0,1,0,License Re-Inspection,1901,IRVING,407.7389,563.8856,429.2114,2093.6311,2,64.54%,35.46%,2597
3953,3952,1501728,1959937,Risk 1 (High),60609,41.80544745,-87.66503169,1,1,1,Complaint,1889,ASHLAND,798.2572,521.7449,530.7004,2256.8401,2,64.56%,35.44%,2598
3329,3328,1199581,1823750,Risk 1 (High),60661,41.88575802,-87.64292192,1,1,0,Canvass,2005,JEFFERSON,243.1521,517.8863,560.7469,1738.5688,2,64.58%,35.42%,2599
3646,3645,1385657,1904037,Risk 2 (Medium),60639,41.91702447,-87.72905885,1,1,0,Canvass Re-Inspection,1910,ARMITAGE,142.29,484.1294,103.739,1697.5225,2,64.59%,35.41%,2600
3715,3714,1498113,1913925,Risk 2 (Medium),60614,41.93252954,-87.65379385,0,1,0,Canvass Re-Inspection,1981,DIVERSEY,451.6906,444.7634,332.1756,1384.0137,2,64.59%,35.41%,2601
6258,6257,1447551,2261699,Risk 1 (High),60606,41.88562909,-87.63558691,1,1,0,Canvass,1990,LAKE,731.8198,528.1843,416.4714,1995.2691,2,64.60%,35.40%,2602
5297,5296,1512622,2137310,Risk 1 (High),60642,41.90989553,-87.65277244,1,1,1,Complaint,1914,WEED,556.5824,856.9891,817.2862,1240.4832,2,64.61%,35.39%,2603
6454,6453,1464460,2278765,Risk 2 (Medium),60660,41.994477,-87.65757283,1,1,0,Canvass Re-Inspection,1949,GRANVILLE,800.3882,419.8846,791.7351,1974.79,2,64.63%,35.37%,2604
4873,4872,1482406,2089194,Risk 1 (High),60640,41.96497072,-87.66115881,1,1,0,Canvass,1929,MAGNOLIA,339.4582,397.6673,158.4818,1842.827,2,64.63%,35.37%,2605
5046,5045,1493590,2114195,Risk 1 (High),60618,41.93361409,-87.70732138,1,1,0,Canvass Re-Inspection,1923,KEDZIE,1068.9717,504.2286,311.0807,1858.4378,2,64.63%,35.37%,2606
3015,3014,1501707,1737593,Risk 1 (High),60625,41.96835084,-87.70801666,1,1,0,Canvass,1935,LAWRENCE,745.1308,709.8542,428.9272,1389.1038,2,64.64%,35.36%,2607
6856,6855,1410227,2304402,Risk 1 (High),60616,41.8552817,-87.63199264,1,1,0,Canvass,2006,WENTWORTH,200.0552,434.2769,348.8954,1921.1048,2,64.64%,35.36%,2608
6735,6734,1325195,2298490,Risk 1 (High),60647,41.9247696,-87.71216993,0,1,0,Canvass Re-Inspection,1909,FULLERTON,434.7541,463.9593,49.3915,1835.6796,2,64.65%,35.35%,2609
6096,6095,1490223,2241067,Risk 1 (High),60625,41.96881972,-87.6822915,1,1,0,Canvass Re-Inspection,1927,LAWRENCE,317.1559,776.6645,191.0467,1586.8879,2,64.65%,35.35%,2610
2193,2192,1453498,1381613,Risk 1 (High),60605,41.87279887,-87.62433781,1,1,1,Canvass,1927,MICHIGAN,671.5199,736.9434,914.9512,1848.9739,2,64.66%,35.34%,2611
2013,2012,1513071,1299537,Risk 1 (High),60610,41.89566277,-87.63722071,1,1,0,Canvass,2002,SUPERIOR,612.4666,442.3593,565.0299,1841.4597,2,64.69%,35.31%,2612
4786,4785,1447417,2079750,Risk 1 (High),60606,41.88309963,-87.63448944,0,1,0,Canvass Re-Inspection,2010,WASHINGTON,930.7003,352.7854,406.7254,1664.5146,2,64.69%,35.31%,2613
5733,5732,1447574,2185079,Risk 1 (High),60606,41.8830946,-87.63563266,1,1,1,Canvass,1901,WASHINGTON,347.7986,371.8356,525.5521,1691.9579,2,64.69%,35.31%,2614
35,34,1447348,1077,Risk 1 (High),60606,41.88561849,-87.63412236,0,1,1,Canvass Re-Inspection,1878,LAKE,831.2004,216.3364,327.9113,1951.7751,2,64.69%,35.31%,2615
2192,2191,1453499,1381608,Risk 1 (High),60605,41.87279887,-87.62433781,1,1,1,Canvass,1927,MICHIGAN,305.8521,736.9434,914.9512,1848.9739,2,64.70%,35.30%,2616
1864,1863,1490355,1196442,Risk 1 (High),60647,41.92500342,-87.68849232,0,1,0,Canvass Re-Inspection,1929,FULLERTON,218.3504,437.1824,329.4968,2082.0885,2,64.70%,35.30%,2617
1848,1847,1501839,1193623,Risk 1 (High),60625,41.96846504,-87.7178039,1,1,0,Canvass,1918,LAWRENCE,418.3902,668.0602,451.2314,1644.1694,2,64.70%,35.30%,2618
1756,1755,1453497,1141813,Risk 1 (High),60605,41.87279887,-87.62433781,1,1,1,Canvass,1927,MICHIGAN,168.7302,736.9434,914.9512,1848.9739,2,64.72%,35.28%,2619
3880,3879,1408267,1948112,Risk 1 (High),60647,41.92500993,-87.68770475,1,1,0,Canvass,1928,FULLERTON,263.2809,422.5994,306.7678,2094.6319,2,64.72%,35.28%,2620
4068,4067,1325074,1975927,Risk 1 (High),60647,41.91764973,-87.69145787,1,1,0,Short Form Complaint,1926,ARMITAGE,316.1136,669.4415,331.0904,2170.8845,2,64.72%,35.28%,2621
2242,2241,1496621,1442816,Risk 1 (High),60614,41.91167879,-87.6345798,0,1,0,Canvass Re-Inspection,2007,WELLS,446.9213,471.2759,366.0676,1388.657,2,64.73%,35.27%,2622
5777,5776,1401959,2189605,Risk 2 (Medium),60614,41.91800819,-87.65246197,0,1,1,Canvass Re-Inspection,1891,ARMITAGE,412.8674,373.3082,217.148,987.8454,2,64.73%,35.27%,2623
5526,5525,1498029,2156798,Risk 1 (High),60618,41.93937772,-87.6976759,1,1,0,Canvass,1971,CALIFORNIA,788.6794,504.4834,294.8412,957.5602,2,64.74%,35.26%,2624
1222,1221,1459361,50037,Risk 1 (High),60613,41.95090116,-87.64977184,1,1,0,Canvass,1972,HALSTED,1068.9717,492.8693,539.5371,1765.4221,2,64.74%,35.26%,2625
6526,6525,1501552,2283846,Risk 1 (High),60618,41.93439289,-87.71589989,1,1,0,Canvass,1910,MILWAUKEE,412.4359,402.4274,251.2485,1951.2461,2,64.75%,35.25%,2626
4877,4876,1513170,2089495,Risk 1 (High),60613,41.95023994,-87.66395803,1,1,0,Canvass,1923,SOUTHPORT,340.7933,578.5827,377.157,2360.8716,2,64.76%,35.24%,2627
5711,5710,1453638,2184219,Risk 1 (High),60605,41.86462304,-87.62423341,1,1,0,Complaint,2007,MICHIGAN,419.823,490.0969,413.4946,2041.5886,2,64.77%,35.23%,2628
1022,1021,1506241,39774,Risk 1 (High),60634,41.95263301,-87.79847599,1,1,0,Canvass,1937,IRVING,280.0002,1171.8822,1051.1622,1045.2261,2,64.79%,35.21%,2629
4366,4365,1493754,2017906,Risk 1 (High),60610,41.91126962,-87.63516784,0,1,0,Canvass Re-Inspection,2007,NORTH,821.0546,520.7043,362.4934,1411.6329,2,64.79%,35.21%,2630
3813,3812,1092923,1933808,Risk 1 (High),60657,41.93598926,-87.64440859,0,1,0,Complaint Re-Inspection,1942,BROADWAY,385.0402,231.2362,96.0519,2065.8907,2,64.79%,35.21%,2631
5137,5136,1490999,2124534,Risk 1 (High),60614,41.91167374,-87.63487362,0,1,0,Canvass Re-Inspection,2007,WELLS,474.6417,457.7541,410.0197,1460.1115,2,64.79%,35.21%,2632
4183,4182,1434474,1991580,Risk 1 (High),60618,41.93370712,-87.71523953,0,1,0,Canvass Re-Inspection,1912,MILWAUKEE,663.0646,443.3732,185.6873,1871.6242,2,64.80%,35.20%,2633
7508,7507,1385658,2349062,Risk 1 (High),60639,41.92451447,-87.73342834,0,1,0,License Re-Inspection,1905,FULLERTON,458.4127,464.9461,398.6048,2106.7868,2,64.80%,35.20%,2634
3282,3281,1496213,1820055,Risk 1 (High),60638,41.79355997,-87.80143106,1,1,0,Complaint,1986,HARLEM,641.9398,981.1307,1051.9769,1559.5377,2,64.82%,35.18%,2635
4804,4803,1473241,2083868,Risk 2 (Medium),60607,41.86481082,-87.64699486,0,1,0,Canvass Re-Inspection,2005,HALSTED,133.366,1027.9414,676.7138,2065.7061,2,64.83%,35.17%,2636
5971,5970,1385257,2222396,Risk 1 (High),60639,41.90974891,-87.72833212,0,1,0,Canvass Re-Inspection,1989,NORTH,605.1229,561.3917,274.5388,463.1328,2,64.84%,35.16%,2637
2872,2871,1501851,1676663,Risk 1 (High),60609,41.8107813,-87.6454403,1,1,1,Canvass,1887,HALSTED,389.196,1042.2921,347.4929,2328.0292,2,64.85%,35.15%,2638
5916,5915,1480366,2203390,Risk 2 (Medium),60623,41.85165324,-87.70540397,0,1,0,Canvass Re-Inspection,1984,Cermak,605.0618,355.5838,335.7195,1510.3386,2,64.85%,35.15%,2639
1447,1446,1501430,70224,Risk 1 (High),60611,41.89661584,-87.62473177,1,1,0,Canvass,2001,CHICAGO,264.3687,388.5453,331.9871,1783.3857,2,64.85%,35.15%,2640
6981,6980,1501559,2308867,Risk 1 (High),60641,41.9439367,-87.73155723,1,1,0,Canvass,1920,MILWAUKEE,642.6853,486.2555,257.3957,1495.8317,2,64.86%,35.14%,2641
7789,7788,1512864,2364192,Risk 2 (Medium),60640,41.96520578,-87.66351424,0,1,0,License,1931,wilson,657.3815,437.7917,270.0075,1991.4192,2,64.87%,35.13%,2642
2676,2675,1447539,1595394,Risk 1 (High),60606,41.88241091,-87.63717471,1,1,1,Canvass,1929,WACKER,89.1307,689.6392,715.3267,1362.7392,2,64.88%,35.12%,2643
1852,1851,1387739,1194056,Risk 1 (High),60619,41.72208615,-87.59493897,1,1,1,Canvass,2005,95TH,743.3869,485.5849,937.3878,2202.1304,2,64.89%,35.11%,2644
5316,5315,1107150,2137953,Risk 1 (High),60640,41.97986094,-87.67420413,0,1,0,Canvass Re-Inspection,1911,BALMORAL,237.8468,1124.9482,455.0061,2281.4362,2,64.89%,35.11%,2645
5113,5112,1385513,2120858,Risk 1 (High),60639,41.92434992,-87.74624359,0,1,0,Canvass Re-Inspection,1925,FULLERTON,220.2661,609.7507,687.4186,1886.2211,2,64.89%,35.11%,2646
4486,4485,1512265,2036615,Risk 1 (High),60641,41.94034702,-87.72707113,1,1,0,Canvass,1972,PULASKI,609.48,481.7909,481.427,806.8457,2,64.89%,35.11%,2647
6235,6234,1490302,2254328,Risk 1 (High),60632,41.82520512,-87.70433031,0,1,0,Canvass Re-Inspection,1892,KEDZIE,527.8683,457.3086,335.145,3662.1574,2,64.90%,35.10%,2648
6760,6759,1459277,2298932,Risk 3 (Low),60618,41.94474528,-87.7063143,0,1,0,License Re-Inspection,1915,ELSTON,806.5106,703.6194,488.2056,2206.8885,2,64.90%,35.10%,2649
2345,2344,1383438,1476348,Risk 1 (High),60607,41.86733048,-87.64211743,0,1,0,Canvass Re-Inspection,1964,ROOSEVELT,434.8232,1101.9362,703.0802,3010.6415,2,64.92%,35.08%,2650
4929,4928,1496865,2094585,Risk 1 (High),60618,41.93916145,-87.71280178,1,1,0,Complaint,1920,BELMONT,153.4596,700.2437,523.2263,2094.7342,2,64.93%,35.07%,2651
398,397,1490854,17234,Risk 1 (High),60647,41.91760789,-87.687264,0,1,0,Canvass Re-Inspection,1931,WESTERN,289.5005,376.4008,236.0108,2099.8341,2,64.93%,35.07%,2652
2123,2122,1513023,1351741,Risk 1 (High),60610,41.90880603,-87.63449021,1,1,1,Canvass,1891,WELLS,416.3037,806.3581,173.3808,1297.4095,2,64.93%,35.07%,2653
2162,2161,1473842,1358217,Risk 1 (High),60614,41.91360108,-87.64820898,0,1,0,Canvass Re-Inspection,1985,HALSTED,307.5816,334.359,430.5654,1792.8487,2,64.95%,35.05%,2654
117,116,1501476,3743,Risk 1 (High),60610,41.91086553,-87.64357279,1,1,0,Canvass,2004,LARRABEE,565.912,640.5494,172.8227,1173.4624,2,64.95%,35.05%,2655
5871,5870,1441555,2202156,Risk 1 (High),60657,41.93587013,-87.6444056,1,1,0,Canvass,1942,BROADWAY,489.121,221.3585,69.4586,2097.2482,2,64.96%,35.04%,2656
6759,6758,1459275,2298931,Risk 1 (High),60618,41.94474528,-87.7063143,0,1,0,License Re-Inspection,1915,ELSTON,205.4602,703.6194,488.2056,2206.8885,2,64.98%,35.02%,2657
2770,2769,1501817,1622713,Risk 1 (High),60613,41.96140069,-87.6749875,1,1,0,Canvass,1958,MONTROSE,1161.8621,451.6705,329.8571,1451.949,2,64.98%,35.02%,2658
1021,1020,1445257,39757,Risk 1 (High),60610,41.90902974,-87.63449666,0,1,0,Canvass Re-Inspection,2007,WELLS,243.3729,786.9595,202.9398,1274.0747,2,64.99%,35.01%,2659
2996,2995,1490367,1718018,Risk 1 (High),60601,41.88458837,-87.62327256,0,1,0,Canvass Re-Inspection,2006,RANDOLPH,357.3303,712.2394,377.8055,1894.7323,2,64.99%,35.01%,2660
496,495,1447215,22003,Risk 1 (High),60614,41.91377696,-87.64821309,0,1,0,Canvass Re-Inspection,1985,HALSTED,662.2321,349.0764,417.9624,1803.6017,2,64.99%,35.01%,2661
4755,4754,1447595,2074531,Risk 1 (High),60606,41.88541737,-87.63525649,1,1,0,Canvass,1990,FRANKLIN,915.629,441.1279,388.1625,2111.202,2,64.99%,35.01%,2662
4488,4487,1459839,2036917,Risk 2 (Medium),60642,41.91094876,-87.65315955,1,1,1,Canvass Re-Inspection,1906,NORTH,319.2766,607.5036,640.3168,1313.691,2,65.00%,35.00%,2663
4752,4751,1490662,2074467,Risk 1 (High),60632,41.79357839,-87.7067128,0,1,0,Canvass Re-Inspection,1941,55TH,316.1888,532.9662,563.4421,3222.5862,2,65.00%,35.00%,2664
3176,3175,1372511,1800448,Risk 1 (High),60601,41.88458837,-87.62327256,0,1,0,Canvass Re-Inspection,2006,RANDOLPH,208.4857,712.2394,377.8055,1894.7323,2,65.01%,34.99%,2665
1484,1483,1418460,75103,Risk 1 (High),60657,41.94537989,-87.65522014,0,1,0,Canvass Re-Inspection,1927,CLARK,423.7201,467.6102,149.4408,2261.1939,2,65.01%,34.99%,2666
7509,7508,1502081,2349064,Risk 1 (High),60618,41.95682071,-87.72395072,0,1,0,License Re-Inspection,1915,ELSTON,455.094,692.1022,237.3642,1580.2007,2,65.01%,34.99%,2667
3592,3591,1402045,1893474,Risk 1 (High),60618,41.95468501,-87.70818516,0,1,0,Canvass Re-Inspection,1926,KEDZIE,411.1496,616.1623,538.8185,1954.4597,2,65.03%,34.97%,2668
3127,3126,1325301,1769966,Risk 1 (High),60612,41.89038911,-87.70625305,1,1,0,Canvass,1956,KEDZIE,299.3941,731.1302,318.2491,1708.529,2,65.05%,34.95%,2669
4965,4964,1464590,2099660,Risk 1 (High),60626,42.00902868,-87.6618873,1,1,0,Canvass,1970,SHERIDAN,310.0878,397.8595,351.6149,945.1951,2,65.05%,34.95%,2670
5062,5061,1496554,2114738,Risk 2 (Medium),60601,41.88452436,-87.62776455,1,1,0,Complaint,2007,STATE,334.1665,454.2081,297.2844,1757.5288,2,65.05%,34.95%,2671
7403,7402,1490917,2340704,Risk 2 (Medium),60626,41.99988323,-87.6583313,0,0,0,License,1991,WINTHROP,93.5786,759.9959,1125.3398,1542.1939,2,65.05%,34.95%,2672
4405,4404,1493635,2026590,Risk 1 (High),60637,41.79518502,-87.58059777,1,1,1,Complaint,1949,SHORE,397.5796,452.8206,919.9325,2864.7121,2,65.06%,34.94%,2673
4244,4243,1395499,2002919,Risk 1 (High),60614,41.92131183,-87.65332859,0,1,0,Complaint Re-Inspection,2004,SHEFFIELD,398.578,308.8496,192.574,1024.3077,2,65.07%,34.93%,2674
4066,4065,1490590,1975736,Risk 1 (High),60610,41.90470532,-87.64065915,0,1,1,Canvass Re-Inspection,1886,CLYBOURN,735.2237,560.6026,449.154,1766.7879,2,65.09%,34.91%,2675
1201,1200,1496990,48819,Risk 1 (High),60649,41.75172337,-87.55869964,0,1,1,Canvass Re-Inspection,1989,2707,546.3757,362.5618,286.755,2016.4312,2,65.09%,34.91%,2676
3370,3369,1402163,1844410,Risk 1 (High),60617,41.72228503,-87.58107167,0,1,1,Complaint Re-Inspection,2007,95TH,525.938,1108.0546,1253.5405,2737.8524,2,65.10%,34.90%,2677
7030,7029,1434747,2313711,Risk 1 (High),60660,41.99516694,-87.67003399,0,1,0,License Re-Inspection,1945,CLARK,423.7201,583.4378,639.294,1834.2755,2,65.11%,34.89%,2678
7540,7539,1493676,2349670,Risk 2 (Medium),60618,41.9468234,-87.69353264,0,1,0,License Re-Inspection,1959,ADDISON,660.7851,1076.3007,699.1665,1745.1381,2,65.11%,34.89%,2679
692,691,1418469,28483,Risk 2 (Medium),60660,41.98967694,-87.67020682,1,0,0,Canvass Re-Inspection,1992,RIDGE,289.1809,712.6415,407.9444,637.3799,2,65.12%,34.88%,2680
4628,4627,1418538,2060730,Risk 1 (High),60659,41.98706947,-87.6897051,1,1,0,Canvass,1927,WESTERN,599.0333,614.1364,710.1515,2112.3022,2,65.12%,34.88%,2681
564,563,1494071,23242,Risk 1 (High),60657,41.94657696,-87.65618754,0,1,0,Canvass Re-Inspection,1934,CLARK,255.6606,571.2628,275.3073,2270.5745,2,65.13%,34.87%,2682
3469,3468,1491057,1874290,Risk 1 (High),60601,41.88458627,-87.63101045,0,1,1,Canvass Re-Inspection,1911,RANDOLPH,197.3581,689.9932,561.5061,1693.7912,2,65.13%,34.87%,2683
3224,3223,1496361,1803815,Risk 2 (Medium),60632,41.81230749,-87.70691863,1,1,0,Short Form Complaint,1967,ARCHER,1328.9677,574.078,265.667,2237.3659,2,65.13%,34.87%,2684
5187,5186,1502172,2129302,Risk 1 (High),60622,41.90570563,-87.66992733,1,1,0,Canvass,1968,MILWAUKEE,1024.0809,236.2028,41.2945,1565.043,2,65.15%,34.85%,2685
5648,5647,1497688,2177419,Risk 2 (Medium),60608,41.85217406,-87.68305154,0,1,1,Canvass Re-Inspection,1905,CERMAK,436.7495,384.7736,285.9466,1148.4294,2,65.16%,34.84%,2686
4951,4950,1453483,2099004,Risk 1 (High),60605,41.86607359,-87.62426767,1,1,0,Complaint,2005,MICHIGAN,227.7188,358.0006,346.1208,2117.8382,2,65.16%,34.84%,2687
656,655,1464389,26898,Risk 1 (High),60660,41.99551564,-87.66058139,1,1,0,Short Form Complaint,1940,BROADWAY,449.8329,672.8175,405.4089,1791.5621,2,65.16%,34.84%,2688
4777,4776,1107122,2079332,Risk 1 (High),60640,41.96529974,-87.6725923,0,1,0,Canvass Re-Inspection,1932,WILSON,623.0364,646.821,306.4091,1974.4911,2,65.16%,34.84%,2689
1986,1985,1480303,1273278,Risk 2 (Medium),60623,41.85200737,-87.69586997,0,1,0,Canvass Re-Inspection,1984,CERMAK,275.9244,396.7434,157.3935,1508.7316,2,65.16%,34.84%,2690
2321,2320,1515489,1473886,Risk 1 (High),60614,41.92508397,-87.66504399,1,1,0,Canvass,1930,FULLERTON,680.6601,261.1352,67.9915,2242.386,2,65.17%,34.83%,2691
2415,2414,1441253,1492853,Risk 1 (High),60657,41.93563186,-87.64439808,1,1,0,Short Form Complaint,1942,BROADWAY,145.3154,243.4532,74.9583,2161.397,2,65.18%,34.82%,2692
1327,1326,1493958,58149,Risk 1 (High),60643,41.68493757,-87.66112259,1,1,0,Complaint,1964,115TH,333.0512,888.8113,563.0116,4422.8621,2,65.18%,34.82%,2693
2495,2494,1152160,1519437,Risk 1 (High),60637,41.78936441,-87.5962627,1,1,0,Complaint,2004,WOODLAWN,178.2988,719.0345,1085.6135,4100.5156,2,65.18%,34.82%,2694
4136,4135,1497476,1985307,Risk 1 (High),60609,41.81698453,-87.63136456,1,1,0,Canvass,2008,WENTWORTH,241.5667,355.2384,590.5219,2730.5557,2,65.19%,34.81%,2695
1586,1585,1325363,86179,Risk 1 (High),60651,41.90576121,-87.71192018,1,1,0,Canvass,1909,HOMAN,188.8249,496.7928,380.0935,2583.2729,2,65.20%,34.80%,2696
7214,7213,1385334,2326691,Risk 2 (Medium),60639,41.92424928,-87.73709711,0,1,0,License Re-Inspection,1914,FULLERTON,1559.4816,510.5921,468.3075,2133.491,2,65.20%,34.80%,2697
5965,5964,1389407,2222297,Risk 1 (High),60651,41.89480803,-87.7572791,1,1,0,Short Form Complaint,1904,CHICAGO,274.4196,528.9329,202.1375,1980.0152,2,65.20%,34.80%,2698
2949,2948,1496663,1695816,Risk 2 (Medium),60622,41.89585612,-87.68664749,1,1,0,Short Form Complaint,1975,CHICAGO,420.4629,407.0322,540.5619,1875.8011,2,65.21%,34.79%,2699
5486,5485,1502015,2152828,Risk 1 (High),60618,41.9540501,-87.70472907,1,1,0,Canvass,1915,IRVING,274.7615,624.2521,372.2426,2090.4727,2,65.22%,34.78%,2700
4687,4686,1502092,2068944,Risk 1 (High),60625,41.96711477,-87.70857709,1,1,0,Canvass,1913,KEDZIE,272.8776,784.3219,159.316,1695.6615,2,65.24%,34.76%,2701
2015,2014,1467360,1299638,Risk 1 (High),60607,41.87695299,-87.63393972,1,1,1,Canvass Re-Inspection,1926,VAN,1191.0295,666.7264,595.68,1544.0605,2,65.25%,34.75%,2702
6384,6383,1512769,2270451,Risk 1 (High),60641,41.9597925,-87.72783184,1,1,0,Canvass,1900,ELSTON,98.1708,290.86,427.6735,2131.5386,2,65.26%,34.74%,2703
4025,4024,1512690,1969801,Risk 1 (High),60641,41.95966972,-87.72808734,1,1,0,Canvass,1900,ELSTON,397.6978,289.2029,472.219,2202.9832,2,65.29%,34.71%,2704
4940,4939,1447572,2098531,Risk 1 (High),60606,41.88513653,-87.6337665,0,1,0,Canvass Re-Inspection,1990,WELLS,257.8636,207.5197,242.4628,2047.676,2,65.29%,34.71%,2705
2327,2326,1512704,1474276,Risk 1 (High),60641,41.9596294,-87.72802874,1,1,0,Canvass,1900,N,311.8927,297.6689,459.5404,2187.9269,2,65.30%,34.70%,2706
6569,6568,1385768,2284887,Risk 2 (Medium),60644,41.87300938,-87.74554498,0,1,0,Complaint Re-Inspection,1928,HARRISON,899.9711,313.1878,490.9259,2276.4571,2,65.32%,34.68%,2707
7478,7477,1385522,2342057,Risk 1 (High),60651,41.90225164,-87.76587291,0,1,0,License Re-Inspection,1918,DIVISION,924.5808,285.9569,238.1433,1634.7648,2,65.32%,34.68%,2708
2360,2359,1467266,1478484,Risk 1 (High),60607,41.88450758,-87.64802321,0,1,1,Canvass Re-Inspection,1879,RANDOLPH,312.9706,523.9906,162.9544,1728.5736,2,65.33%,34.67%,2709
5175,5174,1473888,2125857,Risk 1 (High),60610,41.90415859,-87.63434276,0,1,0,Canvass Re-Inspection,1987,WELLS,1140.2631,366.8898,211.1517,1922.0671,2,65.33%,34.67%,2710
2383,2382,1512730,1489064,Risk 1 (High),60622,41.90322676,-87.68149122,1,1,1,Canvass,1884,DIVISION,529.6727,285.8291,337.9678,1243.9747,2,65.34%,34.66%,2711
4479,4478,1501567,2033210,Risk 2 (Medium),60654,41.88807428,-87.6349552,1,1,1,Canvass Re-Inspection,1933,Merchandise,431.9687,719.74,799.9669,1520.8607,2,65.34%,34.66%,2712
5423,5422,1501338,2147105,Risk 1 (High),60610,41.89523179,-87.6313589,0,1,0,Canvass Re-Inspection,2004,CLARK,301.6801,473.354,308.8397,1776.5468,2,65.34%,34.66%,2713
6491,6490,1385769,2279600,Risk 2 (Medium),60644,41.87414016,-87.74488983,0,1,0,Canvass Re-Inspection,1924,CICERO,363.6043,487.2899,398.2233,2220.5537,2,65.35%,34.65%,2714
2616,2615,1387610,1578473,Risk 1 (High),60619,41.72215179,-87.60520404,0,1,1,Canvass Re-Inspection,1921,95TH,206.7878,1095.4331,1003.2594,3952.4106,2,65.36%,34.64%,2715
1492,1491,1473788,75583,Risk 1 (High),60632,41.80061933,-87.7311427,0,1,0,Canvass Re-Inspection,1924,ARCHER,682.034,404.3147,534.2762,3292.0262,2,65.37%,34.63%,2716
2294,2293,1493962,1472843,Risk 1 (High),60639,41.90948219,-87.74869831,0,1,0,Canvass Re-Inspection,2006,NORTH,313.7977,499.7608,587.1904,401.4378,2,65.40%,34.60%,2717
3622,3621,1512339,1898798,Risk 1 (High),60607,41.88158371,-87.65240826,1,1,1,Canvass,1928,MADISON,924.5808,324.6723,257.4344,873.6114,2,65.40%,34.60%,2718
2001,2000,1401681,1275762,Risk 1 (High),60618,41.93615963,-87.71926218,0,1,0,Canvass Re-Inspection,1910,MILWAUKEE,904.5383,686.5902,234.5865,2085.6388,2,65.40%,34.60%,2719
6001,6000,1459506,2231918,Risk 1 (High),60657,41.94634047,-87.6559952,1,1,0,Complaint,1935,CLARK,420.4629,543.4407,198.219,2263.6839,2,65.41%,34.59%,2720
3989,3988,1493599,1964481,Risk 1 (High),60608,41.85214285,-87.68528174,1,1,0,Complaint,1990,CERMAK,1139.1736,506.5938,115.0763,1583.9892,2,65.41%,34.59%,2721
7333,7332,1441240,2333598,Risk 2 (Medium),60657,41.94183567,-87.65401882,0,1,0,License Re-Inspection,2009,SHEFFIELD,171.9226,298.3011,568.6516,1281.8161,2,65.44%,34.56%,2722
1019,1018,1473284,39705,Risk 1 (High),60618,41.96115263,-87.68853134,0,1,0,Canvass Re-Inspection,1912,WESTERN,61.6728,783.2589,345.2131,2318.1955,2,65.44%,34.56%,2723
2418,2417,1512426,1493350,Risk 1 (High),60620,41.75060829,-87.65359464,1,1,1,Canvass,1914,79TH,596.0805,467.8065,566.7718,2752.0911,2,65.45%,34.55%,2724
2022,2021,1515456,1300087,Risk 1 (High),60657,41.94416648,-87.66408481,1,1,0,Canvass,1936,SOUTHPORT,874.2932,341.9363,148.3172,2146.3428,2,65.46%,34.54%,2725
5883,5882,1325296,2202487,Risk 1 (High),60624,41.87987988,-87.72549471,1,1,0,Canvass,1974,PULASKI,735.6382,304.7037,242.3868,1281.5753,2,65.46%,34.54%,2726
5325,5324,1502070,2138152,Risk 1 (High),60632,41.800857,-87.72959311,1,1,0,Canvass,1926,ARCHER,435.3898,367.548,354.2608,3079.0177,2,65.47%,34.53%,2727
219,218,1307273,7813,Risk 1 (High),60629,41.78797636,-87.70325124,0,1,0,Canvass Re-Inspection,1952,KEDZIE,318.3551,315.0838,609.8404,3324.1154,2,65.47%,34.53%,2728
834,833,1464665,33554,Risk 1 (High),60660,41.99798522,-87.66910712,1,1,0,Canvass,1931,DEVON,423.4536,665.3147,335.9194,1858.6085,2,65.47%,34.53%,2729
2719,2718,1502079,1617795,Risk 1 (High),60615,41.79510794,-87.58467767,1,1,1,Canvass,1949,55TH,347.6622,372.2028,363.8041,2290.3293,2,65.48%,34.52%,2730
6063,6062,1325138,2234115,Risk 1 (High),60647,41.91756114,-87.70116991,1,1,0,Complaint,1974,ARMITAGE,662.2321,625.4643,275.8184,1267.7175,2,65.49%,34.51%,2731
5301,5300,1395903,2137433,Risk 2 (Medium),60610,41.9039437,-87.63582875,0,1,0,Complaint Re-Inspection,2004,DIVISION,242.6665,447.0804,483.8267,1893.4876,2,65.49%,34.51%,2732
2307,2306,1498090,1473491,Risk 2 (Medium),60622,41.89586332,-87.68619201,1,1,0,Canvass,1975,CHICAGO,315.2697,405.696,494.2954,1915.9387,2,65.49%,34.51%,2733
4120,4119,1459719,1980943,Risk 1 (High),60640,41.98309881,-87.66852394,0,1,0,Canvass Re-Inspection,1932,CLARK,852.0158,891.3829,345.5138,2007.4178,2,65.49%,34.51%,2734
1833,1832,1387550,1169578,Risk 1 (High),60619,41.73882204,-87.60503051,0,1,1,Complaint Re-Inspection,1958,COTTAGE,469.6165,373.6833,393.2866,2417.711,2,65.50%,34.50%,2735
6119,6118,1467255,2245723,Risk 1 (High),60607,41.86490383,-87.64605899,1,1,0,License Re-Inspection,2005,MAXWELL,801.2477,1027.9985,529.1236,2154.2711,2,65.52%,34.48%,2736
3527,3526,1441334,1883877,Risk 1 (High),60657,41.94619142,-87.6558743,1,1,0,Complaint,1935,CLARK,263.7546,523.3944,161.9365,2260.629,2,65.54%,34.46%,2737
5680,5679,1502065,2179926,Risk 1 (High),60609,41.81631698,-87.66530429,1,1,1,Canvass,1889,ASHLAND,1733.2353,723.0932,820.721,2846.9671,2,65.55%,34.45%,2738
2277,2276,1418576,1446810,Risk 1 (High),60659,41.98581391,-87.68966419,1,1,0,Canvass,1924,WESTERN,100.3956,781.8048,696.8545,2282.5275,2,65.55%,34.45%,2739
672,671,1515519,27794,Risk 1 (High),60614,41.92560222,-87.64918929,1,1,0,Canvass,1974,LINCOLN,78.1324,492.6609,51.6229,1617.7252,2,65.55%,34.45%,2740
752,751,1512555,30963,Risk 1 (High),60625,41.9682677,-87.71566699,1,1,0,Canvass,1930,LAWRENCE,1559.4816,311.365,241.2805,1533.9848,2,65.56%,34.44%,2741
3497,3496,1501208,1878832,Risk 1 (High),60647,41.93029546,-87.68581874,1,1,0,Canvass,1961,LOGAN,442.162,913.462,388.4677,1746.1324,2,65.57%,34.43%,2742
4572,4571,1497520,2050000,Risk 1 (High),60643,41.70647557,-87.66918699,1,1,1,Canvass,1931,103RD,525.938,169.7139,1053.3123,3258.3646,2,65.57%,34.43%,2743
4845,4844,1199553,2088000,Risk 2 (Medium),60614,41.9255191,-87.64907014,0,1,0,Canvass Re-Inspection,1974,LINCOLN,182.6293,519.9564,71.7361,1652.3913,2,65.57%,34.43%,2744
3448,3447,1385745,1869956,Risk 2 (Medium),60651,41.90189763,-87.77471061,1,1,0,Canvass Re-Inspection,1914,DIVISION,435.943,501.5806,958.2926,2514.1946,2,65.57%,34.43%,2745
7531,7530,1307581,2349496,Risk 1 (High),60629,41.77861705,-87.71835406,0,1,0,License Re-Inspection,1922,63RD,311.1141,679.0136,821.6922,4088.8741,2,65.58%,34.42%,2746
5851,5850,1459992,2197040,Risk 1 (High),60640,41.97874312,-87.66008181,1,1,1,Canvass Re-Inspection,1925,BROADWAY,282.9888,544.5418,701.2392,458.5676,2,65.58%,34.42%,2747
1700,1699,1512908,1119073,Risk 2 (Medium),60614,41.92279085,-87.65337746,0,1,0,Canvass Re-Inspection,2005,SHEFFIELD,567.8025,466.0622,369.5846,1370.8634,2,65.59%,34.41%,2748
7519,7518,1482304,2349215,Risk 2 (Medium),60626,42.01849499,-87.67578803,0,1,0,License,1901,CLARK,233.453,567.7912,581.8348,2522.3867,2,65.60%,34.40%,2749
5344,5343,1439221,2138493,Risk 1 (High),60611,41.89576985,-87.62562856,1,1,0,Canvass,2001,RUSH,725.4562,322.6392,246.4364,1947.5031,2,65.60%,34.40%,2750
6273,6272,1501358,2262252,Risk 1 (High),60618,41.95384422,-87.70243678,1,1,0,Canvass,1926,IRVING,475.5038,504.7326,226.4489,1865.5269,2,65.60%,34.40%,2751
3976,3975,1459458,1963860,Risk 1 (High),60649,41.75171043,-87.57646863,0,1,1,Canvass Re-Inspection,1950,79TH,573.6899,267.1154,430.2757,2927.5651,2,65.61%,34.39%,2752
766,765,1493868,31571,Risk 1 (High),60632,41.79850995,-87.72316542,0,1,0,Complaint,1957,PULASKI,2122.0236,719.8839,565.2373,2896.9136,2,65.61%,34.39%,2753
2351,2350,1491109,1477366,Risk 2 (Medium),60647,41.93049653,-87.70951132,1,1,0,Canvass Re-Inspection,1974,MILWAUKEE,967.7389,248.4248,323.1635,1172.5397,2,65.62%,34.38%,2754
2692,2691,1497523,1596613,Risk 1 (High),60609,41.81532986,-87.66528799,1,1,0,Canvass,2006,ASHLAND,419.3058,562.5613,816.4122,2749.0199,2,65.63%,34.37%,2755
7209,7208,1453452,2326523,Risk 1 (High),60605,41.86564878,-87.62396518,0,0,0,License,2006,MICHIGAN,162.7351,361.5904,367.8568,2283.9239,2,65.63%,34.37%,2756
1838,1837,1497530,1170990,Risk 1 (High),60609,41.81527156,-87.66528691,1,1,0,Canvass,2006,ASHLAND,195.6324,561.4849,817.0178,2743.8558,2,65.64%,34.36%,2757
6979,6978,1329750,2308832,Risk 1 (High),60639,41.91695429,-87.75331509,0,1,0,License Re-Inspection,1930,ARMITAGE,164.1943,636.6343,205.5289,1430.3545,2,65.65%,34.35%,2758
2650,2649,1372620,1593077,Risk 1 (High),60602,41.88331789,-87.63329669,0,1,1,Canvass Re-Inspection,1916,WASHINGTON,257.684,400.9799,342.7377,1505.946,2,65.65%,34.35%,2759
2573,2572,1459455,1573847,Risk 1 (High),60618,41.93948558,-87.70034094,0,1,1,Complaint Re-Inspection,1900,BELMONT,313.549,432.1062,577.3897,694.2645,2,65.65%,34.35%,2760
303,302,1515542,12199,Risk 1 (High),60647,41.9322054,-87.69767924,1,1,0,Complaint,1970,DIVERSEY,1154.5972,627.3169,220.8557,1265.4563,2,65.65%,34.35%,2761
514,513,1502177,22965,Risk 1 (High),60618,41.95383013,-87.70480536,1,1,0,Canvass,1925,IRVING,296.3917,561.6006,397.1532,2064.751,2,65.65%,34.35%,2762
3893,3892,1490331,1948592,Risk 1 (High),60618,41.94052992,-87.70019493,0,1,1,Canvass Re-Inspection,1900,ELSTON,306.7594,460.7474,584.9936,695.1486,2,65.66%,34.34%,2763
7,6,1515487,149,Risk 1 (High),60643,41.71201213,-87.68193541,1,1,0,Complaint,1962,WESTERN,337.4431,1501.7442,1612.898,5304.8934,2,65.66%,34.34%,2764
1531,1530,1402159,80065,Risk 1 (High),60618,41.94792705,-87.7105289,1,1,0,Short Form Complaint,1916,ELSTON,688.918,1194.1202,513.1106,2343.234,2,65.66%,34.34%,2765
6494,6493,1494024,2283101,Risk 2 (Medium),60618,41.93932519,-87.71746163,1,1,0,Short Form Complaint,1912,BELMONT,125.7242,289.4589,408.3787,2332.7221,2,65.67%,34.33%,2766
5591,5590,1497541,2163238,Risk 1 (High),60632,41.79880689,-87.72317475,1,1,0,Canvass,1957,PULASKI,138.102,695.323,598.8084,2875.6103,2,65.67%,34.33%,2767
4577,4576,1459259,2053915,Risk 1 (High),60622,41.89616593,-87.67598547,0,1,1,Canvass Re-Inspection,1912,WINCHESTER,21087.1053,268.7226,347.5195,1773.8953,2,65.68%,34.32%,2768
37,36,1482357,1187,Risk 1 (High),60640,41.97654173,-87.65265764,0,1,0,Canvass Re-Inspection,1960,FOSTER,725.4562,692.9738,680.254,2179.3378,2,65.68%,34.32%,2769
6262,6261,1199500,2261760,Risk 1 (High),60661,41.88452285,-87.64652058,1,1,0,Canvass,2003,RANDOLPH,428.1493,614.0012,386.1954,1901.1299,2,65.69%,34.31%,2770
2784,2783,1493929,1646166,Risk 1 (High),60620,41.7503027,-87.65957002,0,1,1,Canvass Re-Inspection,1919,1425,231.2805,274.0672,393.0823,2445.5299,2,65.69%,34.31%,2771
5745,5744,1496505,2188886,Risk 2 (Medium),60613,41.95417032,-87.66978811,0,1,0,Canvass Re-Inspection,1952,IRVING,946.0738,725.4442,298.7154,1883.4483,2,65.69%,34.31%,2772
4418,4417,1512311,2027074,Risk 1 (High),60641,41.96074476,-87.75400366,1,1,0,Canvass,1900,Montrose,1657.8912,531.6011,710.905,2306.9789,2,65.70%,34.30%,2773
1409,1408,1496387,66356,Risk 2 (Medium),60608,41.85214207,-87.68551826,0,1,0,Canvass Re-Inspection,1990,CERMAK,720.1954,502.2947,60.0914,1596.1243,2,65.71%,34.29%,2774
4506,4505,1498038,2042118,Risk 1 (High),60657,41.94312984,-87.64951169,1,1,0,Complaint,2006,HALSTED,601.1524,310.6148,277.4234,1148.2707,2,65.71%,34.29%,2775
437,436,1445221,19013,Risk 1 (High),60610,41.8972544,-87.63286836,1,1,1,Canvass Re-Inspection,1937,LA,303.3401,392.069,589.6881,1269.2153,2,65.71%,34.29%,2776
3626,3625,1473702,1899258,Risk 2 (Medium),60613,41.96152004,-87.66634371,1,1,0,Short Form Complaint,1995,MONTROSE,852.047,434.0225,623.6095,1407.8666,2,65.76%,34.24%,2777
1053,1052,1385248,40974,Risk 1 (High),60639,41.9094746,-87.76676192,0,1,0,Canvass Re-Inspection,1948,North,458.6592,842.3316,285.4511,1091.6886,2,65.77%,34.23%,2778
1674,1673,1501518,1092376,Risk 1 (High),60611,41.89583964,-87.62498814,1,1,0,Canvass,2001,SUPERIOR,539.6702,401.4273,273.0454,2035.4018,2,65.78%,34.22%,2779
4676,4675,1467322,2065469,Risk 1 (High),60607,41.86468822,-87.64574327,0,1,0,Suspected Food Poisoning Re-inspection,2005,MAXWELL,376.8023,998.9051,428.6902,2115.1415,2,65.79%,34.21%,2780
7316,7315,1494029,2333153,Risk 1 (High),60632,41.79850995,-87.72316542,0,1,0,License,1957,PULASKI,631.6245,719.8839,565.2373,2896.9136,2,65.79%,34.21%,2781
7420,7419,1385492,2341021,Risk 1 (High),60624,41.86621302,-87.71278165,0,1,0,License Re-Inspection,1987,ROOSEVELT,324.8702,294.8544,379.7075,1574.3178,2,65.80%,34.20%,2782
5106,5105,1515231,2120556,Risk 1 (High),60613,41.96151914,-87.66641968,1,1,0,Canvass,1995,MONTROSE,358.1716,422.427,626.1563,1404.7998,2,65.80%,34.20%,2783
3804,3803,1385445,1933100,Risk 2 (Medium),60639,41.90940466,-87.75476387,0,1,0,Complaint Re-Inspection,1966,NORTH,330.5953,101.7322,597.9854,1314.7692,2,65.80%,34.20%,2784
3979,3978,1497356,1964058,Risk 1 (High),60643,41.67761613,-87.66316026,1,1,0,Canvass,2009,119TH,440.8463,1023.9192,1688.9433,5095.9835,2,65.80%,34.20%,2785
1079,1078,1151935,42230,Risk 2 (Medium),60609,41.80054744,-87.68435498,0,1,1,Canvass Re-Inspection,1941,WESTERN,494.7688,417.6513,429.3681,1273.714,2,65.81%,34.19%,2786
7317,7316,1494034,2333154,Risk 1 (High),60632,41.79850995,-87.72316542,0,0,0,License,1957,PULASKI,512.8407,719.8839,565.2373,2896.9136,2,65.81%,34.19%,2787
1673,1672,1439603,1092373,Risk 1 (High),60611,41.89583964,-87.62498814,1,1,0,Canvass,2001,SUPERIOR,332.9089,401.4273,273.0454,2035.4018,2,65.81%,34.19%,2788
6337,6336,1408268,2263935,Risk 1 (High),60647,41.92852416,-87.68228466,1,1,0,Canvass,1987,ELSTON,384.1303,1050.8156,1015.5265,2098.3816,2,65.81%,34.19%,2789
1507,1506,1513025,77188,Risk 1 (High),60610,41.90875009,-87.63448855,1,1,1,Canvass,1904,WELLS,290.6762,811.7371,161.4402,1303.9643,2,65.81%,34.19%,2790
7762,7761,1513065,2363747,Risk 2 (Medium),60608,41.86649382,-87.68682968,0,1,0,License,1968,ROOSEVELT,277.5173,228.1173,549.0449,2512.3744,2,65.81%,34.19%,2791
6604,6603,1473716,2289529,Risk 1 (High),60613,41.94933813,-87.64969635,0,1,0,License Re-Inspection,1988,HALSTED,2136.2949,510.977,431.871,1724.1577,2,65.82%,34.18%,2792
6488,6487,1501277,2279559,Risk 1 (High),60613,41.961521,-87.66626754,1,1,0,Canvass,1995,MONTROSE,419.823,446.1381,622.8678,1411.0104,2,65.82%,34.18%,2793
504,503,1490875,22709,Risk 1 (High),60632,41.80771447,-87.72739891,1,1,0,Canvass Re-Inspection,1922,47TH,472.0547,427.9992,259.9943,3126.8755,2,65.82%,34.18%,2794
1668,1667,1501516,1091966,Risk 1 (High),60611,41.89583964,-87.62498814,1,1,0,Canvass,2001,SUPERIOR,171.6326,401.4273,273.0454,2035.4018,2,65.83%,34.17%,2795
2342,2341,1501825,1476021,Risk 1 (High),60625,41.96844525,-87.71941658,1,1,0,Canvass,1922,W,580.0128,778.6647,363.4603,1809.0205,2,65.83%,34.17%,2796
7395,7394,1385433,2340648,Risk 1 (High),60644,41.88859215,-87.75551402,0,1,0,License Re-Inspection,1936,LARAMIE,231.9387,458.7376,399.5593,1859.0953,2,65.83%,34.17%,2797
2293,2292,1512998,1471047,Risk 1 (High),60614,41.91312967,-87.6528173,1,1,0,Canvass,1989,CLYBOURN,143.1292,510.4089,259.2597,1729.9856,2,65.85%,34.15%,2798
1251,1250,1512930,51992,Risk 1 (High),60622,41.90052793,-87.68681613,1,1,1,Canvass,1904,WESTERN,457.9511,336.7548,445.5721,1083.4346,2,65.85%,34.15%,2799
5375,5374,1498002,2142460,Risk 1 (High),60613,41.94749614,-87.66417318,1,1,0,Canvass,1944,SOUTHPORT,338.1075,445.2668,308.2715,2246.2173,2,65.86%,34.14%,2800
4386,4385,1501637,2021600,Risk 1 (High),60603,41.87946216,-87.63244033,1,1,1,Complaint,1985,LA,190.2523,543.1362,751.2733,692.8863,2,65.86%,34.14%,2801
2863,2862,1155219,1675762,Risk 1 (High),60622,41.903047,-87.67911933,1,1,1,Complaint,1896,DIVISION,1411.5134,197.3895,243.3569,1135.9492,2,65.86%,34.14%,2802
4461,4460,1501916,2032557,Risk 1 (High),60623,41.85167409,-87.70378753,1,1,1,Canvass,1904,CERMAK,356.3511,288.7117,535.1127,1438.9432,2,65.88%,34.12%,2803
4704,4703,1501566,2069312,Risk 1 (High),60609,41.80925194,-87.66146924,1,1,1,Canvass,1949,BISHOP,349.7082,749.8601,657.6258,1597.4945,2,65.88%,34.12%,2804
1952,1951,1497532,1249521,Risk 2 (Medium),60641,41.95342091,-87.73799691,1,1,0,Short Form Complaint,1911,IRVING,353.3279,487.6177,788.8776,2468.3542,2,65.88%,34.12%,2805
1436,1435,1434773,69186,Risk 1 (High),60606,41.87853128,-87.63942746,0,1,1,Canvass Re-Inspection,1972,CANAL,134.6468,867.3054,844.0556,970.5025,2,65.89%,34.11%,2806
985,984,1496226,37910,Risk 1 (High),60647,41.93228085,-87.68819006,1,1,0,Complaint,1973,DIVERSEY,789.4431,576.5808,412.4127,1626.5448,2,65.89%,34.11%,2807
5417,5416,1385344,2146953,Risk 1 (High),60639,41.909951,-87.72961452,0,1,1,Canvass Re-Inspection,1908,NORTH,421.2475,550.4659,242.999,106.4376,2,65.90%,34.10%,2808
1232,1231,1325385,50600,Risk 2 (Medium),60624,41.86645727,-87.71066733,1,1,0,Short Form Complaint,2005,ROOSEVELT,305.8322,455.7175,418.8309,1303.7305,2,65.91%,34.09%,2809
7301,7300,1385358,2328517,Risk 2 (Medium),60651,41.89506187,-87.75431855,0,1,0,License Re-Inspection,1911,CHICAGO,791.7897,594.5046,228.9917,2157.1374,2,65.91%,34.09%,2810
6590,6589,1459643,2289051,Risk 1 (High),60640,41.96865068,-87.67885727,0,1,0,Canvass Re-Inspection,1954,LAWRENCE,385.8744,369.0726,440.9124,1830.0364,2,65.91%,34.09%,2811
7163,7162,1501499,2320714,Risk 2 (Medium),60601,41.88454011,-87.62430852,0,0,0,License,2006,MICHIGAN,694.6888,549.2041,221.7265,2028.2862,2,65.91%,34.09%,2812
5580,5579,1439227,2162506,Risk 1 (High),60611,41.89935174,-87.62198691,0,1,1,Canvass Re-Inspection,1990,DELAWARE,525.938,387.004,757.1235,590.2718,2,65.92%,34.08%,2813
6023,6022,1385713,2232379,Risk 2 (Medium),60651,41.90234975,-87.75658001,1,1,0,Short Form Complaint,1957,DIVISION,667.2815,521.6766,347.7362,1264.9371,2,65.92%,34.08%,2814
7262,7261,1498179,2327437,Risk 1 (High),60641,41.94614611,-87.72754094,1,1,0,Canvass,1913,PULASKI,550.1959,588.1387,396.6083,2181.1175,2,65.93%,34.07%,2815
1165,1164,1490942,46769,Risk 1 (High),60625,41.96511398,-87.70822196,1,1,0,Canvass,1915,KEDZIE,384.112,802.6221,129.9968,1877.1462,2,65.93%,34.07%,2816
1081,1080,1363237,42492,Risk 1 (High),60608,41.83107541,-87.68520272,0,1,0,Canvass Re-Inspection,1888,WESTERN,699.173,610.4811,157.6586,4069.8344,2,65.94%,34.06%,2817
1200,1199,1512850,48704,Risk 1 (High),60622,41.8995039,-87.67730119,1,1,1,Canvass,1917,DAMEN,151.2551,371.9038,265.3396,756.662,2,65.95%,34.05%,2818
5016,5015,1513028,2109246,Risk 1 (High),60608,41.85799123,-87.66099705,1,1,0,Canvass,1990,18TH,161.7937,472.5157,256.0248,2162.7007,2,65.96%,34.04%,2819
5581,5580,1496597,2162511,Risk 1 (High),60639,41.92418126,-87.75890768,0,1,0,Canvass Re-Inspection,1910,FULLERTON,143.0495,472.687,525.1232,2194.5207,2,65.96%,34.04%,2820
6006,6005,1391454,2232060,Risk 1 (High),60645,42.00846047,-87.69030355,0,1,0,Complaint Re-Inspection,1933,WESTERN,122.5261,432.9699,232.9257,1482.6297,2,65.96%,34.04%,2821
500,499,1325369,22641,Risk 1 (High),60651,41.89474835,-87.76505696,1,1,0,Canvass,1922,CHICAGO,2103.9052,236.9066,480.6763,2192.1308,2,65.96%,34.04%,2822
18,17,1512566,663,Risk 1 (High),60609,41.81437322,-87.66526255,1,1,1,Canvass,1899,ASHLAND,458.7931,622.0256,739.8066,2662.3443,2,65.97%,34.03%,2823
4367,4366,1387535,2017922,Risk 1 (High),60619,41.75108429,-87.61039129,0,1,1,Canvass Re-Inspection,1940,79TH,309.2608,385.0687,204.815,2523.2408,2,65.97%,34.03%,2824
5153,5152,1498100,2125008,Risk 2 (Medium),60603,41.88180696,-87.62954312,1,1,1,Canvass,1969,DEARBORN,131.9691,724.569,426.9265,670.129,2,65.97%,34.03%,2825
3144,3143,1501864,1772067,Risk 1 (High),60629,41.77902176,-87.70688981,1,1,0,Canvass,2006,63RD,1392.4545,389.4774,1046.6571,2987.6484,2,65.98%,34.02%,2826
3310,3309,1199582,1822500,Risk 1 (High),60654,41.89467474,-87.63464933,1,1,0,Canvass,1988,HURON,333.2163,678.9642,184.5946,2122.403,2,66.00%,34.00%,2827
7111,7110,1152059,2319731,Risk 1 (High),60636,41.77203127,-87.67356627,0,1,0,License Re-Inspection,2005,DAMEN,217.4338,525.8092,456.1769,2760.5411,2,66.00%,34.00%,2828
3708,3707,1512323,1909992,Risk 1 (High),60623,41.85191626,-87.70223603,1,1,1,Canvass,1899,CERMAK,250.3265,88.034,396.892,1447.063,2,66.00%,34.00%,2829
1255,1254,1501856,52170,Risk 1 (High),60625,41.96821956,-87.72008438,1,1,0,Canvass,1918,LAWRENCE,483.2578,699.6247,351.1706,1932.7393,2,66.01%,33.99%,2830
7246,7245,1501272,2327177,Risk 1 (High),60618,41.93931867,-87.71791184,1,1,0,Canvass,1915,BELMONT,326.4646,344.8962,341.0229,2310.0812,2,66.03%,33.97%,2831
266,265,1497690,9888,Risk 1 (High),60609,41.83019254,-87.68488448,1,1,0,Canvass,1908,WESTERN,79.7384,623.763,402.7878,3972.7371,2,66.04%,33.96%,2832
6739,6738,1473355,2298557,Risk 2 (Medium),60618,41.93221699,-87.68803328,0,1,0,Canvass Re-Inspection,1973,WESTERN,45.6617,583.0218,393.4918,1624.7993,2,66.04%,33.96%,2833
5602,5601,1482295,2163661,Risk 1 (High),60640,41.97630623,-87.65368519,0,1,0,Canvass Re-Inspection,1960,FOSTER,268.2737,632.1683,518.0887,2081.0768,2,66.04%,33.96%,2834
7190,7189,1464249,2321181,Risk 1 (High),60645,42.00853954,-87.69050051,0,1,0,License Re-Inspection,1933,LUNT,171.4964,451.274,219.0812,1490.8201,2,66.05%,33.95%,2835
1234,1233,1501983,50905,Risk 1 (High),60643,41.72114434,-87.67556517,1,1,0,Canvass,1963,95TH,173.7454,806.5409,394.9804,4001.8177,2,66.07%,33.93%,2836
5685,5684,1385313,2183417,Risk 2 (Medium),60639,41.90973039,-87.72969327,0,1,1,Canvass Re-Inspection,1913,North,1089.2479,536.8478,277.1261,128.9336,2,66.07%,33.93%,2837
3023,3022,1473743,1738754,Risk 1 (High),60622,41.90570957,-87.67039084,1,1,1,Canvass Re-Inspection,1873,MILWAUKEE,464.9839,186.9953,107.8894,1567.0979,2,66.08%,33.92%,2838
4074,4073,1464405,1979296,Risk 2 (Medium),60626,42.00035056,-87.66085542,0,1,0,Complaint Re-Inspection,2009,SHERIDAN,726.1261,220.6078,801.0553,1154.7753,2,66.08%,33.92%,2839
4500,4499,1482288,2037965,Risk 1 (High),60640,41.97596207,-87.67664451,0,1,0,Canvass Re-Inspection,1917,FOSTER,100.5082,817.0038,155.8053,2220.9452,2,66.09%,33.91%,2840
321,320,1497881,12630,Risk 1 (High),60613,41.9543993,-87.66911287,1,1,0,Canvass,1958,IRVING,790.3716,730.1737,287.0794,1881.6071,2,66.10%,33.90%,2841
5909,5908,1496297,2202954,Risk 1 (High),60639,41.92450769,-87.73398033,0,1,0,Canvass Re-Inspection,1926,FULLERTON,145.6687,401.4706,409.0501,2108.5846,2,66.11%,33.89%,2842
6933,6932,1497487,2308132,Risk 1 (High),60643,41.68961055,-87.66476887,1,1,0,Canvass,1956,VINCENNES,550.7933,645.5999,332.9617,4554.2361,2,66.11%,33.89%,2843
2240,2239,1473603,1442257,Risk 1 (High),60647,41.93045402,-87.68858025,1,1,0,Canvass Re-Inspection,1984,SCHUBERT,478.4402,736.7068,310.5011,1342.6937,2,66.11%,33.89%,2844
1107,1106,1496655,43676,Risk 2 (Medium),60625,41.96853157,-87.68684365,1,1,0,Canvass Re-Inspection,1997,LAWRENCE,340.1795,749.3088,542.7055,1011.5163,2,66.12%,33.88%,2845
1488,1487,1474103,75382,Risk 1 (High),60625,41.96535308,-87.70852523,0,1,0,Canvass Re-Inspection,1922,KEDZIE,429.8856,822.5402,169.8695,1840.7684,2,66.13%,33.87%,2846
4619,4618,1474013,2060219,Risk 1 (High),60654,41.89408272,-87.63548271,1,1,0,Canvass Re-Inspection,2010,ERIE,250.2791,615.5522,362.8167,1930.3825,2,66.14%,33.86%,2847
4743,4742,1498175,2074196,Risk 1 (High),60622,41.89615633,-87.66891473,1,1,1,Canvass,1894,CHICAGO,603.3665,271.5002,378.8757,1597.7625,2,66.15%,33.85%,2848
1113,1112,1512253,43932,Risk 1 (High),60632,41.81036869,-87.71053551,1,1,0,Canvass,1959,ARCHER,587.3171,495.5759,323.2859,2758.7621,2,66.16%,33.84%,2849
424,423,1512564,18271,Risk 1 (High),60632,41.80824905,-87.68938122,1,1,0,Canvass,1989,47TH,556.3636,413.7229,365.6693,2503.6024,2,66.17%,33.83%,2850
761,760,1092840,31223,Risk 1 (High),60657,41.94344291,-87.64951705,0,1,0,Canvass Re-Inspection,2006,HALSTED,286.5099,327.0943,256.152,1261.5081,2,66.17%,33.83%,2851
4429,4428,1512241,2027638,Risk 1 (High),60625,41.96504673,-87.70851378,1,1,0,Canvass,1922,KEDZIE,609.48,832.8468,161.7084,1863.0424,2,66.19%,33.81%,2852
7546,7545,1464571,2349865,Risk 1 (High),60626,41.9999953,-87.66084129,0,1,0,License Re-Inspection,2009,SHERIDAN,127.1087,238.4992,767.1759,1133.0325,2,66.20%,33.80%,2853
2753,2752,1395467,1620958,Risk 1 (High),60620,41.75050093,-87.66358992,0,1,1,Complaint Re-Inspection,1924,ASHLAND,1559.4816,291.487,315.6074,2421.0274,2,66.21%,33.79%,2854
7084,7083,1434423,2314367,Risk 2 (Medium),60614,41.92687005,-87.65054031,0,1,0,License,2006,LINCOLN,116.5703,431.8667,44.0897,1150.0344,2,66.21%,33.79%,2855
3324,3323,1493637,1823615,Risk 1 (High),60622,41.90326362,-87.67927827,0,1,1,Canvass Re-Inspection,1896,DIVISION,141.9549,215.5356,251.5276,1205.4195,2,66.21%,33.79%,2856
2525,2524,1497911,1544738,Risk 1 (High),60625,41.97580851,-87.71302648,1,1,0,Canvass,1917,FOSTER,430.6487,451.1577,536.3851,2278.0363,2,66.22%,33.78%,2857
2824,2823,1447372,1649263,Risk 1 (High),60606,41.87858156,-87.63857867,1,1,1,Canvass Re-Inspection,1972,RIVERSIDE,170.9378,1034.2818,771.5341,995.1693,2,66.22%,33.78%,2858
241,240,1501311,8741,Risk 1 (High),60623,41.85179054,-87.69562562,1,1,1,Canvass,1894,CERMAK,301.6801,395.2716,220.6556,1481.5801,2,66.23%,33.77%,2859
1538,1537,1493443,80542,Risk 1 (High),60622,41.90315615,-87.67242232,0,1,1,Canvass Re-Inspection,1884,DIVISION,168.2855,343.9878,246.7602,1533.0058,2,66.23%,33.77%,2860
5741,5740,1512975,2185433,Risk 1 (High),60602,41.88331715,-87.63291657,1,1,1,Canvass,1929,WASHINGTON,116.531,447.0445,356.0188,1446.3978,2,66.23%,33.77%,2861
1687,1686,1389408,1095025,Risk 2 (Medium),60651,41.90600597,-87.72572323,0,1,0,Canvass Re-Inspection,1942,GRAND,192.6335,602.6847,212.8072,1863.788,2,66.24%,33.76%,2862
7629,7628,1497051,2355002,Risk 2 (Medium),60609,41.83018726,-87.68517793,0,0,0,License,1908,WESTERN,555.9007,645.4704,357.0065,3998.7435,2,66.24%,33.76%,2863
7364,7363,1502204,2334320,Risk 1 (High),60625,41.97580512,-87.71326195,0,1,0,License,1917,FOSTER,520.5488,420.7944,536.2557,2289.5577,2,66.24%,33.76%,2864
2241,2240,1480253,1442277,Risk 1 (High),60623,41.85186556,-87.72202439,1,1,1,Canvass Re-Inspection,1908,OGDEN,560.5552,511.0112,472.0744,1155.7106,2,66.24%,33.76%,2865
7435,7434,1493830,2341077,Risk 2 (Medium),60622,41.89795569,-87.67696391,0,1,0,License Re-Inspection,2007,DAMEN,922.0593,255.1513,40.5385,1112.7513,2,66.26%,33.74%,2866
425,424,1480395,18272,Risk 1 (High),60623,41.83697598,-87.72420568,1,1,0,Canvass,1993,PULASKI,753.8543,328.4033,738.4391,2177.2964,2,66.26%,33.74%,2867
3022,3021,1497057,1738594,Risk 1 (High),60601,41.88670423,-87.62549637,1,1,1,Complaint,1928,WACKER,357.9072,363.2635,485.1329,1716.4902,2,66.27%,33.73%,2868
1158,1157,1473748,46344,Risk 1 (High),60641,41.95742942,-87.74757442,1,1,0,Short Form Complaint,1908,CICERO,240.1942,580.8868,226.758,1816.2125,2,66.28%,33.72%,2869
7118,7117,1296797,2319888,Risk 2 (Medium),60643,41.7135699,-87.68198572,0,1,0,License Re-Inspection,1961,WESTERN,882.8266,1513.4444,1549.2107,5462.7212,2,66.28%,33.72%,2870
5457,5456,1515477,2152257,Risk 1 (High),60643,41.72129868,-87.66447048,1,1,1,Canvass,1948,95TH,1068.9717,716.7548,677.1481,2607.8039,2,66.29%,33.71%,2871
652,651,1467333,26877,Risk 1 (High),60607,41.88449216,-87.64892804,0,1,0,Canvass Re-Inspection,2006,RANDOLPH,286.9504,434.4112,83.6862,1662.8165,2,66.31%,33.69%,2872
3536,3535,1424567,1884323,Risk 1 (High),60630,41.96833131,-87.72987051,1,1,0,Canvass,1930,LAWRENCE,228.641,883.7483,567.6739,1908.7854,2,66.36%,33.64%,2873
6924,6923,1497743,2308071,Risk 1 (High),60618,41.95395722,-87.71355988,1,1,0,Canvass,1928,IRVING,346.6538,319.3881,435.7221,2189.953,2,66.36%,33.64%,2874
1203,1202,1513177,48870,Risk 1 (High),60641,41.95365435,-87.73664589,1,1,0,Canvass,1926,IRVING,255.6754,405.1916,865.8495,2437.7943,2,66.38%,33.62%,2875
4726,4725,1325124,2069941,Risk 1 (High),60612,41.87408199,-87.66722276,1,1,0,Complaint,2009,HARRISON,114.9257,1603.105,1068.708,2574.9942,2,66.39%,33.61%,2876
4402,4401,1474160,2026455,Risk 1 (High),60622,41.90341001,-87.67029622,0,1,0,Canvass Re-Inspection,2006,DIVISION,506.9626,372.1573,279.6735,1476.7719,2,66.40%,33.60%,2877
4543,4542,1498123,2048510,Risk 1 (High),60622,41.91063613,-87.67487609,1,1,1,Canvass,1892,NORTH,654.1303,337.3612,249.8549,1347.383,2,66.40%,33.60%,2878
2814,2813,1512246,1648605,Risk 1 (High),60622,41.90287692,-87.69018293,1,1,1,Complaint,1889,DIVISION,457.9511,371.6382,323.6965,1358.8899,2,66.40%,33.60%,2879
2752,2751,1467562,1620903,Risk 2 (Medium),60607,41.86544307,-87.64520381,0,1,0,Canvass Re-Inspection,2005,UNION,380.0637,1054.5067,488.2045,2387.7078,2,66.40%,33.60%,2880
2452,2451,1513182,1496245,Risk 1 (High),60632,41.81643747,-87.72631748,1,1,0,Canvass,1959,ANN,317.6393,880.1849,1157.0442,3530.7386,2,66.40%,33.60%,2881
212,211,1460052,7545,Risk 1 (High),60617,41.73684227,-87.58294663,0,1,1,Complaint Re-Inspection,1959,87TH,235.7845,430.4087,137.9807,2694.8426,2,66.41%,33.59%,2882
1225,1224,1502053,50122,Risk 1 (High),60609,41.81906467,-87.66507317,1,1,1,Canvass,1909,ASHLAND,265.1373,1558.2697,1368.5478,3242.3783,2,66.41%,33.59%,2883
4243,4242,1473475,2002822,Risk 1 (High),60625,41.96571902,-87.70853756,0,1,0,Canvass Re-Inspection,1932,KEDZIE,277.1367,786.4991,243.762,1814.6508,2,66.41%,33.59%,2884
1137,1136,1474152,44914,Risk 2 (Medium),60614,41.92670222,-87.6507307,0,1,0,Canvass Re-Inspection,2006,LINCOLN,132.9692,434.1375,42.3615,1218.0954,2,66.42%,33.58%,2885
1875,1874,1493725,1216154,Risk 1 (High),60639,41.92402594,-87.75410892,0,1,0,Canvass Re-Inspection,1928,FULLERTON,715.9465,466.6704,337.2152,1844.6786,2,66.42%,33.58%,2886
2884,2883,1501407,1677192,Risk 2 (Medium),60608,41.85029737,-87.67149278,0,1,0,Canvass Re-Inspection,2006,BLUE,473.8914,1049.6329,291.8465,1940.506,2,66.42%,33.58%,2887
6847,6846,1396177,2304280,Risk 1 (High),60625,41.96843263,-87.72063796,0,1,0,License Re-Inspection,1926,LAWRENCE,760.1826,658.3513,316.6671,1872.2719,2,66.43%,33.57%,2888
3484,3483,1325221,1874882,Risk 1 (High),60647,41.90987367,-87.7175329,1,1,0,Complaint,1894,NORTH,1576.2897,261.6111,266.7849,3125.3291,2,66.43%,33.57%,2889
3344,3343,1467441,1841298,Risk 1 (High),60607,41.88567203,-87.65336679,0,1,1,Canvass Re-Inspection,1896,LAKE,351.4934,255.9625,275.7908,1824.2574,2,66.43%,33.57%,2890
3902,3901,1385429,1953320,Risk 1 (High),60639,41.91697889,-87.75474306,0,1,0,Canvass Re-Inspection,1931,GRAND,224.3025,372.0242,221.8043,1696.6025,2,66.44%,33.56%,2891
4438,4437,1498201,2031570,Risk 1 (High),60641,41.94633265,-87.72754688,1,1,0,Canvass,1920,PULASKI,489.7273,605.9278,409.4814,2220.5661,2,66.44%,33.56%,2892
3474,3473,1441559,1874409,Risk 1 (High),60657,41.93456195,-87.66862107,1,1,0,Canvass,1985,ASHLAND,501.2034,439.453,332.0028,1704.2533,2,66.44%,33.56%,2893
4699,4698,1498172,2069161,Risk 1 (High),60625,41.96843555,-87.72040254,1,1,0,Canvass,1926,LAWRENCE,157.0686,685.1002,329.8497,1878.018,2,66.47%,33.53%,2894
7059,7058,1512494,2314105,Risk 1 (High),60618,41.95425693,-87.67941313,1,1,0,Canvass,1965,IRVING,579.8875,497.3143,551.8468,2062.1393,2,66.49%,33.51%,2895
2592,2591,1502068,1575600,Risk 1 (High),60625,41.96581008,-87.70824638,1,1,0,Canvass,1932,KEDZIE,212.3503,744.5021,222.7775,1827.8981,2,66.52%,33.48%,2896
4539,4538,1441563,2048183,Risk 1 (High),60657,41.94262488,-87.65300871,1,1,1,Canvass,1911,CLARK,114.9257,395.3753,500.094,1258.9934,2,66.52%,33.48%,2897
6157,6156,1434768,2246884,Risk 2 (Medium),60642,41.89638448,-87.65541112,0,1,0,Canvass Re-Inspection,2007,MILWAUKEE,399.2625,694.4235,424.8485,1912.1366,2,66.53%,33.47%,2898
1297,1296,1496211,55852,Risk 1 (High),60610,41.90504879,-87.63466866,0,1,1,Canvass Re-Inspection,1881,WELLS,104.5319,483.0469,278.64,2206.9454,2,66.54%,33.46%,2899
2810,2809,1501768,1648354,Risk 1 (High),60601,41.88651729,-87.62467769,1,1,1,Canvass,1929,MICHIGAN,274.8974,280.0427,474.9953,1798.0869,2,66.56%,33.44%,2900
6269,6268,1418474,2262052,Risk 1 (High),60660,41.99614919,-87.67583275,0,1,0,Canvass Re-Inspection,1972,RIDGE,218.9355,604.6914,797.5502,1866.234,2,66.57%,33.43%,2901
2181,2180,1493583,1380173,Risk 1 (High),60618,41.96108232,-87.72586745,1,1,0,Canvass Re-Inspection,1928,MONTROSE,334.5011,390.8617,113.9065,1643.8985,2,66.59%,33.41%,2902
4886,4885,1385436,2092973,Risk 1 (High),60639,41.92440234,-87.74231826,0,1,0,Canvass Re-Inspection,1925,FULLERTON,201.9885,639.1542,409.5356,2170.6544,2,66.59%,33.41%,2903
918,917,1513179,34933,Risk 1 (High),60642,41.89113972,-87.66211423,1,1,1,Canvass,1891,GRAND,21087.1053,274.6712,193.8367,2556.173,2,66.60%,33.40%,2904
4313,4312,1497718,2009151,Risk 2 (Medium),60617,41.74774921,-87.58603742,1,1,1,Short Form Complaint,1992,STONY,278.5099,531.1787,995.5433,2963.458,2,66.61%,33.39%,2905
758,757,1513123,31079,Risk 1 (High),60642,41.89118845,-87.6575687,1,1,1,Canvass,1894,GRAND,166.0038,270.8559,302.6476,1842.9254,2,66.62%,33.38%,2906
6379,6378,1482395,2270070,Risk 1 (High),60640,41.96895892,-87.67210281,1,1,0,Canvass,1968,LAWRENCE,525.938,676.5571,397.9911,1809.5092,2,66.64%,33.36%,2907
562,561,1372424,23172,Risk 1 (High),60601,41.88779017,-87.62127871,0,1,1,Canvass Re-Inspection,1980,WACKER,406.4517,901.0069,556.8041,877.3406,2,66.64%,33.36%,2908
2848,2847,1199670,1649699,Risk 1 (High),60661,41.88014436,-87.64099297,1,1,1,Canvass,1985,CLINTON,462.8367,979.5375,662.0857,711.0867,2,66.65%,33.35%,2909
6376,6375,1497950,2269908,Risk 1 (High),60625,41.96933589,-87.70835645,1,1,0,Canvass,1989,KEDZIE,369.7467,605.1798,665.6951,1219.1245,2,66.65%,33.35%,2910
1873,1872,1459722,1198093,Risk 1 (High),60618,41.96132305,-87.70443989,1,1,0,Complaint,1957,MONTROSE,1538.0328,710.4808,188.0561,1472.4882,2,66.66%,33.34%,2911
4519,4518,1502136,2042872,Risk 1 (High),60625,41.96840336,-87.72320711,1,1,0,Canvass,1924,LAWRENCE,764.9781,345.9527,192.817,1830.9177,2,66.66%,33.34%,2912
7203,7202,1418361,2326453,Risk 1 (High),60625,41.97047786,-87.70838612,0,1,0,License Re-Inspection,1991,KEDZIE,730.3653,416.2342,663.6545,1198.1982,2,66.67%,33.33%,2913
975,974,1512559,37708,Risk 1 (High),60622,41.89591621,-87.68313819,1,1,1,Canvass,1879,CHICAGO,253.8808,486.5165,255.9531,1715.9991,2,66.67%,33.33%,2914
2705,2704,1453664,1598117,Risk 1 (High),60604,41.8774504,-87.62592198,1,1,1,Canvass,1972,WABASH,420.4629,737.0597,845.0002,1447.992,2,66.68%,33.32%,2915
5192,5191,1441411,2129482,Risk 1 (High),60657,41.93368774,-87.64445413,0,1,0,Canvass Re-Inspection,2006,BROADWAY,328.0662,386.9697,438.7353,1809.6928,2,66.68%,33.32%,2916
2087,2086,1498084,1332914,Risk 1 (High),60618,41.94564214,-87.70764881,1,1,0,Canvass,1940,KEDZIE,691.3691,829.2522,486.1683,2250.7466,2,66.69%,33.31%,2917
7440,7439,1496652,2341107,Risk 2 (Medium),60610,41.90483115,-87.63502775,0,1,0,License,1997,SCOTT,333.7752,441.9291,297.9511,2222.6168,2,66.69%,33.31%,2918
2575,2574,1447524,1573968,Risk 1 (High),60606,41.87822324,-87.63424738,1,1,1,Canvass,1970,JACKSON,246.8337,692.4768,804.9868,1325.6043,2,66.70%,33.30%,2919
1577,1576,1439521,84585,Risk 1 (High),60611,41.89037214,-87.62518149,0,1,1,Canvass Re-Inspection,1963,RUSH,190.2409,727.5555,680.0506,1319.0271,2,66.70%,33.30%,2920
1512,1511,1453677,78219,Risk 1 (High),60605,41.86534538,-87.6259326,1,1,1,Canvass,1912,S,353.0783,213.229,173.0746,2025.9633,2,66.71%,33.29%,2921
590,589,1502141,24438,Risk 1 (High),60643,41.69404203,-87.68107899,1,1,0,Canvass,1957,WESTERN,1008.6656,324.0083,1109.4655,5447.6378,2,66.71%,33.29%,2922
3035,3034,1325371,1739898,Risk 1 (High),60644,41.87312341,-87.75495571,1,1,0,Canvass,1899,LARAMIE,525.938,256.1136,712.493,3463.7451,2,66.71%,33.29%,2923
4966,4965,1496222,2099722,Risk 1 (High),60615,41.80190189,-87.62192629,1,1,0,Complaint,2005,51ST,514.2309,375.7323,210.4577,3128.419,2,66.72%,33.28%,2924
6371,6370,1363226,2269750,Risk 1 (High),60707,41.92372832,-87.79277661,1,1,0,Complaint,1901,GRAND,403.1504,650.6953,661.1075,2351.1167,2,66.72%,33.28%,2925
1746,1745,1296961,1140493,Risk 2 (Medium),60643,41.69410157,-87.68108129,1,1,0,Short Form Complaint,1957,WESTERN,611.6925,314.099,1109.6481,5436.6093,2,66.72%,33.28%,2926
6193,6192,1092848,2252464,Risk 1 (High),60657,41.93353571,-87.64454293,0,1,0,Canvass Re-Inspection,2006,BROADWAY,270.3751,400.8321,410.3295,1785.5849,2,66.72%,33.28%,2927
3937,3936,1493937,1959149,Risk 1 (High),60616,41.8524332,-87.63185724,0,1,1,Canvass Re-Inspection,1972,WENTWORTH,140.8289,259.6428,620.4502,1377.419,2,66.73%,33.27%,2928
5347,5346,1324886,2138645,Risk 2 (Medium),60624,41.88086516,-87.72337597,0,1,0,Complaint Re-Inspection,1965,MADISON,566.6302,556.9717,51.8096,1659.3953,2,66.74%,33.26%,2929
2973,2972,1480265,1716434,Risk 1 (High),60623,41.85193447,-87.70113232,0,1,1,Canvass Re-Inspection,1909,CERMAK,725.4562,337.2015,360.3335,1468.4053,2,66.76%,33.24%,2930
6682,6681,1473583,2293865,Risk 1 (High),60632,41.81205449,-87.70733017,1,1,0,Canvass,1986,ARCHER,81.2128,536.6632,234.1831,2304.3058,2,66.76%,33.24%,2931
4708,4707,1372492,2069435,Risk 1 (High),60603,41.87988544,-87.62921159,1,1,1,Complaint,2003,DEARBORN,151.2964,641.9563,380.121,218.7321,2,66.77%,33.23%,2932
3913,3912,1155234,1953757,Risk 1 (High),60622,41.90331198,-87.67657337,0,1,1,Canvass Re-Inspection,1891,DIVISION,569.8585,304.073,235.8493,1525.4187,2,66.78%,33.22%,2933
3508,3507,1493944,1879351,Risk 1 (High),60616,41.85213019,-87.63185039,0,1,1,Canvass Re-Inspection,1974,WENTWORTH,583.0088,277.4295,579.3053,1322.8481,2,66.78%,33.22%,2934
4651,4650,1424624,2064591,Risk 1 (High),60630,41.96787847,-87.72786949,1,1,0,Canvass,1925,PULASKI,263.2809,1021.5352,397.8939,1974.3125,2,66.79%,33.21%,2935
1062,1061,1490387,41583,Risk 1 (High),60618,41.95189755,-87.716314,0,1,0,Canvass Re-Inspection,1959,ELSTON,643.1219,461.2745,465.4325,1724.7702,2,66.80%,33.20%,2936
6791,6790,1502007,2299372,Risk 1 (High),60641,41.96105046,-87.72830969,1,1,0,Canvass,1916,MONTROSE,248.7612,173.4136,407.8426,2292.3343,2,66.80%,33.20%,2937
3030,3029,1490778,1739359,Risk 1 (High),60614,41.93254842,-87.65269759,1,1,1,Canvass Re-Inspection,1906,DIVERSEY,434.3731,322.0735,173.738,1183.7587,2,66.80%,33.20%,2938
69,68,1383458,1918,Risk 1 (High),60601,41.88799989,-87.62256513,1,1,1,Canvass,1974,WACKER,666.8654,752.1489,517.4602,1009.5108,2,66.81%,33.19%,2939
6069,6068,1501664,2235054,Risk 1 (High),60652,41.74519176,-87.72162461,1,1,0,Canvass,1986,PULASKI,139.7827,144.2065,630.3259,3272.4291,2,66.81%,33.19%,2940
7024,7023,1496943,2313672,Risk 1 (High),60618,41.95189755,-87.716314,0,1,0,License Re-Inspection,1959,ELSTON,474.7213,461.2745,465.4325,1724.7702,2,66.82%,33.18%,2941
7261,7260,1307442,2327401,Risk 1 (High),60629,41.78613073,-87.70386322,0,1,0,License Re-Inspection,1967,59TH,315.9985,341.3746,357.1786,3175.3795,2,66.82%,33.18%,2942
7026,7025,1496946,2313674,Risk 3 (Low),60618,41.95189755,-87.716314,0,0,0,License Re-Inspection,1959,ELSTON,378.2368,461.2745,465.4325,1724.7702,2,66.83%,33.17%,2943
6859,6858,1496602,2304433,Risk 1 (High),60622,41.90955014,-87.67729271,0,1,0,License Re-Inspection,2006,DAMEN,1012.1963,319.2701,72.3787,1249.7248,2,66.83%,33.17%,2944
75,74,1383453,1937,Risk 1 (High),60601,41.88799989,-87.62256513,1,0,1,Canvass,1974,WACKER,444.5058,752.1489,517.4602,1009.5108,2,66.83%,33.17%,2945
76,75,1383457,1939,Risk 1 (High),60601,41.88799989,-87.62256513,1,1,1,Canvass,1974,WACKER,365.9335,752.1489,517.4602,1009.5108,2,66.84%,33.16%,2946
74,73,1383459,1932,Risk 1 (High),60601,41.88799989,-87.62256513,1,0,1,Canvass,1974,WACKER,364.1714,752.1489,517.4602,1009.5108,2,66.84%,33.16%,2947
2036,2035,1401551,1302284,Risk 1 (High),60649,41.7732929,-87.58644237,1,1,1,Recent Inspection,2005,STONY,697.4983,598.5523,453.3914,1894.1383,2,66.85%,33.15%,2948
7025,7024,1496944,2313673,Risk 3 (Low),60618,41.95189755,-87.716314,0,0,0,License Re-Inspection,1959,ELSTON,184.7697,461.2745,465.4325,1724.7702,2,66.85%,33.15%,2949
4241,4240,1199541,2002788,Risk 1 (High),60614,41.9251723,-87.65914706,1,1,0,Canvass,2007,FULLERTON,600.8169,529.7171,468.708,1774.5235,2,66.87%,33.13%,2950
5791,5790,1383452,2192834,Risk 1 (High),60601,41.88799989,-87.62256513,1,1,1,Canvass,1974,WACKER,103.37,752.1489,517.4602,1009.5108,2,66.87%,33.13%,2951
72,71,1383455,1928,Risk 1 (High),60601,41.88799989,-87.62256513,1,0,1,Canvass,1974,WACKER,42.1807,752.1489,517.4602,1009.5108,2,66.88%,33.12%,2952
4145,4144,1497517,1985665,Risk 1 (High),60613,41.95806946,-87.64965541,1,1,1,Canvass,1925,CLARENDON,2057.4046,595.8454,575.2654,1147.8523,2,66.88%,33.12%,2953
267,266,1434404,9890,Risk 1 (High),60652,41.74247144,-87.70234438,0,1,0,Canvass Re-Inspection,1954,KEDZIE,508.1591,700.1187,308.6201,3825.3418,2,66.89%,33.11%,2954
5140,5139,1497513,2124632,Risk 1 (High),60625,41.96814003,-87.727263,1,1,0,Canvass,1923,LAWRENCE,525.938,923.8093,284.4006,1943.8913,2,66.91%,33.09%,2955
6860,6859,1496604,2304434,Risk 3 (Low),60622,41.90955014,-87.67729271,0,0,0,License Re-Inspection,2006,DAMEN,268.9811,319.2701,72.3787,1249.7248,2,66.92%,33.08%,2956
2539,2538,1498154,1545738,Risk 1 (High),60647,41.92259747,-87.69709763,1,1,0,Canvass,1990,N,89.1307,610.8668,283.167,1416.4945,2,66.92%,33.08%,2957
4529,4528,1434566,2043395,Risk 1 (High),60616,41.83089084,-87.6272382,0,1,0,Canvass Re-Inspection,2008,35TH,232.6,1041.3491,41.1649,2530.8037,2,66.93%,33.07%,2958
4517,4516,1501666,2042857,Risk 1 (High),60609,41.80869852,-87.6662339,1,1,1,Canvass,1915,47TH,103.37,551.3604,577.3446,2497.3944,2,66.93%,33.07%,2959
4319,4318,1473902,2009543,Risk 1 (High),60608,41.83713295,-87.65097504,1,1,0,Canvass Re-Inspection,2008,Morgan,167.6467,308.487,377.6291,2612.849,2,66.94%,33.06%,2960
5835,5834,1408276,2196728,Risk 1 (High),60647,41.91197123,-87.67735194,1,1,0,Canvass,2007,DAMEN,1667.3771,291.8299,230.658,1461.0686,2,66.94%,33.06%,2961
5236,5235,1496756,2133722,Risk 1 (High),60618,41.93925593,-87.70226968,1,1,1,Complaint,1896,BELMONT,521.4371,488.9205,383.0869,963.6825,2,66.95%,33.05%,2962
3930,3929,1512724,1954838,Risk 1 (High),60654,41.894716,-87.63171614,1,1,1,Canvass,1926,HURON,224.0618,521.096,453.7356,1780.9605,2,66.97%,33.03%,2963
7784,7783,1512274,2364051,Risk 2 (Medium),60641,41.95347549,-87.73335423,0,1,0,License Re-Inspection,1918,IRVING,862.1928,703.5948,740.3847,2701.601,2,66.97%,33.03%,2964
4790,4789,1418369,2079949,Risk 1 (High),60659,41.99787636,-87.68776355,1,1,0,Recent Inspection,1932,DEVON,630.1235,457.7727,230.4077,1995.0351,2,66.98%,33.02%,2965
7290,7289,1459806,2328317,Risk 1 (High),60625,41.96817439,-87.7240634,0,1,0,License Re-Inspection,1923,LAWRENCE,864.3923,348.7384,102.2772,1849.8624,2,66.99%,33.01%,2966
7698,7697,1501699,2359404,Risk 1 (High),60641,41.94170177,-87.72789069,1,1,0,Complaint,1990,MILWAUKEE,145.5613,589.4998,275.3137,844.9401,2,66.99%,33.01%,2967
3631,3630,1512226,1902989,Risk 1 (High),60647,41.92104505,-87.71214152,1,1,1,Canvass,1905,KIMBALL,670.0936,363.4151,253.9088,696.223,2,66.99%,33.01%,2968
5129,5128,1325252,2121304,Risk 1 (High),60647,41.91065148,-87.70693516,1,1,0,Complaint,1984,KEDZIE,337.4431,509.0667,393.7829,1695.5898,2,66.99%,33.01%,2969
288,287,1482366,11136,Risk 2 (Medium),60640,41.97628306,-87.65514777,1,1,0,Canvass Re-Inspection,1977,SHERIDAN,354.1588,530.2787,384.414,1890.906,2,67.01%,32.99%,2970
4485,4484,1408286,2036431,Risk 2 (Medium),60647,41.92866979,-87.68792224,1,1,0,Short Form Complaint,2006,WESTERN,549.8487,546.5476,555.0895,1530.6986,2,67.01%,32.99%,2971
3161,3160,1434329,1798938,Risk 1 (High),60622,41.90332173,-87.67598197,1,1,1,Short Form Complaint,1894,DIVISION,381.0314,372.6306,312.9025,1631.5033,2,67.01%,32.99%,2972
5420,5419,1482247,2147033,Risk 1 (High),60640,41.98005946,-87.66844179,0,1,1,Canvass Re-Inspection,1920,CLARK,21087.1053,476.7247,512.9505,1546.9928,2,67.02%,32.98%,2973
6993,6992,1501428,2309067,Risk 1 (High),60618,41.94591211,-87.68808803,1,1,0,Canvass,1979,WESTERN,913.7065,330.891,456.051,1833.2692,2,67.03%,32.97%,2974
3841,3840,1434967,1938879,Risk 1 (High),60610,41.91097282,-87.64078558,1,1,1,Canvass Re-Inspection,1945,North,248.7612,594.1686,204.1592,837.8334,2,67.03%,32.97%,2975
983,982,1497820,37882,Risk 1 (High),60610,41.90153198,-87.63152607,0,1,1,Canvass Re-Inspection,1989,CLARK,332.8054,810.4101,666.8102,695.9031,2,67.04%,32.96%,2976
5183,5182,1401348,2129134,Risk 1 (High),60654,41.88909518,-87.63156942,0,1,1,Canvass Re-Inspection,2001,KINZIE,693.5271,274.0775,598.2133,539.7613,2,67.04%,32.96%,2977
1751,1750,1502153,1141370,Risk 1 (High),60652,41.75506193,-87.73222786,1,1,0,Canvass,1970,KOSTNER,296.3917,1448.7501,1980.2725,4974.1154,2,67.05%,32.95%,2978
445,444,1474048,19549,Risk 2 (Medium),60618,41.94596833,-87.68809,0,1,0,Canvass Re-Inspection,1979,WESTERN,357.8902,335.2066,466.7429,1829.4836,2,67.05%,32.95%,2979
3095,3094,1501270,1766641,Risk 1 (High),60632,41.79341484,-87.71629716,0,1,0,Canvass,1974,55TH,173.5827,563.8401,651.0207,3210.8466,2,67.06%,32.94%,2980
1471,1470,1501797,72439,Risk 1 (High),60622,41.89581862,-87.6760469,1,1,1,Canvass,1889,CHICAGO,67.8776,293.9611,351.5516,1865.5058,2,67.08%,32.92%,2981
1287,1286,1464554,55059,Risk 1 (High),60660,41.99079242,-87.67936519,1,1,0,Canvass,1988,PETERSON,1108.4967,889.0348,1119.8158,2117.1846,2,67.08%,32.92%,2982
7366,7365,1464523,2334438,Risk 1 (High),60626,42.01928855,-87.67505851,1,0,0,Canvass,1932,HOWARD,1485.0266,866.9617,844.0096,2734.3499,2,67.08%,32.92%,2983
7705,7704,1464529,2359507,Risk 1 (High),60645,42.01935226,-87.68218644,0,1,0,License Re-Inspection,1928,HOWARD,341.7244,271.9741,611.9284,2442.6405,2,67.09%,32.91%,2984
6216,6215,1418244,2253113,Risk 2 (Medium),60659,41.99258749,-87.68986215,1,1,0,Canvass Re-Inspection,1950,WESTERN,107.0656,500.3995,563.3494,2068.7665,2,67.11%,32.89%,2985
5341,5340,1441483,2138485,Risk 1 (High),60657,41.93999836,-87.65555382,1,1,1,Canvass,1895,BELMONT,257.53,256.8602,207.727,1450.8025,2,67.13%,32.87%,2986
1984,1983,1325329,1273275,Risk 2 (Medium),60624,41.86651663,-87.71938879,1,1,0,Short Form Complaint,1959,INDEPENDENCE,192.2775,254.3114,353.8444,2475.4343,2,67.14%,32.86%,2987
5385,5384,1490615,2142688,Risk 2 (Medium),60613,41.95794015,-87.64965206,0,1,1,Canvass Re-Inspection,1925,CLARENDON,247.7134,615.799,588.5934,1184.279,2,67.16%,32.84%,2988
3779,3778,1501791,1927481,Risk 1 (High),60618,41.93783217,-87.68559403,1,1,0,Canvass,1988,CLYBOURN,411.5771,1002.9124,250.9812,1491.5079,2,67.16%,32.84%,2989
4603,4602,1401744,2059453,Risk 1 (High),60643,41.69231136,-87.65526825,0,1,1,Canvass Re-Inspection,1951,111TH,289.6048,431.3993,797.5586,3373.6368,2,67.17%,32.83%,2990
5593,5592,1501292,2163481,Risk 1 (High),60625,41.96938326,-87.68878285,1,1,1,Complaint,1927,WESTERN,129.4587,769.5861,495.3521,400.0959,2,67.19%,32.81%,2991
1516,1515,1496288,78384,Risk 1 (High),60625,41.96846702,-87.69322013,0,1,0,Canvass Re-Inspection,1989,LAWRENCE,392.0042,591.2698,186.4458,1038.7358,2,67.19%,32.81%,2992
1949,1948,1385723,1249006,Risk 2 (Medium),60651,41.89497648,-87.76366054,0,1,0,Canvass Re-Inspection,1940,CHICAGO,360.993,485.6614,406.5409,2078.308,2,67.19%,32.81%,2993
246,245,1155257,9051,Risk 1 (High),60642,41.89091933,-87.66218858,1,1,0,Canvass,1973,GRAND,158.2486,284.1504,215.7335,2568.7737,2,67.21%,32.79%,2994
1117,1116,1435026,44033,Risk 2 (Medium),60632,41.79358148,-87.72331645,0,1,0,Complaint Re-Inspection,1969,PULASKI,43.987,532.2481,574.0889,3178.5349,2,67.22%,32.78%,2995
2529,2528,1424596,1544893,Risk 1 (High),60630,41.97229869,-87.72828866,1,1,0,Canvass,1944,PULASKI,165.2517,699.5111,569.353,1914.1331,2,67.23%,32.77%,2996
4286,4285,1464433,2008417,Risk 1 (High),60660,41.99607256,-87.67035563,0,1,0,Canvass Re-Inspection,1972,CLARK,71.1682,530.4891,580.2746,1902.8278,2,67.23%,32.77%,2997
3716,3715,1459369,1914060,Risk 1 (High),60622,41.91597457,-87.66962157,0,1,1,Canvass Re-Inspection,1891,CORTLAND,370.9673,526.858,457.6593,1895.9946,2,67.24%,32.76%,2998
3413,3412,1464357,1868273,Risk 1 (High),60626,42.01932964,-87.67950862,1,1,0,Complaint,1933,HOWARD,256.0024,539.4308,544.1137,2326.4522,2,67.25%,32.75%,2999
3864,3863,1502033,1943264,Risk 1 (High),60622,41.90988979,-87.67647758,1,1,1,Canvass,1907,MILWAUKEE,482.5188,280.8425,218.5787,1281.2744,2,67.26%,32.74%,3000
2149,2148,1490676,1356624,Risk 1 (High),60622,41.89622225,-87.66479278,0,1,1,Canvass Re-Inspection,1884,CHICAGO,725.4562,439.8698,140.24,1944.3906,2,67.28%,32.72%,3001
3272,3271,1501763,1817658,Risk 2 (Medium),60625,41.97584077,-87.71003835,1,1,0,Complaint,1929,FOSTER,64.2294,649.816,423.2964,2269.2534,2,67.28%,32.72%,3002
279,278,1387572,10604,Risk 1 (High),60619,41.75817409,-87.62199445,0,1,1,Canvass Re-Inspection,1921,75TH,1171.4411,369.2417,292.178,3275.3598,2,67.29%,32.71%,3003
197,196,1199583,7025,Risk 1 (High),60610,41.89544526,-87.63707141,1,1,1,Canvass,1927,SUPERIOR,469.0929,530.5972,536.24,1900.8137,2,67.29%,32.71%,3004
3542,3541,1447305,1885116,Risk 1 (High),60606,41.87856015,-87.63652387,0,1,1,Canvass Re-Inspection,1974,WACKER,466.6618,1059.1697,672.0239,1236.4,2,67.29%,32.71%,3005
4542,4541,1447313,2048386,Risk 1 (High),60606,41.87856015,-87.63652387,0,1,1,Canvass Re-Inspection,1974,WACKER,425.8442,1059.1697,672.0239,1236.4,2,67.30%,32.70%,3006
7247,7246,1385295,2327178,Risk 1 (High),60639,41.92416136,-87.76045394,0,1,0,License Re-Inspection,1910,FULLERTON,313.549,334.8602,220.4916,2281.2575,2,67.31%,32.69%,3007
7198,7197,1325354,2326401,Risk 2 (Medium),60644,41.88247658,-87.75529606,1,1,0,Canvass,1904,WASHINGTON,2602.8886,289.9689,66.9718,2789.7902,2,67.33%,32.67%,3008
4463,4462,1447580,2032716,Risk 1 (High),60606,41.88381277,-87.63402193,1,1,1,Canvass,1927,WELLS,924.5808,308.627,258.0899,1769.2119,2,67.34%,32.66%,3009
5868,5867,1501852,2202120,Risk 1 (High),60608,41.85777101,-87.67611957,1,1,1,Canvass,1879,18TH,980.242,539.2114,191.1434,2346.8899,2,67.34%,32.66%,3010
3217,3216,1447325,1803251,Risk 1 (High),60606,41.87856015,-87.63652387,0,1,1,Canvass Re-Inspection,1974,WACKER,57.1364,1059.1697,672.0239,1236.4,2,67.34%,32.66%,3011
4493,4492,1453482,2037188,Risk 1 (High),60607,41.86925517,-87.66006174,0,1,1,Canvass Re-Inspection,1888,TAYLOR,343.9915,418.6587,789.2378,2969.6963,2,67.35%,32.65%,3012
4525,4524,1482292,2043260,Risk 1 (High),60640,41.96390894,-87.63863625,0,1,0,Canvass Re-Inspection,2006,SIMONDS,656.0106,2013.6798,1908.278,3483.6008,2,67.36%,32.64%,3013
3936,3935,1447564,1959069,Risk 1 (High),60606,41.88076896,-87.63387497,1,1,1,Canvass,1973,MONROE,1559.4816,542.1828,435.4373,1091.8511,2,67.36%,32.64%,3014
6509,6508,1490779,2283419,Risk 1 (High),60632,41.80817609,-87.7082516,0,1,0,Canvass Re-Inspection,2006,47TH,1011.9787,328.317,485.8312,2480.0857,2,67.36%,32.64%,3015
1721,1720,1497534,1121856,Risk 1 (High),60632,41.81262899,-87.7063942,1,1,0,Canvass,2006,ARCHER,988.0859,593.718,250.2422,2163.3366,2,67.37%,32.63%,3016
3037,3036,1447534,1740135,Risk 1 (High),60606,41.88270035,-87.63663756,1,1,1,Canvass,1962,WACKER,427.2242,550.3573,657.9969,1486.9602,2,67.38%,32.62%,3017
6516,6515,1399266,2283626,Risk 1 (High),60625,41.96839043,-87.72444786,0,1,0,Canvass Re-Inspection,1925,LAWRENCE,524.9933,404.7196,39.0036,1843.3011,2,67.38%,32.62%,3018
3207,3206,1307598,1802466,Risk 1 (High),60629,41.78309273,-87.72303138,1,1,0,Short Form Complaint,1925,PULASKI,21087.1053,576.094,44.6163,4464.6012,2,67.42%,32.58%,3019
6194,6193,1501494,2252470,Risk 1 (High),60647,41.91729424,-87.70654529,1,1,0,Canvass,1999,ARMITAGE,74.7637,408.9676,299.0911,1362.4614,2,67.43%,32.57%,3020
410,409,1424599,17639,Risk 1 (High),60631,41.99898437,-87.78954195,1,1,0,Canvass,1915,MILWAUKEE,367.298,671.0632,1072.0311,2122.0267,2,67.43%,32.57%,3021
300,299,1480298,12125,Risk 1 (High),60623,41.85174848,-87.6985833,1,1,1,Canvass Re-Inspection,1918,CERMAK,576.1982,595.4739,268.2041,1416.499,2,67.43%,32.57%,3022
7067,7066,1399326,2314218,Risk 1 (High),60625,41.96844094,-87.69646085,0,1,0,License Re-Inspection,1987,LAWRENCE,530.7355,886.2568,438.3333,1409.2429,2,67.44%,32.56%,3023
5932,5931,1501431,2203621,Risk 1 (High),60615,41.80189344,-87.62247432,1,1,0,Canvass,2005,51ST,379.9269,440.8977,81.8373,3206.345,2,67.45%,32.55%,3024
1583,1582,1385733,85401,Risk 2 (Medium),60651,41.89489092,-87.74608042,0,1,0,Canvass Re-Inspection,1960,CHICAGO,249.4039,422.367,511.329,2118.5109,2,67.45%,32.55%,3025
838,837,1498081,33687,Risk 1 (High),60632,41.79875026,-87.72346641,1,1,0,Canvass,1987,PULASKI,346.1769,748.4177,618.11,2889.5349,2,67.46%,32.54%,3026
4272,4271,1501922,2004404,Risk 1 (High),60632,41.79901235,-87.72318127,1,1,0,Canvass,1987,PULASKI,346.254,664.7265,587.0218,2863.1753,2,67.47%,32.53%,3027
2472,2471,1497984,1515568,Risk 1 (High),60641,41.9388179,-87.73955587,1,1,0,Canvass,1926,BELMONT,117.1282,392.1122,637.1074,2635.3929,2,67.48%,32.52%,3028
2248,2247,1387725,1444085,Risk 1 (High),60619,41.73673589,-87.60641798,0,1,1,Complaint,1992,87TH,1127.4264,326.0102,659.3684,2744.2761,2,67.49%,32.51%,3029
7197,7196,1363249,2326354,Risk 1 (High),60707,41.92367998,-87.79876127,1,1,0,Canvass,1930,GRAND,58.4027,547.6968,741.412,2031.2631,2,67.49%,32.51%,3030
4005,4004,1482252,1968904,Risk 1 (High),60659,41.99761869,-87.68993948,0,1,0,Complaint Re-Inspection,1929,DEVON,684.8019,246.845,394.8209,2419.2638,2,67.49%,32.51%,3031
221,220,1459289,7868,Risk 1 (High),60622,41.89500137,-87.6771711,0,1,1,Canvass Re-Inspection,1891,DAMEN,806.5106,450.3004,346.9521,1977.6886,2,67.51%,32.49%,3032
7249,7248,1307499,2327206,Risk 1 (High),60636,41.77942124,-87.67424151,0,1,1,License Re-Inspection,1986,63RD,565.3952,343.1941,482.5662,1339.4928,2,67.52%,32.48%,3033
3663,3662,1439532,1905110,Risk 1 (High),60611,41.89071448,-87.62426987,0,1,1,Canvass Re-Inspection,1976,MICHIGAN,521.4371,900.022,553.817,1191.4419,2,67.52%,32.48%,3034
1847,1846,1418541,1193489,Risk 1 (High),60659,41.9903811,-87.6910996,1,1,0,Canvass,1954,PETERSON,505.6889,728.8027,389.029,1924.3428,2,67.52%,32.48%,3035
3187,3186,1512743,1800782,Risk 1 (High),60622,41.90331826,-87.67618208,1,1,1,Canvass,1904,DIVISION,1081.9136,346.2886,282.0804,1594.5303,2,67.53%,32.47%,3036
2422,2421,1482245,1493645,Risk 1 (High),60659,41.99753951,-87.69461506,1,1,0,Complaint,1959,DEVON,21087.1053,494.4871,319.9566,2482.5092,2,67.54%,32.46%,3037
670,669,1474072,27520,Risk 2 (Medium),60618,41.93973175,-87.71266538,0,1,0,Canvass Re-Inspection,1967,KIMBALL,471.0491,800.8344,568.4317,2071.2354,2,67.54%,32.46%,3038
3085,3084,1385613,1765740,Risk 1 (High),60639,41.90976453,-87.7433763,0,1,0,Canvass Re-Inspection,1980,NORTH,638.1009,869.0094,515.9229,1628.6378,2,67.55%,32.45%,3039
1316,1315,1501780,57300,Risk 1 (High),60654,41.89257276,-87.63100541,1,1,1,Complaint,1994,CLARK,334.6052,589.3849,741.3815,976.6959,2,67.58%,32.42%,3040
3390,3389,1497863,1846984,Risk 1 (High),60623,41.83692247,-87.71595347,1,1,0,Canvass,1998,31ST,137.8514,453.1873,540.4876,2371.9242,2,67.61%,32.39%,3041
5132,5131,1501858,2124405,Risk 1 (High),60641,41.95344087,-87.75455319,1,1,0,Canvass,1926,Irving,679.2744,875.9096,528.3539,2205.7192,2,67.62%,32.38%,3042
5657,5656,1490437,2177798,Risk 1 (High),60623,41.85177848,-87.69658766,0,1,1,Canvass Re-Inspection,1909,CERMAK,268.7121,422.9113,61.8732,1443.2922,2,67.62%,32.38%,3043
297,296,1512784,11832,Risk 1 (High),60614,41.92491928,-87.67766794,1,1,0,Canvass,1987,FULLERTON,471.1969,776.8085,390.8223,2082.6717,2,67.62%,32.38%,3044
4003,4002,1401538,1968878,Risk 1 (High),60647,41.92584755,-87.70191911,0,1,0,Canvass Re-Inspection,1989,MILWAUKEE,51.6962,609.4905,395.8672,1719.4259,2,67.64%,32.36%,3045
444,443,1493509,19524,Risk 1 (High),60623,41.85199651,-87.6969999,1,1,1,Complaint,1914,CERMAK,465.3687,381.3545,161.7457,1473.0559,2,67.65%,32.35%,3046
2673,2672,1512333,1595203,Risk 1 (High),60607,41.88004797,-87.65183157,1,1,1,Canvass,2000,MORGAN,308.1275,315.19,533.699,499.104,2,67.67%,32.33%,3047
3972,3971,1401387,1963622,Risk 2 (Medium),60653,41.80965253,-87.60574753,1,1,1,Short Form Complaint,1963,47TH,468.3783,446.0232,764.6533,2806.6655,2,67.67%,32.33%,3048
3408,3407,1402108,1848375,Risk 1 (High),60659,41.99790639,-87.68609383,0,1,0,Canvass Re-Inspection,1952,DEVON,265.8102,322.5374,128.4753,1720.4758,2,67.68%,32.32%,3049
2951,2950,1501833,1696069,Risk 1 (High),60632,41.82822852,-87.69461616,1,1,0,Canvass,1926,CALIFORNIA,407.7389,678.0698,446.7522,4116.0522,2,67.68%,32.32%,3050
5795,5794,1501845,2192890,Risk 1 (High),60641,41.95344289,-87.75439576,1,1,0,Canvass,1926,IRVING,426.5382,848.7937,513.0339,2205.1657,2,67.69%,32.31%,3051
2128,2127,1501409,1352449,Risk 1 (High),60616,41.83637183,-87.62638079,1,1,1,Canvass,1953,STATE,219.0672,1214.2879,1062.1865,2782.8001,2,67.69%,32.31%,3052
5013,5012,1402192,2109133,Risk 1 (High),60660,41.99807133,-87.66123148,0,1,0,Canvass Re-Inspection,1995,DEVON,212.8469,679.0798,385.4166,1461.0875,2,67.71%,32.29%,3053
4709,4708,1493289,2069437,Risk 1 (High),60618,41.94049364,-87.72591132,0,1,0,Canvass Re-Inspection,2007,MILWAUKEE,319.5255,449.6994,550.0575,1126.8797,2,67.71%,32.29%,3054
1878,1877,1508211,1222562,Risk 1 (High),60609,41.81029681,-87.664871,1,1,1,Canvass,1931,ASHLAND,330.2068,1071.4738,528.003,2355.9506,2,67.72%,32.28%,3055
3888,3887,1498104,1948417,Risk 1 (High),60632,41.79380306,-87.69365621,1,0,0,Canvass,2005,55TH,186.1227,443.2554,303.2478,2692.4924,2,67.72%,32.28%,3056
2153,2152,1512716,1356941,Risk 1 (High),60622,41.90307251,-87.67775518,1,1,1,Canvass,1908,DIVISION,144.6086,254.4952,69.6468,1275.583,2,67.72%,32.28%,3057
1419,1418,1467423,67732,Risk 1 (High),60607,41.87451215,-87.63986471,1,1,1,Canvass,1949,HARRISON,157.6371,502.026,932.5025,2230.142,2,67.74%,32.26%,3058
6697,6696,1491112,2294091,Risk 1 (High),60632,41.79378362,-87.69477733,0,1,0,Canvass Re-Inspection,2006,55TH,258.5243,412.8679,423.0011,2811.6303,2,67.74%,32.26%,3059
597,596,1497137,24880,Risk 1 (High),60613,41.96146142,-87.670757,1,1,1,Complaint,1929,MONTROSE,740.7387,680.0658,894.2178,1370.5037,2,67.74%,32.26%,3060
7370,7369,1385443,2334608,Risk 1 (High),60639,41.9241413,-87.76192142,0,1,0,License Re-Inspection,1923,FULLERTON,1622.7577,357.2433,238.1122,2224.7145,2,67.76%,32.24%,3061
5787,5786,1418577,2192735,Risk 1 (High),60659,41.99791446,-87.68554388,1,1,0,Canvass,1962,DEVON,362.3013,237.0513,189.6117,1636.2157,2,67.76%,32.24%,3062
5653,5652,1512654,2177682,Risk 1 (High),60622,41.90333103,-87.67543392,1,1,1,Canvass,1907,DIVISION,307.8487,407.8437,400.4813,1737.4391,2,67.79%,32.21%,3063
6698,6697,1464265,2294099,Risk 1 (High),60626,42.00386866,-87.67275339,0,1,0,Canvass Re-Inspection,1962,CLARK,470.1144,647.4737,452.022,2052.2742,2,67.81%,32.19%,3064
6218,6217,1473434,2253128,Risk 1 (High),60640,41.96433623,-87.65462704,0,1,0,Complaint Re-Inspection,1993,SHERIDAN,391.0264,780.3476,470.903,2046.5433,2,67.81%,32.19%,3065
2939,2938,1501593,1694866,Risk 1 (High),60641,41.95007329,-87.72765652,1,1,0,Complaint,1957,PULASKI,3092.4861,350.7248,495.5245,2122.5707,2,67.81%,32.19%,3066
6844,6843,1512982,2304205,Risk 1 (High),60641,41.953335,-87.74486146,1,1,0,Canvass,1944,IRVING,350.9434,945.3661,999.5067,2582.8078,2,67.82%,32.18%,3067
7018,7017,1490928,2313655,Risk 1 (High),60643,41.69210916,-87.68131144,0,1,0,License Re-Inspection,1954,WESTERN,644.9973,414.3833,1106.3849,5882.1684,2,67.83%,32.17%,3068
4551,4550,1512543,2048784,Risk 1 (High),60611,41.88928401,-87.62654855,1,1,1,Canvass,2005,WABASH,381.0314,599.1955,780.4841,975.3532,2,67.83%,32.17%,3069
2416,2415,1401716,1492868,Risk 1 (High),60622,41.90304639,-87.69553513,1,1,1,Suspected Food Poisoning,1896,DIVISION,525.9874,348.2414,479.2294,1826.5635,2,67.84%,32.16%,3070
5364,5363,1435008,2141795,Risk 1 (High),60642,41.90246227,-87.66530609,0,1,1,Canvass Re-Inspection,1927,MILWAUKEE,300.1726,368.5277,478.6065,1589.2595,2,67.85%,32.15%,3071
5157,5156,1402203,2125167,Risk 1 (High),60659,41.99778495,-87.69306266,0,1,0,Canvass Re-Inspection,1925,DEVON,356.0011,478.2608,356.6454,2506.1338,2,67.85%,32.15%,3072
2710,2709,1418605,1616518,Risk 1 (High),60659,41.99547921,-87.68995663,1,1,0,Canvass,1927,WESTERN,154.3404,452.5338,249.5665,2395.598,2,67.86%,32.14%,3073
3302,3301,1474191,1821658,Risk 1 (High),60647,41.92263191,-87.69749997,1,1,0,Canvass Re-Inspection,2007,CALIFORNIA,618.5316,569.3409,270.002,1391.7978,2,67.86%,32.14%,3074
4369,4368,1502025,2017994,Risk 1 (High),60647,41.91810712,-87.6973653,1,1,1,Canvass,1904,CALIFORNIA,176.4575,321.5515,252.5551,1219.9809,2,67.87%,32.13%,3075
2467,2466,1506219,1515022,Risk 1 (High),60634,41.93829811,-87.79390971,1,1,0,Canvass,1931,BELMONT,581.7868,566.6282,817.477,2177.1505,2,67.87%,32.13%,3076
2160,2159,1464553,1357930,Risk 1 (High),60645,42.01942088,-87.68969084,1,1,0,Canvass,1930,HOWARD,413.2852,1036.128,1007.2921,2992.2576,2,67.88%,32.12%,3077
7661,7660,1467510,2358734,Risk 1 (High),60607,41.86950817,-87.65791982,0,1,0,License Re-Inspection,2005,TAYLOR,165.2394,482.0376,782.7091,3069.2399,2,67.88%,32.12%,3078
4727,4726,1464276,2069984,Risk 1 (High),60645,42.01942088,-87.68969084,0,1,0,Canvass Re-Inspection,1930,HOWARD,304.5895,1036.128,1007.2921,2992.2576,2,67.89%,32.11%,3079
4827,4826,1441382,2084636,Risk 2 (Medium),60657,41.9457773,-87.64958778,0,1,0,Canvass Re-Inspection,2006,HALSTED,770.9395,275.2707,286.2223,1882.1487,2,67.89%,32.11%,3080
5658,5657,1497796,2177805,Risk 1 (High),60641,41.9389506,-87.72976114,1,1,1,Canvass,1928,BELMONT,157.7123,508.4884,492.9408,387.896,2,67.90%,32.10%,3081
6986,6985,1307398,2308924,Risk 1 (High),60629,41.77883224,-87.71858977,0,0,0,License Re-Inspection,1960,63RD,768.6258,672.9071,828.761,4124.7318,2,67.91%,32.09%,3082
2862,2861,1464359,1675659,Risk 1 (High),60626,42.01615267,-87.66856404,0,1,0,Complaint Re-Inspection,1929,JARVIS,689.9981,565.5522,84.6022,2275.853,2,67.91%,32.09%,3083
3772,3771,1497981,1927197,Risk 1 (High),60647,41.93150624,-87.68661954,1,1,0,Canvass,2007,ELSTON,918.1181,771.7954,435.7803,1665.1327,2,67.91%,32.09%,3084
984,983,1497999,37909,Risk 1 (High),60647,41.93168181,-87.72691403,1,1,0,Canvass,1953,DIVERSEY,549.1556,917.2833,242.7164,1978.719,2,67.91%,32.09%,3085
4110,4109,1501433,1980326,Risk 1 (High),60632,41.79358651,-87.69348088,1,1,0,Canvass,2006,55TH,214.7185,412.1303,264.0855,2699.6712,2,67.91%,32.09%,3086
5289,5288,1513003,2137175,Risk 1 (High),60608,41.85239696,-87.66837744,1,1,1,Canvass,1889,CERMAK,161.7937,775.1796,506.7162,2823.7023,2,67.92%,32.08%,3087
6931,6930,1307289,2308118,Risk 1 (High),60629,41.77876997,-87.72256328,0,1,0,License,1928,63RD,687.6088,916.8877,540.7206,4366.3426,2,67.92%,32.08%,3088
1130,1129,1497114,44721,Risk 2 (Medium),60657,41.93843518,-87.64419842,1,0,1,Short Form Complaint,1901,BROADWAY,585.14,476.2967,69.5339,1598.0278,2,67.93%,32.07%,3089
6102,6101,1464622,2245272,Risk 2 (Medium),60626,42.01615704,-87.66825247,0,1,0,Canvass Re-Inspection,1929,JARVIS,1068.9717,563.4531,75.6166,2293.449,2,67.94%,32.06%,3090
6822,6821,1401468,2303825,Risk 2 (Medium),60652,41.73525853,-87.70463151,0,1,0,License Re-Inspection,1992,87TH,662.2321,493.9763,1175.2421,4502.529,2,67.94%,32.06%,3091
5079,5078,1418567,2115184,Risk 1 (High),60659,41.99779706,-87.69238862,1,1,0,Canvass,1925,DEVON,403.9076,424.9043,320.9448,2508.5883,2,67.94%,32.06%,3092
6985,6984,1307397,2308923,Risk 1 (High),60629,41.77883224,-87.71858977,0,1,0,License Re-Inspection,1960,63RD,484.9625,672.9071,828.761,4124.7318,2,67.94%,32.06%,3093
3481,3480,1474010,1874832,Risk 1 (High),60603,41.87939131,-87.62684826,0,1,1,Canvass Re-Inspection,1990,ADAMS,139.7271,571.8673,347.5019,886.5288,2,67.95%,32.05%,3094
4652,4651,1480251,2064604,Risk 1 (High),60623,41.85901391,-87.72510565,0,1,1,Canvass Re-Inspection,1894,PULASKI,1023.0276,372.1899,401.3916,1858.2436,2,67.95%,32.05%,3095
239,238,1501840,8602,Risk 1 (High),60652,41.73726729,-87.72136984,1,1,0,Canvass,1960,PULASKI,344.8115,584.4211,589.4792,4201.8131,2,67.95%,32.05%,3096
7455,7454,1496550,2341256,Risk 1 (High),60622,41.90063956,-87.69667798,0,1,0,License Re-Inspection,2007,CALIFORNIA,369.2726,195.1101,262.57,1653.1353,2,67.96%,32.04%,3097
6486,6485,1496613,2279491,Risk 1 (High),60647,41.93198158,-87.69832211,1,1,1,Complaint,1896,DIVERSEY,366.5445,510.559,161.7501,1158.8621,2,67.97%,32.03%,3098
7159,7158,1453384,2320565,Risk 2 (Medium),60605,41.8679045,-87.62728574,0,1,1,License Re-Inspection,2004,STATE,669.1405,228.7133,603.0579,1062.8754,2,67.97%,32.03%,3099
7446,7445,1441552,2341135,Risk 2 (Medium),60657,41.94550365,-87.64957851,0,1,0,License,2006,HALSTED,488.3578,266.8051,251.4131,1862.3492,2,67.98%,32.02%,3100
1060,1059,1383427,41573,Risk 1 (High),60607,41.86921805,-87.66241482,0,1,0,Canvass Re-Inspection,1992,TAYLOR,663.3498,426.7454,589.5502,3106.0247,2,67.98%,32.02%,3101
7293,7292,1512315,2328350,Risk 1 (High),60622,41.89420881,-87.66738223,1,1,0,Complaint,2006,ASHLAND,316.9122,258.4885,249.974,2120.2318,2,68.02%,31.98%,3102
6546,6545,1501341,2284509,Risk 2 (Medium),60641,41.9539621,-87.74845316,1,1,0,Canvass,1923,MILWAUKEE,536.0755,350.0869,493.7056,2469.8183,2,68.02%,31.98%,3103
1853,1852,1385446,1194275,Risk 2 (Medium),60651,41.89561531,-87.70670533,0,1,0,Complaint Re-Inspection,2006,KEDZIE,194.6385,633.4444,1034.8787,2497.0937,2,68.02%,31.98%,3104
121,120,1501530,3775,Risk 1 (High),60632,41.79456097,-87.72305196,1,1,0,Canvass,1978,PULASKI,53.1547,477.8281,418.4263,3082.7692,2,68.02%,31.98%,3105
5488,5487,1464647,2152960,Risk 1 (High),60660,41.99219146,-87.66048377,1,1,1,Canvass,1921,BROADWAY,21087.1053,498.3614,588.2869,1948.2731,2,68.03%,31.97%,3106
3903,3902,1464573,1953328,Risk 1 (High),60626,42.00913302,-87.67384638,1,1,0,Canvass,1997,CLARK,472.7244,868.3652,247.8887,1092.0775,2,68.03%,31.97%,3107
5433,5432,1296843,2147526,Risk 1 (High),60643,41.69920305,-87.66884456,0,1,1,Canvass Re-Inspection,1951,HALE,389.3955,286.2463,430.9668,3004.7252,2,68.04%,31.96%,3108
1916,1915,1325078,1243048,Risk 2 (Medium),60612,41.88191446,-87.68630385,1,1,0,Short Form Complaint,1968,WESTERN,332.7674,396.4267,754.8114,3368.3576,2,68.05%,31.95%,3109
6537,6536,1424613,2284269,Risk 1 (High),60630,41.96834387,-87.74030969,1,1,0,Canvass,1923,ELSTON,64.4617,460.5003,542.312,2485.7673,2,68.06%,31.94%,3110
1128,1127,1418651,44701,Risk 1 (High),60659,41.99777365,-87.6937767,1,1,0,Canvass,1927,DEVON,286.5619,512.0392,333.8578,2502.1047,2,68.08%,31.92%,3111
1675,1674,1424685,1092445,Risk 1 (High),60630,41.96787033,-87.74002722,1,1,0,Canvass,1969,ELSTON,21087.1053,511.5913,560.1488,2436.5325,2,68.09%,31.91%,3112
4192,4191,1496822,1992050,Risk 1 (High),60654,41.89105524,-87.62789763,0,1,1,Canvass Re-Inspection,2010,STATE,107.5905,135.2356,562.7077,689.62,2,68.09%,31.91%,3113
4300,4299,1435200,2008729,Risk 1 (High),60616,41.85295002,-87.62673497,0,1,1,Complaint Re-Inspection,1991,CERMAK,623.0364,618.3704,741.9065,1660.0234,2,68.10%,31.90%,3114
6608,6607,1497931,2289568,Risk 1 (High),60641,41.95173006,-87.74741814,1,1,0,Canvass,1908,CICERO,162.3784,688.1896,496.0092,2818.6101,2,68.14%,31.86%,3115
1730,1729,1473596,1122790,Risk 1 (High),60652,41.73932941,-87.72143966,0,1,0,Canvass Re-Inspection,1966,PULASKI,461.4025,453.7282,327.804,3830.255,2,68.16%,31.84%,3116
6241,6240,1501590,2256167,Risk 1 (High),60652,41.73880045,-87.72142256,1,1,0,Canvass,1963,PULASKI,182.7598,544.7498,358.7868,3916.844,2,68.16%,31.84%,3117
3829,3828,1498193,1937822,Risk 1 (High),60647,41.93093576,-87.68579201,1,1,0,Canvass,2007,ELSTON,553.6124,915.5263,427.547,1738.564,2,68.18%,31.82%,3118
3878,3877,1502188,1948040,Risk 1 (High),60608,41.86674938,-87.66846405,1,1,0,Canvass,2005,ROOSEVELT,1089.2479,981.0927,907.7477,3210.1123,2,68.18%,31.82%,3119
2252,2251,1512539,1444299,Risk 1 (High),60641,41.96055088,-87.75423075,1,1,0,Canvass,1934,MILWAUKEE,437.4964,493.0338,640.4174,2333.9598,2,68.21%,31.79%,3120
4667,4666,1395703,2065232,Risk 1 (High),60614,41.91758179,-87.6590229,0,1,0,Canvass Re-Inspection,2007,CLYBOURN,972.7828,883.0657,161.4874,1933.6367,2,68.21%,31.79%,3121
1937,1936,1385473,1246167,Risk 1 (High),60639,41.92809932,-87.74630655,0,1,0,Complaint Re-Inspection,1915,CICERO,320.14,436.6064,412.4293,2864.4758,2,68.22%,31.78%,3122
421,420,1464525,18236,Risk 1 (High),60626,42.00155691,-87.67165232,1,1,0,Canvass,1988,CLARK,949.6374,379.8719,413.5482,1692.7985,2,68.22%,31.78%,3123
2986,2985,1464645,1717312,Risk 1 (High),60626,42.00975822,-87.67428823,1,1,0,Canvass,1992,CLARK,249.4304,955.8646,188.3752,1168.784,2,68.24%,31.76%,3124
629,628,1418517,25946,Risk 1 (High),60659,41.99036569,-87.6935329,1,1,0,Canvass,1941,PETERSON,568.1408,616.0727,211.1734,2204.7919,2,68.24%,31.76%,3125
374,373,1506268,15637,Risk 1 (High),60634,41.94533187,-87.79780215,1,1,0,Canvass,1958,ADDISON,345.2776,639.2341,968.0566,1803.1273,2,68.24%,31.76%,3126
1423,1422,1515254,68311,Risk 1 (High),60610,41.90484145,-87.63310113,1,1,1,Canvass,1930,LA,351.8203,609.6092,396.8858,1955.8788,2,68.25%,31.75%,3127
5771,5770,1473757,2189442,Risk 1 (High),60618,41.96126821,-87.71075304,0,1,1,Canvass Re-Inspection,1917,MONTROSE,1411.5134,317.5595,213.8303,505.5054,2,68.25%,31.75%,3128
4841,4840,1385648,2087757,Risk 2 (Medium),60651,41.902223,-87.76768778,0,1,0,Complaint Re-Inspection,1968,DIVISION,356.1343,390.8073,406.503,1756.8978,2,68.25%,31.75%,3129
7043,7042,1418571,2313790,Risk 1 (High),60659,41.99056418,-87.69728073,1,1,0,Canvass,1925,PETERSON,586.3738,594.6828,93.0363,2345.6968,2,68.26%,31.74%,3130
2478,2477,1490904,1516830,Risk 2 (Medium),60641,41.95106521,-87.74710291,1,1,0,Canvass,1900,CICERO,348.018,544.3243,394.0317,2927.6072,2,68.26%,31.74%,3131
2695,2694,1502124,1596802,Risk 1 (High),60613,41.96165172,-87.6558299,1,1,1,Canvass,1916,MONTROSE,345.7508,653.8471,365.1583,1366.4484,2,68.27%,31.73%,3132
238,237,1501624,8601,Risk 1 (High),60655,41.69189208,-87.68169804,1,1,0,Canvass,1954,111TH,356.8366,387.7898,1084.2463,5996.073,2,68.27%,31.73%,3133
2554,2553,1447484,1547937,Risk 1 (High),60606,41.88188623,-87.63661833,1,1,1,Canvass,1982,WACKER,199.9352,657.5163,597.0692,1305.1304,2,68.27%,31.73%,3134
2079,2078,1490240,1332477,Risk 1 (High),60642,41.8938344,-87.65146287,0,1,1,Canvass Re-Inspection,1974,MILWAUKEE,321.9293,449.9845,808.1492,1452.9619,2,68.34%,31.66%,3135
575,574,1498150,23496,Risk 1 (High),60610,41.89080301,-87.63570316,1,1,1,Canvass Re-Inspection,1986,FRANKLIN,277.3542,436.1983,608.7719,1206.0253,2,68.34%,31.66%,3136
1254,1253,1501315,52033,Risk 1 (High),60625,41.96864461,-87.69828569,1,1,0,Canvass,2008,LAWRENCE,1147.0701,864.5703,469.0922,1330.2457,2,68.34%,31.66%,3137
5147,5146,1502139,2124834,Risk 1 (High),60625,41.96839919,-87.72355116,1,1,0,Canvass,1951,LAWRENCE,530.754,336.5093,183.1352,1832.5132,2,68.34%,31.66%,3138
3669,3668,1387817,1908078,Risk 2 (Medium),60619,41.73663376,-87.61307579,0,1,1,Canvass Re-Inspection,1954,87TH,207.6855,762.6106,655.4619,3657.4442,2,68.35%,31.65%,3139
4775,4774,1497599,2079191,Risk 2 (Medium),60622,41.91618454,-87.67021939,0,1,1,Canvass Re-Inspection,1911,CORTLAND,924.5808,488.7016,477.4939,1909.3791,2,68.35%,31.65%,3140
4205,4204,1385250,1997582,Risk 1 (High),60639,41.92414989,-87.76136989,0,1,0,Canvass Re-Inspection,1925,FULLERTON,511.0289,346.2646,151.4534,2248.8958,2,68.36%,31.64%,3141
97,96,1325150,3525,Risk 1 (High),60612,41.86895287,-87.68157548,1,1,1,Complaint,1913,LEAVITT,296.1273,671.172,654.0491,2343.6891,2,68.36%,31.64%,3142
478,477,1471266,21363,Risk 1 (High),60647,41.92323195,-87.69811165,1,1,0,Complaint,2007,MILWAUKEE,194.6091,474.2826,258.4294,1528.4327,2,68.36%,31.64%,3143
1370,1369,1501441,62297,Risk 1 (High),60630,41.97675231,-87.72841362,1,1,0,Canvass,1991,PULASKI,550.3497,1768.3737,996.3685,1755.0615,2,68.37%,31.63%,3144
2734,2733,1493732,1620034,Risk 1 (High),60620,41.73650529,-87.66293523,1,1,1,Complaint,1952,ASHLAND,142.1179,675.0883,419.5651,2774.3067,2,68.38%,31.62%,3145
2207,2206,1395682,1383005,Risk 2 (Medium),60641,41.9367532,-87.7269722,0,1,0,Complaint Re-Inspection,1987,PULASKI,275.2428,414.3568,258.1715,1441.7214,2,68.39%,31.61%,3146
485,484,1512593,21595,Risk 1 (High),60625,41.96851014,-87.71342578,1,1,0,Canvass,1987,LAWRENCE,613.5416,419.3402,310.1665,1394.3788,2,68.39%,31.61%,3147
3942,3941,1491162,1959502,Risk 1 (High),60632,41.8149936,-87.7237077,1,1,0,Canvass Re-Inspection,2005,Pulaski,197.3545,847.7416,1052.334,3192.6885,2,68.39%,31.61%,3148
2114,2113,1501642,1337179,Risk 1 (High),60609,41.81410152,-87.67012011,1,1,1,Canvass,1899,WOOD,202.5636,566.9029,386.4694,3001.7783,2,68.40%,31.60%,3149
277,276,1460143,10488,Risk 1 (High),60640,41.96764437,-87.65494978,0,1,0,Canvass Re-Inspection,2004,SHERIDAN,344.1649,507.5654,121.0922,1596.5423,2,68.42%,31.58%,3150
332,331,1482230,13388,Risk 1 (High),60659,41.99774835,-87.69516655,0,1,0,Complaint Re-Inspection,1931,DEVON,1938.1553,429.1586,266.6807,2519.4518,2,68.44%,31.56%,3151
6061,6060,1490740,2233310,Risk 1 (High),60641,41.95562228,-87.72781945,0,1,0,Canvass Re-Inspection,1927,PULASKI,298.1951,500.7047,311.6945,2553.5482,2,68.44%,31.56%,3152
3727,3726,1512854,1914937,Risk 1 (High),60641,41.95276555,-87.72773669,1,1,0,Canvass,1940,PULASKI,186.7976,536.4172,311.1331,2310.9179,2,68.45%,31.55%,3153
3179,3178,1497940,1800521,Risk 1 (High),60613,41.95416537,-87.67012784,1,1,1,Canvass,1886,IRVING,215.5609,691.0733,335.5584,1883.2329,2,68.46%,31.54%,3154
2354,2353,1502057,1477634,Risk 1 (High),60641,41.95459485,-87.74902854,1,1,0,Canvass,1929,MILWAUKEE,1733.2353,389.5939,374.618,2393.2097,2,68.47%,31.53%,3155
1828,1827,1447526,1168589,Risk 1 (High),60606,41.88289875,-87.6337111,1,1,1,Canvass,1966,WELLS,202.7723,345.735,350.8502,1461.9287,2,68.49%,31.51%,3156
4393,4392,1447391,2022158,Risk 1 (High),60606,41.88507356,-87.63376476,0,1,1,Canvass Re-Inspection,1929,WELLS,395.6231,202.7364,225.8382,2067.3343,2,68.50%,31.50%,3157
5543,5542,1501848,2157477,Risk 1 (High),60618,41.96126856,-87.6842228,1,1,1,Canvass,1911,MONTROSE,320.9778,712.2085,1204.3816,2175.9407,2,68.50%,31.50%,3158
4754,4753,1418363,2074515,Risk 1 (High),60659,41.99768843,-87.68600797,0,1,0,Canvass Re-Inspection,1966,Devon,225.7485,301.4906,143.606,1744.812,2,68.51%,31.49%,3159
674,673,1401652,27859,Risk 1 (High),60623,41.84244181,-87.71610534,0,1,1,Canvass Re-Inspection,1911,MILLARD,279.2494,461.7564,540.4643,2111.9616,2,68.51%,31.49%,3160
3758,3757,1447559,1926508,Risk 1 (High),60606,41.88308408,-87.63371365,1,1,1,Canvass,1966,WELLS,320.3558,371.9947,383.1076,1511.9129,2,68.52%,31.48%,3161
5566,5565,1497744,2158283,Risk 1 (High),60615,41.8027377,-87.60656724,1,1,1,Complaint,1965,COTTAGE,381.2545,470.6154,379.4552,2651.3595,2,68.53%,31.47%,3162
7549,7548,1512568,2349922,Risk 1 (High),60641,41.96047936,-87.75451899,1,1,0,Canvass,1934,MILWAUKEE,395.0978,488.497,586.0643,2377.9347,2,68.54%,31.46%,3163
5813,5812,1501662,2196251,Risk 1 (High),60607,41.86953213,-87.65634542,1,1,1,Canvass,1889,TAYLOR,472.2449,572.6373,621.1302,3199.3121,2,68.54%,31.46%,3164
2596,2595,1501528,1575975,Risk 1 (High),60643,41.68489261,-87.66364029,1,1,0,Canvass,2009,115TH,287.9099,831.0485,682.3026,4758.6005,2,68.54%,31.46%,3165
5856,5855,1424279,2197117,Risk 1 (High),60630,41.96856245,-87.74065931,0,1,0,Canvass Re-Inspection,1931,ELSTON,982.0709,475.8493,556.6529,2539.2123,2,68.55%,31.45%,3166
4285,4284,1496954,2008409,Risk 1 (High),60632,41.80057495,-87.73317635,0,1,0,Complaint,1956,51ST,242.6702,414.3993,532.1878,3675.9739,2,68.56%,31.44%,3167
7747,7746,1424663,2363325,Risk 1 (High),60630,41.9752581,-87.75199056,0,1,0,License Re-Inspection,1910,ELSTON,292.7039,700.0122,435.6957,2580.8856,2,68.59%,31.41%,3168
1457,1456,1496796,71095,Risk 1 (High),60613,41.95371592,-87.65014629,1,1,0,Canvass,2006,BROADWAY,231.2452,537.4111,211.2182,1916.1058,2,68.60%,31.40%,3169
1015,1014,1513069,39365,Risk 1 (High),60622,41.89105286,-87.66962354,1,1,1,Canvass,1904,GRAND,161.7937,563.2993,520.4697,2402.026,2,68.60%,31.40%,3170
5271,5270,1439276,2134579,Risk 1 (High),60611,41.89983492,-87.62779917,0,1,1,Canvass Re-Inspection,2008,WALTON,399.5006,393.6506,380.1911,602.1876,2,68.60%,31.40%,3171
3644,3643,1385351,1903796,Risk 2 (Medium),60639,41.92410267,-87.76514175,0,1,0,Canvass Re-Inspection,1951,FULLERTON,821.5529,676.1355,560.6112,2235.7808,2,68.61%,31.39%,3172
1341,1340,1491168,59692,Risk 1 (High),60619,41.75797836,-87.60552051,0,1,1,Complaint Re-Inspection,1913,COTTAGE,553.3983,511.9572,112.1503,3864.6649,2,68.61%,31.39%,3173
4166,4165,1391465,1987114,Risk 1 (High),60626,42.01146046,-87.67459345,0,1,0,Canvass Re-Inspection,2008,Clark,343.9441,895.1098,520.2167,1357.1089,2,68.62%,31.38%,3174
6181,6180,1363220,2252267,Risk 1 (High),60608,41.85783609,-87.67100647,1,1,1,Canvass,1884,18TH,1340.655,617.3375,258.0483,2843.4046,2,68.62%,31.38%,3175
2260,2259,1506235,1445253,Risk 1 (High),60634,41.93830414,-87.793571,1,1,0,Canvass,1943,BELMONT,1114.0156,555.8297,773.0221,2166.3434,2,68.62%,31.38%,3176
3322,3321,1305616,1823527,Risk 1 (High),60623,41.83676105,-87.72527035,0,1,1,Canvass Re-Inspection,1914,31ST,443.7069,416.8901,685.5088,2205.345,2,68.62%,31.38%,3177
5695,5694,1447579,2183837,Risk 1 (High),60606,41.88323435,-87.63664906,1,1,1,Canvass,1980,WACKER,247.3679,537.3393,727.5036,1624.5963,2,68.64%,31.36%,3178
1819,1818,1401266,1167581,Risk 1 (High),60622,41.9028285,-87.69537805,0,1,1,Complaint Re-Inspection,1911,DIVISION,661.6622,334.2262,438.349,1757.7548,2,68.64%,31.36%,3179
2482,2481,1501694,1517669,Risk 1 (High),60652,41.73646853,-87.70219284,1,1,0,Canvass,1992,KEDZIE,397.1979,351.6866,933.1193,4478.5895,2,68.64%,31.36%,3180
6340,6339,1498034,2264023,Risk 1 (High),60641,41.94580992,-87.76344146,1,1,0,Canvass,1925,ADDISON,489.9775,485.353,420.3876,2434.9529,2,68.67%,31.33%,3181
6576,6575,1501502,2288717,Risk 1 (High),60625,41.9685185,-87.71263166,1,1,0,Canvass,1987,LAWRENCE,689.3415,450.9368,192.3144,1368.0042,2,68.68%,31.32%,3182
6963,6962,1396150,2308634,Risk 1 (High),60652,41.73635839,-87.70219142,0,1,0,License Re-Inspection,1992,KEDZIE,337.7222,333.7635,940.7836,4501.5442,2,68.68%,31.32%,3183
2927,2926,1501623,1682135,Risk 1 (High),60625,41.96844205,-87.69630358,1,1,0,Canvass,2008,LAWRENCE,354.0474,878.4676,440.6599,1415.0356,2,68.70%,31.30%,3184
3336,3335,1307681,1840958,Risk 1 (High),60629,41.79134942,-87.72325532,0,1,0,Canvass Re-Inspection,1979,PULASKI,306.2316,365.9681,505.8899,3454.5306,2,68.72%,31.28%,3185
4750,4749,1502146,2074456,Risk 1 (High),60643,41.71868264,-87.68184758,1,1,0,Canvass,1988,WESTERN,254.0711,702.0241,1252.3123,5394.9824,2,68.78%,31.22%,3186
34,33,1480380,1064,Risk 1 (High),60623,41.84545141,-87.70521429,1,1,1,Complaint,1924,KEDZIE,416.6645,635.4868,628.3771,2153.4422,2,68.78%,31.22%,3187
2764,2763,1490910,1622034,Risk 1 (High),60622,41.91026288,-87.66170857,1,1,1,Complaint,1989,ELSTON,603.3665,915.5409,378.5387,474.8453,2,68.78%,31.22%,3188
4482,4481,1473635,2036397,Risk 1 (High),60613,41.94935686,-87.67558137,1,1,0,Canvass,2005,LINCOLN,373.9506,429.9798,301.5755,1827.4876,2,68.79%,31.21%,3189
2777,2776,1424541,1645714,Risk 1 (High),60630,41.96807526,-87.73302715,1,1,0,Canvass,1959,LAWRENCE,350.8143,807.1783,663.7306,2237.326,2,68.79%,31.21%,3190
5510,5509,1501690,2153474,Risk 1 (High),60609,41.80845879,-87.66866975,1,1,1,Canvass,1894,47TH,115.4226,620.1588,134.4289,3011.472,2,68.82%,31.18%,3191
5405,5404,1441279,2146610,Risk 1 (High),60657,41.94015061,-87.64459421,1,1,1,Canvass,1926,BELMONT,492.3284,382.7239,109.7054,1427.6962,2,68.82%,31.18%,3192
969,968,1399324,37591,Risk 3 (Low),60625,41.97885403,-87.69278877,0,1,0,Canvass Re-Inspection,1957,LINCOLN,3085.0477,593.8895,643.2695,2824.7065,2,68.84%,31.16%,3193
3717,3716,1493770,1914075,Risk 2 (Medium),60620,41.7363802,-87.62769923,1,1,1,Canvass Re-Inspection,1974,87TH,403.058,336.1449,616.8553,3222.9644,2,68.84%,31.16%,3194
3342,3341,1497417,1841250,Risk 1 (High),60625,41.96852201,-87.71237951,1,1,0,Canvass,1987,W,426.2224,467.7275,146.7667,1361.6597,2,68.84%,31.16%,3195
3919,3918,1493424,1954041,Risk 1 (High),60613,41.94714045,-87.65393422,0,1,1,Canvass Re-Inspection,1904,ADDISON,200.0589,215.0337,458.1492,2113.2905,2,68.85%,31.15%,3196
1714,1713,1501245,1120557,Risk 1 (High),60641,41.93625268,-87.72695552,1,1,0,Canvass,1987,PULASKI,165.1412,262.9916,239.1778,1597.1665,2,68.86%,31.14%,3197
5279,5278,1502190,2134787,Risk 1 (High),60609,41.8156032,-87.68477272,1,1,1,Canvass,1911,WESTERN,916.4813,569.3357,684.7591,3096.295,2,68.87%,31.13%,3198
4130,4129,1506263,1985080,Risk 1 (High),60634,41.93659881,-87.78572818,1,1,0,Canvass,1942,Narragansett,742.3733,546.3433,813.1256,2427.3081,2,68.87%,31.13%,3199
3086,3085,1515438,1765916,Risk 2 (Medium),60629,41.78889143,-87.70327959,0,1,0,Canvass Re-Inspection,2013,KEDZIE,359.2846,475.8,719.4611,3350.0432,2,68.87%,31.13%,3200
914,913,1424475,34777,Risk 2 (Medium),60630,41.96304074,-87.75673995,0,1,0,Canvass Re-Inspection,1905,MILWAUKEE,597.6172,738.9605,272.9059,2649.8117,2,68.87%,31.13%,3201
1043,1042,1501857,40624,Risk 1 (High),60618,41.96126565,-87.68439095,1,1,1,Canvass,1916,MONTROSE,296.825,712.5184,1194.2517,2190.6946,2,68.88%,31.12%,3202
4093,4092,1515474,1979989,Risk 1 (High),60602,41.88184063,-87.63325509,1,1,1,Canvass,1990,Madison,322.7042,255.8247,326.2626,1111.6257,2,68.89%,31.11%,3203
1068,1067,1445261,41804,Risk 1 (High),60610,41.89685548,-87.62835058,1,1,1,Canvass,1988,STATE,257.3837,445.6362,469.185,1230.7528,2,68.90%,31.10%,3204
3254,3253,1513160,1816825,Risk 1 (High),60609,41.82651854,-87.68420498,1,1,0,Canvass,1984,ARCHER,815.9404,1038.9093,561.5492,3636.1797,2,68.90%,31.10%,3205
4332,4331,1501564,2013419,Risk 1 (High),60641,41.95348502,-87.75024823,1,1,0,Canvass,1940,Irving,216.9975,208.9455,471.4342,2380.8166,2,68.90%,31.10%,3206
4678,4677,1399330,2068691,Risk 1 (High),60625,41.96819486,-87.7222708,0,1,0,Complaint Re-Inspection,1956,LAWRENCE,445.5729,461.5325,115.7686,1851.8119,2,68.90%,31.10%,3207
3137,3136,1447392,1770972,Risk 1 (High),60606,41.88071758,-87.63658911,1,1,1,Canvass Re-Inspection,2005,WACKER,145.7156,922.8694,666.1911,1134.6774,2,68.92%,31.08%,3208
998,997,1515473,38456,Risk 1 (High),60610,41.90569783,-87.62970456,1,1,1,Canvass,1960,GOETHE,1068.9717,779.6672,340.3137,1569.8291,2,68.94%,31.06%,3209
4087,4086,1418699,1979795,Risk 1 (High),60659,41.98440499,-87.69705038,1,1,0,Canvass,1939,LINCOLN,481.3451,559.2959,489.9504,2831.5662,2,68.94%,31.06%,3210
3489,3488,1325096,1875166,Risk 1 (High),60612,41.86890111,-87.68371238,1,1,0,Complaint,2008,TAYLOR,295.945,293.7287,330.5356,2527.6887,2,68.96%,31.04%,3211
2572,2571,1383469,1573767,Risk 1 (High),60601,41.88600583,-87.62082896,1,1,1,Canvass,1986,COLUMBUS,945.1872,753.3002,442.0073,1472.9241,2,68.97%,31.03%,3212
4499,4498,1497756,2037952,Risk 1 (High),60641,41.93614191,-87.72695213,1,1,0,Canvass,1987,Pulaski,307.5619,233.6889,226.9118,1632.282,2,68.98%,31.02%,3213
4010,4009,1467365,1969301,Risk 1 (High),60607,41.86919899,-87.66354974,0,1,1,Canvass Re-Inspection,1889,TAYLOR,464.5118,438.4017,577.1827,3218.7374,2,68.98%,31.02%,3214
6346,6345,1418544,2269399,Risk 1 (High),60631,41.99738217,-87.78807767,1,1,0,Canvass,1941,MILWAUKEE,206.1958,537.6351,998.1674,2079.3481,2,68.98%,31.02%,3215
3840,3839,1155227,1938696,Risk 1 (High),60622,41.90328773,-87.67798988,0,1,1,Canvass Re-Inspection,1929,W,530.7181,233.8815,78.7234,1317.1461,2,69.01%,30.99%,3216
840,839,1494208,33733,Risk 1 (High),60623,41.8443846,-87.72290644,0,1,1,Canvass Re-Inspection,1921,26TH,101.2102,169.0446,574.0905,2029.8207,2,69.02%,30.98%,3217
7320,7319,1497885,2333221,Risk 1 (High),60641,41.95881682,-87.75308175,1,1,0,Complaint,1963,MILWAUKEE,673.2186,170.6308,671.9897,2144.0755,2,69.07%,30.93%,3218
7120,7119,1480347,2319909,Risk 1 (High),60623,41.84409518,-87.72817615,1,1,1,Canvass,1909,26TH,257.5588,648.8846,471.2324,2081.287,2,69.09%,30.91%,3219
2245,2244,1464508,1443878,Risk 2 (Medium),60660,41.99549428,-87.66028637,1,1,0,Short Form Complaint,2007,BROADWAY,820.2341,629.5414,405.6763,1787.7743,2,69.10%,30.90%,3220
148,147,1467431,4844,Risk 1 (High),60607,41.87194496,-87.6535519,0,1,1,Canvass Re-Inspection,1889,POLK,417.9044,842.6467,171.7386,2851.286,2,69.10%,30.90%,3221
5252,5251,1473605,2134056,Risk 1 (High),60640,41.98035904,-87.66817124,0,1,1,Canvass Re-Inspection,1918,CLARK,255.3182,469.716,572.7894,1541.0732,2,69.12%,30.88%,3222
7258,7257,1325017,2327382,Risk 2 (Medium),60612,41.88391207,-87.69621625,0,1,0,License Re-Inspection,2006,CALIFORNIA,558.7916,396.9065,319.5389,2308.6607,2,69.13%,30.87%,3223
3783,3782,1506255,1927728,Risk 1 (High),60634,41.96037769,-87.76738689,1,1,0,Canvass,1932,CENTRAL,283.8375,414.3226,257.8162,2065.7063,2,69.13%,30.87%,3224
2019,2018,1325348,1299847,Risk 1 (High),60644,41.87563715,-87.75503558,1,1,0,Canvass,1913,LARAMIE,309.528,606.6953,434.4295,3622.8753,2,69.13%,30.87%,3225
5696,5695,1395607,2183866,Risk 1 (High),60640,41.97341501,-87.65542231,0,1,1,Canvass Re-Inspection,1918,ARGYLE,400.1766,444.3879,546.8532,1760.242,2,69.15%,30.85%,3226
2431,2430,1453313,1494996,Risk 1 (High),60605,41.87517906,-87.62747379,0,1,1,Canvass Re-Inspection,2004,STATE,457.0534,488.5315,1028.9554,1886.7189,2,69.15%,30.85%,3227
1427,1426,1307689,68542,Risk 1 (High),60629,41.79002886,-87.70360429,1,1,0,Canvass,1997,KEDZIE,268.1871,600.8896,425.8899,3406.6539,2,69.18%,30.82%,3228
4918,4917,1439263,2094200,Risk 1 (High),60611,41.89245645,-87.62226363,0,1,1,Canvass Re-Inspection,1985,OHIO,495.3317,502.0829,105.4535,1086.8345,2,69.19%,30.81%,3229
38,37,1515524,1192,Risk 1 (High),60641,41.95340286,-87.73960223,1,1,0,Complaint,1955,IRVING,147.0935,492.9596,644.769,2503.5007,2,69.19%,30.81%,3230
3922,3921,1493653,1954184,Risk 2 (Medium),60613,41.95421068,-87.6501483,1,1,1,Short Form Complaint,1911,BROADWAY,1125.4304,568.3487,282.7004,1880.0484,2,69.20%,30.80%,3231
7318,7317,1464400,2333218,Risk 1 (High),60626,42.01539691,-87.67495035,0,1,0,License Re-Inspection,1988,CLARK,517.6701,617.625,800.743,2296.6018,2,69.22%,30.78%,3232
5776,5775,1501926,2189538,Risk 1 (High),60601,41.88656737,-87.62438467,1,1,1,Canvass,1980,MICHIGAN,511.2559,265.5445,507.7358,1729.2286,2,69.23%,30.77%,3233
3950,3949,1501348,1959838,Risk 1 (High),60601,41.88656737,-87.62438467,1,1,1,Canvass,1980,MICHIGAN,425.2218,265.5445,507.7358,1729.2286,2,69.24%,30.76%,3234
2461,2460,1385340,1514780,Risk 1 (High),60639,41.92226642,-87.78461492,0,1,0,Canvass Re-Inspection,1930,GRAND,300.897,660.1913,358.1569,2385.4905,2,69.24%,30.76%,3235
6091,6090,1498060,2240925,Risk 1 (High),60625,41.97894283,-87.69250177,1,1,0,Canvass,1959,LINCOLN,186.6319,557.2802,647.5751,2819.6753,2,69.24%,30.76%,3236
2034,2033,1496761,1301893,Risk 1 (High),60642,41.89635199,-87.65669038,1,1,1,Canvass Re-Inspection,1928,CHICAGO,261.8492,775.0956,306.5533,1995.4003,2,69.26%,30.74%,3237
3437,3436,1512917,1869346,Risk 1 (High),60618,41.94305483,-87.6827354,1,1,0,Complaint,2006,ROSCOE,797.7689,361.0718,244.8874,1896.6872,2,69.27%,30.73%,3238
5445,5444,1501950,2147921,Risk 1 (High),60632,41.80933541,-87.70417003,1,1,1,Canvass,1988,KEDZIE,484.8828,325.757,833.9747,1647.274,2,69.27%,30.73%,3239
5875,5874,1453581,2202296,Risk 1 (High),60605,41.87467595,-87.62746711,1,1,1,Complaint,2004,STATE,401.364,425.7573,943.0825,1838.3236,2,69.29%,30.71%,3240
1680,1679,1459948,1093122,Risk 1 (High),60622,41.90188504,-87.69670613,0,1,1,Canvass Re-Inspection,1902,CALIFORNIA,581.7868,298.7664,125.7775,1786.4428,2,69.29%,30.71%,3241
3214,3213,1501881,1803193,Risk 1 (High),60629,41.77834276,-87.74034531,1,1,0,Canvass,1929,63RD,358.0576,456.0489,488.1138,4547.8261,2,69.29%,30.71%,3242
1897,1896,1372506,1226256,Risk 2 (Medium),60601,41.88577122,-87.63082982,1,0,1,Short Form Complaint,1986,CLARK,482.149,472.6026,523.0971,1557.4962,2,69.30%,30.70%,3243
4492,4491,1464427,2037187,Risk 1 (High),60660,41.99445003,-87.65969379,1,1,0,Complaint,2008,GRANVILLE,398.8392,440.857,414.854,1864.0526,2,69.30%,30.70%,3244
3396,3395,1453555,1847340,Risk 1 (High),60607,41.88298732,-87.65014023,0,1,1,Canvass Re-Inspection,2004,WASHINGTON,379.8176,262.925,603.3119,1089.281,2,69.36%,30.64%,3245
4644,4643,1372462,2064453,Risk 1 (High),60601,41.8863516,-87.63261395,0,1,1,Canvass Re-Inspection,1986,LA,274.5761,373.1807,489.2417,1508.0621,2,69.36%,30.64%,3246
2741,2740,1387755,1620437,Risk 2 (Medium),60619,41.75872001,-87.62462454,1,1,1,Complaint,1968,STATE,182.6337,535.0049,522.2066,3219.566,2,69.36%,30.64%,3247
5163,5162,1434818,2125277,Risk 1 (High),60632,41.81761759,-87.69825775,0,1,1,Canvass Re-Inspection,1931,ARCHER,384.7432,380.0345,438.9502,2370.171,2,69.38%,30.62%,3248
7066,7065,1434476,2314199,Risk 1 (High),60632,41.8085319,-87.6855906,1,1,1,Complaint,1919,47TH,306.2016,681.4005,552.6636,2981.5765,2,69.39%,30.61%,3249
6820,6819,1402167,2303713,Risk 1 (High),60640,41.966746,-87.66719663,0,1,0,License Re-Inspection,2009,CLARK,660.8518,871.1165,344.7489,1936.928,2,69.39%,30.61%,3250
2759,2758,1496877,1621501,Risk 1 (High),60642,41.89624197,-87.66344068,1,1,1,Complaint,1917,CHICAGO,158.7846,445.2921,150.1085,2013.9561,2,69.40%,30.60%,3251
3160,3159,1464599,1798794,Risk 1 (High),60660,41.99444731,-87.65993658,1,1,0,Canvass,2008,GRANVILLE,609.48,462.6667,381.0408,1862.4502,2,69.40%,30.60%,3252
326,325,1497898,12690,Risk 1 (High),60641,41.95161876,-87.74712077,1,1,0,Complaint,1928,CICERO,475.5038,679.8867,504.2396,2878.4581,2,69.40%,30.60%,3253
7679,7678,1506291,2359065,Risk 1 (High),60634,41.94242497,-87.80705285,0,1,0,License Re-Inspection,1915,HARLEM,592.3614,502.2162,1050.2052,3111.908,2,69.41%,30.59%,3254
94,93,1459956,3320,Risk 1 (High),60616,41.853702,-87.63870833,1,1,1,Short Form Complaint,1972,CANAL,506.6231,878.4088,877.189,2484.854,2,69.42%,30.58%,3255
6821,6820,1402170,2303714,Risk 1 (High),60640,41.966746,-87.66719663,0,0,0,License Re-Inspection,2009,CLARK,356.0011,871.1165,344.7489,1936.928,2,69.43%,30.57%,3256
3454,3453,1307604,1873306,Risk 1 (High),60629,41.77856521,-87.7401305,1,1,0,Complaint,1929,63RD,775.1936,466.0959,443.3041,4560.0189,2,69.43%,30.57%,3257
4301,4300,1508207,2008741,Risk 1 (High),60609,41.801396,-87.66836714,1,1,1,Canvass,1956,51st,648.0215,338.3447,352.2452,2337.4918,2,69.44%,30.56%,3258
4829,4828,1498058,2084793,Risk 1 (High),60618,41.94651094,-87.70896897,1,1,0,Canvass,1984,ADDISON,1469.3517,1014.466,502.0283,2316.6187,2,69.44%,30.56%,3259
5858,5857,1464593,2197134,Risk 1 (High),60660,41.9944448,-87.66017983,1,1,0,Canvass,2008,GRANVILLE,1089.2479,488.7613,349.8623,1863.2014,2,69.47%,30.53%,3260
5110,5109,1439418,2120697,Risk 1 (High),60611,41.89245291,-87.62249083,1,1,1,Complaint,1985,OHIO,386.1018,548.9546,58.077,1122.0465,2,69.48%,30.52%,3261
2825,2824,1372615,1649268,Risk 1 (High),60601,41.88621149,-87.62645226,1,0,1,Canvass Re-Inspection,1983,WABASH,848.8126,554.6856,470.393,1685.007,2,69.49%,30.51%,3262
3684,3683,1424561,1909273,Risk 1 (High),60630,41.96223481,-87.72771372,1,1,0,Canvass,1962,PULASKI,730.867,413.6974,379.6401,2250.5473,2,69.49%,30.51%,3263
3819,3818,1512789,1937407,Risk 1 (High),60638,41.77780768,-87.76867153,1,1,0,Canvass,1967,63RD,762.72,477.8569,546.6685,3559.4608,2,69.49%,30.51%,3264
1483,1482,1494047,75052,Risk 1 (High),60632,41.79748341,-87.72313507,1,1,0,Canvass,2006,PULASKI,942.6067,803.2234,384.4702,2968.9721,2,69.49%,30.51%,3265
4022,4021,1493510,1969710,Risk 1 (High),60601,41.88637741,-87.62438167,1,1,1,Canvass Re-Inspection,1980,MICHIGAN,327.0998,290.7699,471.9377,1779.399,2,69.51%,30.49%,3266
1343,1342,1493948,59961,Risk 1 (High),60609,41.82805948,-87.6812133,1,1,1,Complaint,1888,ARCHER,583.0088,683.9428,475.4044,3451.5484,2,69.52%,30.48%,3267
474,473,1296853,21253,Risk 1 (High),60620,41.73637382,-87.62723156,1,1,1,Complaint,1974,87TH,140.5215,436.0676,489.36,3305.4644,2,69.54%,30.46%,3268
1587,1586,1512848,86306,Risk 1 (High),60625,41.97653538,-87.6925248,1,1,0,Canvass,1987,LINCOLN,917.7009,700.4245,532.6047,2270.2937,2,69.58%,30.42%,3269
4152,4151,1473950,1986439,Risk 1 (High),60620,41.73562916,-87.66684643,0,1,1,Complaint Re-Inspection,1957,87TH,349.9167,510.2577,286.012,2909.0781,2,69.58%,30.42%,3270
103,102,1474113,3596,Risk 1 (High),60613,41.95436836,-87.65522418,1,1,1,Canvass,1905,IRVING,382.6547,238.2961,428.5473,2236.0601,2,69.58%,30.42%,3271
4724,4723,1501799,2069923,Risk 1 (High),60613,41.95130146,-87.67693521,1,1,1,Canvass,1906,LINCOLN,401.093,576.8339,325.2476,1817.3257,2,69.60%,30.40%,3272
4630,4629,1325271,2060861,Risk 2 (Medium),60624,41.87352017,-87.71063937,1,1,1,Short Form Complaint,1963,HARRISON,352.3862,461.7307,609.5176,1294.5433,2,69.60%,30.40%,3273
3877,3876,1307683,1947909,Risk 1 (High),60629,41.77528656,-87.72281928,1,1,0,Canvass,1961,PULASKI,219.1983,659.6809,739.5426,4548.9116,2,69.61%,30.39%,3274
3124,3123,1515256,1769408,Risk 1 (High),60625,41.97597609,-87.69249422,1,1,0,Canvass,1987,LINCOLN,828.4667,790.372,421.8385,2147.8886,2,69.62%,30.38%,3275
6763,6762,1396029,2298959,Risk 1 (High),60641,41.93848321,-87.76504728,0,1,0,License Re-Inspection,1929,BELMONT,257.7395,322.4291,441.1985,2764.2729,2,69.62%,30.38%,3276
3866,3865,1512223,1943508,Risk 1 (High),60638,41.77755028,-87.78226492,1,1,0,Canvass,1953,63RD,446.304,623.3106,832.3402,4032.9885,2,69.62%,30.38%,3277
2513,2512,1493896,1543338,Risk 2 (Medium),60620,41.75104541,-87.68302047,0,1,1,Canvass Re-Inspection,2005,WESTERN,428.6117,680.7693,955.7759,2382.5261,2,69.64%,30.36%,3278
67,66,1506307,1869,Risk 1 (High),60634,41.95837385,-87.76732076,1,1,0,Canvass,1960,CENTRAL,269.2656,822.4467,696.1689,2190.8926,2,69.64%,30.36%,3279
6807,6806,1501310,2303621,Risk 1 (High),60647,41.91593072,-87.68751558,1,1,0,Canvass,2006,WESTERN,614.209,436.5595,180.1299,2137.5946,2,69.65%,30.35%,3280
5000,4999,1490973,2108449,Risk 1 (High),60654,41.88915335,-87.64427854,0,1,1,Canvass Re-Inspection,2008,MILWAUKEE,84.2856,610.4342,695.6813,1205.1786,2,69.65%,30.35%,3281
1971,1970,1496616,1272603,Risk 1 (High),60610,41.8911158,-87.6339097,0,1,1,Canvass Re-Inspection,2004,WELLS,698.942,618.6909,451.8061,1139.5793,2,69.66%,30.34%,3282
4111,4110,1515311,1980376,Risk 1 (High),60625,41.97595236,-87.71340796,1,1,0,Canvass,1972,Kimball,440.5866,422.0705,521.8626,2326.4727,2,69.67%,30.33%,3283
6378,6377,1439604,2269986,Risk 1 (High),60611,41.89764609,-87.62711576,1,1,1,Canvass,1994,PEARSON,351.9402,353.8869,270.0474,1162.9379,2,69.67%,30.33%,3284
1407,1406,1496537,66197,Risk 1 (High),60613,41.95459185,-87.65496414,1,1,1,Complaint,1905,W,587.6875,277.708,404.8589,2248.2131,2,69.68%,30.32%,3285
7061,7060,1434227,2314109,Risk 1 (High),60644,41.88049228,-87.75427253,0,1,0,License,1938,MADISON,784.146,508.8017,365.9836,3217.1928,2,69.69%,30.31%,3286
5522,5521,1092888,2156690,Risk 1 (High),60657,41.93981401,-87.64911459,0,1,1,Canvass Re-Inspection,2009,HALSTED,426.1362,399.4898,336.504,250.2545,2,69.69%,30.31%,3287
4184,4183,1501513,1991620,Risk 1 (High),60609,41.79623488,-87.63040492,1,1,1,Complaint,1924,Wentworth,108.7314,555.407,844.6512,4185.9902,2,69.70%,30.30%,3288
4634,4633,1401293,2060959,Risk 1 (High),60638,41.77751202,-87.78498869,0,1,0,Canvass Re-Inspection,1962,63RD,972.9847,663.2833,960.371,4015.8983,2,69.71%,30.29%,3289
2453,2452,1325355,1513901,Risk 1 (High),60644,41.88020509,-87.75958649,1,1,0,Canvass,1917,MADISON,349.7399,341.4883,364.7422,3579.3101,2,69.71%,30.29%,3290
6153,6152,1490684,2246818,Risk 1 (High),60613,41.9584248,-87.67374278,0,1,1,Canvass Re-Inspection,1953,RAVENSWOOD,755.8335,358.2793,757.2874,1419.6785,2,69.71%,30.29%,3291
2527,2526,1512771,1544868,Risk 1 (High),60616,41.8560527,-87.62731126,1,1,1,Canvass,2004,STATE,547.9402,483.6772,827.5603,2040.156,2,69.74%,30.26%,3292
585,584,1512712,24099,Risk 1 (High),60609,41.80864676,-87.67177751,1,1,1,Canvass,1909,47TH,422.3676,377.8542,533.307,3495.9865,2,69.74%,30.26%,3293
2636,2635,1418582,1591573,Risk 1 (High),60646,41.99337576,-87.78427522,1,1,0,Canvass,1929,MILWAUKEE,820.5178,690.1869,503.1845,2103.1657,2,69.74%,30.26%,3294
4061,4060,1372688,1975258,Risk 1 (High),60601,41.88544439,-87.63258213,0,1,1,Canvass Re-Inspection,1972,LA,818.8239,411.2942,357.6708,1802.8776,2,69.75%,30.25%,3295
426,425,1325341,18299,Risk 1 (High),60644,41.88017546,-87.76196224,1,1,0,Canvass,1914,MADISON,684.0415,418.5507,412.67,3688.0729,2,69.75%,30.25%,3296
5241,5240,1473795,2133877,Risk 1 (High),60626,42.00781495,-87.66506815,0,1,1,Canvass Re-Inspection,1912,MORSE,881.4614,542.1532,465.795,1559.0793,2,69.75%,30.25%,3297
638,637,1497464,26296,Risk 1 (High),60616,41.85293752,-87.63376069,0,1,1,Canvass Re-Inspection,1998,CERMAK,187.7299,169.975,503.5824,1739.4542,2,69.77%,30.23%,3298
5312,5311,1434486,2137785,Risk 2 (Medium),60660,41.99808611,-87.65988358,0,1,1,Canvass Re-Inspection,1923,SHERIDAN,422.2493,793.2994,537.5476,1553.6979,2,69.78%,30.22%,3299
5245,5244,1387774,2133947,Risk 1 (High),60619,41.75109661,-87.60968301,0,1,1,Canvass,2008,79TH,344.6599,395.5146,290.4012,2562.5875,2,69.78%,30.22%,3300
4464,4463,1447425,2032750,Risk 1 (High),60606,41.87735119,-87.63504277,1,1,1,Canvass,1989,FRANKLIN,1255.444,761.3288,488.8484,1663.4258,2,69.78%,30.22%,3301
4191,4190,1401815,1992039,Risk 1 (High),60613,41.96160567,-87.67596677,0,1,1,Canvass Re-Inspection,1918,MONTROSE,357.0888,256.5902,289.1615,1532.4131,2,69.79%,30.21%,3302
486,485,1324870,21596,Risk 1 (High),60624,41.87016706,-87.70628937,0,1,1,Canvass Re-Inspection,1969,ARTHINGTON,218.0316,492.7242,349.8137,1012.5108,2,69.79%,30.21%,3303
5160,5159,1497495,2125211,Risk 2 (Medium),60657,41.93572547,-87.662931,0,1,1,Canvass Re-Inspection,1901,LINCOLN,302.4514,460.2251,166.2557,2136.9362,2,69.80%,30.20%,3304
5577,5576,1490256,2162352,Risk 1 (High),60613,41.9531257,-87.67787379,0,1,1,Canvass Re-Inspection,1901,LINCOLN,279.9807,687.8326,362.0528,1995.565,2,69.81%,30.19%,3305
6442,6441,1515315,2278220,Risk 1 (High),60606,41.87739707,-87.63504341,1,1,1,Canvass,1989,FRANKLIN,513.8778,762.5764,498.2263,1653.6941,2,69.81%,30.19%,3306
5838,5837,1501948,2196763,Risk 1 (High),60610,41.90380883,-87.63040711,1,1,1,Canvass,1981,DIVISION,482.2849,679.0116,289.7788,1392.4045,2,69.84%,30.16%,3307
3398,3397,1512646,1847417,Risk 1 (High),60625,41.97577826,-87.71561821,1,1,0,Canvass,1974,FOSTER,481.3451,315.6704,616.3352,2442.0179,2,69.84%,30.16%,3308
460,459,1497708,20608,Risk 1 (High),60613,41.96160879,-87.67573927,1,1,1,Canvass,1918,MONTROSE,94.5141,279.9475,268.1742,1519.9806,2,69.85%,30.15%,3309
1617,1616,1506279,1043591,Risk 1 (High),60634,41.93803468,-87.766332,1,1,0,Canvass,1939,CENTRAL,80.0303,486.4519,598.1284,2801.8362,2,69.86%,30.14%,3310
4487,4486,1501319,2036795,Risk 1 (High),60647,41.90996429,-87.71003733,1,1,0,Canvass,1990,NORTH,284.2787,620.6286,111.5618,2189.0928,2,69.86%,30.14%,3311
128,127,1385293,3833,Risk 1 (High),60639,41.90964984,-87.75269216,0,1,1,Complaint Re-Inspection,1958,NORTH,413.2852,300.8808,722.2525,743.8429,2,69.87%,30.13%,3312
2941,2940,1482266,1695019,Risk 1 (High),60659,41.99751644,-87.69592211,0,1,0,Complaint Re-Inspection,1953,DEVON,154.8755,350.4205,273.3456,2517.4243,2,69.90%,30.10%,3313
2372,2371,1307619,1488177,Risk 1 (High),60629,41.7760732,-87.72284125,1,1,0,Short Form Complaint,1968,PULASKI,1220.5594,713.2724,704.679,4496.4608,2,69.90%,30.10%,3314
6377,6376,1325287,2269939,Risk 1 (High),60612,41.88307572,-87.70603138,1,1,0,Complaint,2008,KEDZIE,173.4493,376.6523,168.9532,2224.7741,2,69.90%,30.10%,3315
4188,4187,1395745,1991902,Risk 1 (High),60634,41.95328748,-87.76730017,0,1,0,Canvass Re-Inspection,1955,Irving,452.2516,395.0639,787.8435,2579.3965,2,69.90%,30.10%,3316
5409,5408,1506276,2146635,Risk 1 (High),60634,41.95160567,-87.80707905,1,1,0,Canvass,1972,HARLEM,936.9829,758.2123,1030.2676,2012.6349,2,69.91%,30.09%,3317
7298,7297,1506272,2328475,Risk 1 (High),60634,41.95328748,-87.76730017,1,1,0,Canvass,1955,Irving,223.2097,395.0639,787.8435,2579.3965,2,69.92%,30.08%,3318
7511,7510,1497991,2349124,Risk 1 (High),60655,41.69163955,-87.68537627,1,1,0,Canvass,1957,111TH,694.5123,744.4749,1033.6637,6398.3044,2,69.92%,30.08%,3319
5517,5516,1439408,2153685,Risk 1 (High),60611,41.89347536,-87.62257467,0,1,1,Canvass Re-Inspection,1991,ST,236.4367,753.5121,320.4752,1447.5479,2,69.94%,30.06%,3320
2103,2102,1506278,1335179,Risk 1 (High),60634,41.95302778,-87.78643959,1,1,0,Canvass,1940,IRVING,674.7186,954.6005,1252.9126,3188.5617,2,69.97%,30.03%,3321
2911,2910,1493449,1679820,Risk 2 (Medium),60625,41.96438753,-87.70849248,1,1,0,Short Form Complaint,2006,KEDZIE,577.7559,822.9816,316.6869,1650.6109,2,69.98%,30.02%,3322
777,776,1506262,32111,Risk 1 (High),60634,41.95294851,-87.77670734,1,1,0,Canvass,1928,IRVING,605.1823,370.9739,435.8741,2628.8418,2,69.99%,30.01%,3323
2731,2730,1496889,1619627,Risk 1 (High),60652,41.74056837,-87.72177348,1,1,0,Complaint,2007,PULASKI,245.7972,472.0512,377.6852,3672.0409,2,69.99%,30.01%,3324
3236,3235,1401318,1816478,Risk 1 (High),60647,41.90996288,-87.71015785,0,1,0,Complaint Re-Inspection,1990,NORTH,185.6067,618.6781,99.9443,2221.0465,2,70.00%,30.00%,3325
5159,5158,1497479,2125190,Risk 1 (High),60641,41.95344677,-87.73558802,1,1,0,Canvass,1992,IRVING,187.7299,370.1577,1006.9051,2532.5023,2,70.00%,30.00%,3326
3890,3889,1512347,1948443,Risk 1 (High),60613,41.9469642,-87.6636616,1,1,1,Canvass,1911,ADDISON,924.5808,359.9626,461.1027,2276.1394,2,70.01%,29.99%,3327
4497,4496,1512833,2037491,Risk 1 (High),60622,41.90204391,-87.68685825,1,1,1,Canvass,1979,WESTERN,667.9931,348.6844,717.3482,1309.3709,2,70.02%,29.98%,3328
1155,1154,1459374,46226,Risk 1 (High),60641,41.95367057,-87.73536637,0,1,0,Canvass Re-Inspection,1992,IRVING,145.5484,374.8999,971.7323,2498.7199,2,70.03%,29.97%,3329
4729,4728,1424600,2073555,Risk 1 (High),60630,41.96794426,-87.74532767,1,1,0,Canvass,1924,LAWRENCE,48.0332,829.4809,386.4811,2885.8039,2,70.04%,29.96%,3330
4701,4700,1385695,2069193,Risk 2 (Medium),60644,41.88023794,-87.75707525,0,1,0,Canvass Re-Inspection,1929,MADISON,1068.9717,517.3604,292.2128,3416.0103,2,70.04%,29.96%,3331
1682,1681,1493258,1093503,Risk 2 (Medium),60625,41.97585969,-87.70846497,0,1,0,Canvass Re-Inspection,1987,FOSTER,182.759,621.4617,561.692,2246.5253,2,70.05%,29.95%,3332
4096,4095,1325314,1979999,Risk 1 (High),60612,41.87503334,-87.668753,1,1,1,Canvass,1972,CONGRESS,5212.6998,1688.6481,1118.03,2532.4251,2,70.06%,29.94%,3333
5469,5468,1501822,2152526,Risk 1 (High),60652,41.74074622,-87.72177864,1,1,0,Canvass,2007,PULASKI,244.5586,482.0609,341.051,3649.283,2,70.06%,29.94%,3334
3169,3168,1418554,1799794,Risk 1 (High),60646,41.99354322,-87.78443474,1,1,0,Canvass,1929,MILWAUKEE,338.1075,663.6561,429.6691,2106.1775,2,70.06%,29.94%,3335
1648,1647,1325006,1047081,Risk 1 (High),60612,41.87633988,-87.67439451,0,1,1,Canvass Re-Inspection,1965,VAN,488.6532,1191.4184,1296.2144,2652.6613,2,70.08%,29.92%,3336
2371,2370,1491107,1488054,Risk 1 (High),60634,41.95302966,-87.78628768,0,1,0,Canvass Re-Inspection,1940,IRVING,220.7789,953.3246,1230.7369,3188.0548,2,70.09%,29.91%,3337
184,183,1506247,6753,Risk 1 (High),60634,41.93706711,-87.76659234,1,1,0,Canvass,1948,CENTRAL,3085.0477,492.2161,539.3566,2770.563,2,70.13%,29.87%,3338
1954,1953,1391428,1249650,Risk 1 (High),60660,41.99740324,-87.65829455,0,1,1,Canvass Re-Inspection,1932,WINTHROP,320.608,620.7658,701.5406,1727.2225,2,70.13%,29.87%,3339
5656,5655,1464403,2177795,Risk 1 (High),60626,42.01592922,-87.66884761,1,1,0,Complaint,1974,JARVIS,478.2355,537.236,128.6633,2183.2946,2,70.13%,29.87%,3340
4460,4459,1506249,2032536,Risk 1 (High),60634,41.9378603,-87.7860694,1,1,0,Canvass,1958,NARRAGANSETT,565.912,726.4596,618.4366,2280.0633,2,70.13%,29.87%,3341
3595,3594,1418715,1893601,Risk 1 (High),60613,41.94980428,-87.65843709,1,1,1,Complaint,1901,CLARK,510.3993,488.6142,223.3457,2263.2786,2,70.15%,29.85%,3342
4945,4944,1506220,2098852,Risk 1 (High),60634,41.95996587,-87.76737288,1,1,0,Canvass,1950,CENTRAL,527.8259,492.4841,245.4275,2060.7321,2,70.17%,29.83%,3343
5640,5639,1464510,2177113,Risk 1 (High),60660,41.99468315,-87.65855621,1,1,1,Canvass,1924,GRANVILLE,295.2048,397.6266,655.6919,1886.6123,2,70.17%,29.83%,3344
2975,2974,1502149,1716759,Risk 1 (High),60613,41.95139559,-87.6766693,1,1,1,Canvass,1916,LINCOLN,756.2581,568.11,314.9767,1822.0592,2,70.17%,29.83%,3345
3778,3777,1513087,1927479,Risk 1 (High),60622,41.89102384,-87.67143806,1,1,1,Canvass,1927,GRAND,242.9291,395.2977,403.796,2338.7797,2,70.17%,29.83%,3346
7636,7635,1424514,2355257,Risk 1 (High),60630,41.97083376,-87.74482422,0,1,0,License Re-Inspection,1926,ELSTON,92.2867,340.0956,597.029,3161.88,2,70.18%,29.82%,3347
2878,2877,1434663,1676771,Risk 2 (Medium),60608,41.83414739,-87.67459786,0,1,0,Canvass Re-Inspection,2009,33RD,571.5747,771.9162,601.1651,3690.7749,2,70.18%,29.82%,3348
2644,2643,1512749,1592351,Risk 1 (High),60609,41.8093434,-87.64540779,1,1,1,Canvass,1990,HALSTED,305.0916,868.0911,592.7663,2375.0203,2,70.19%,29.81%,3349
6904,6903,1434665,2307908,Risk 2 (Medium),60608,41.83414739,-87.67459786,0,0,0,License,2009,33RD,298.6289,771.9162,601.1651,3690.7749,2,70.21%,29.79%,3350
5650,5649,1496836,2177499,Risk 1 (High),60616,41.85327022,-87.63424789,0,1,1,Canvass Re-Inspection,1998,ARCHER,1230.5838,264.3063,459.4012,1871.3167,2,70.21%,29.79%,3351
1439,1438,1471356,69607,Risk 2 (Medium),60634,41.95302136,-87.78695613,0,1,0,Canvass Re-Inspection,1989,IRVING,21087.1053,983.3368,1333.7622,3191.8177,2,70.22%,29.78%,3352
1772,1771,1464471,1143420,Risk 2 (Medium),60626,42.00072012,-87.66065603,1,1,1,Canvass Re-Inspection,1965,LOYOLA,840.7513,306.8911,822.3481,1211.7322,2,70.22%,29.78%,3353
4805,4804,1474172,2083872,Risk 2 (Medium),60643,41.72028188,-87.6818967,0,1,0,Canvass Re-Inspection,2008,WESTERN,792.7122,443.5134,1068.0716,5305.3021,2,70.23%,29.77%,3354
4163,4162,1424221,1986903,Risk 1 (High),60630,41.96802836,-87.7610597,1,1,0,Short Form Complaint,1880,MILWAUKEE,5120.1456,749.4119,326.7435,3788.0495,2,70.24%,29.76%,3355
5757,5756,1199563,2189291,Risk 2 (Medium),60661,41.88418751,-87.64111967,0,1,1,Canvass Re-Inspection,2000,CLINTON,390.4667,799.3478,698.9896,1672.9061,2,70.25%,29.75%,3356
5239,5238,1199537,2133832,Risk 1 (High),60661,41.88418751,-87.64111967,0,1,1,Canvass Re-Inspection,2000,CLINTON,380.2564,799.3478,698.9896,1672.9061,2,70.25%,29.75%,3357
598,597,1496496,24882,Risk 1 (High),60618,41.95776421,-87.68145271,1,1,1,Complaint,1902,LINCOLN,70.2142,717.107,333.965,1997.6396,2,70.25%,29.75%,3358
5353,5352,1402189,2141280,Risk 2 (Medium),60647,41.91711739,-87.72144502,0,1,0,Canvass Re-Inspection,2005,ARMITAGE,1373.605,519.0138,213.8083,1981.2908,2,70.26%,29.74%,3359
4648,4647,1325316,2064527,Risk 1 (High),60612,41.86888698,-87.68465603,1,1,1,Canvass,1909,TAYLOR,1559.4816,329.6314,236.1741,2633.9073,2,70.26%,29.74%,3360
2536,2535,1513031,1545191,Risk 1 (High),60641,41.96102084,-87.7309853,1,1,0,Canvass,1956,MONTROSE,282.9848,625.858,379.0582,2586.1577,2,70.27%,29.73%,3361
5424,5423,1502179,2147119,Risk 1 (High),60613,41.95350871,-87.67813956,1,1,1,Canvass,1911,LINCOLN,252.8483,647.3418,425.782,2029.0432,2,70.27%,29.73%,3362
4863,4862,1424651,2088929,Risk 1 (High),60630,41.96766784,-87.74018351,1,1,0,Canvass,1969,KENNETH,959.7032,547.0309,567.8671,2406.0276,2,70.30%,29.70%,3363
314,313,1325156,12502,Risk 1 (High),60612,41.86910774,-87.68458376,1,1,1,Complaint,1909,TAYLOR,572.8313,312.1442,278.3085,2660.8928,2,70.31%,29.69%,3364
6484,6483,1497947,2279389,Risk 1 (High),60641,41.94252001,-87.74711282,1,1,0,Canvass,1920,CICERO,295.5517,702.3366,253.6883,3147.0026,2,70.32%,29.68%,3365
1273,1272,1424547,53883,Risk 1 (High),60630,41.97713934,-87.75458801,1,1,0,Canvass,1970,ELSTON,1037.4983,670.7597,1098.6864,2744.5184,2,70.33%,29.67%,3366
2053,2052,1501524,1305892,Risk 1 (High),60655,41.69180631,-87.69007295,1,1,0,Canvass,1955,111TH,338.1075,1600.5311,1398.9513,6884.0383,2,70.33%,29.67%,3367
6253,6252,1435091,2256608,Risk 1 (High),60652,41.73914652,-87.70224631,0,1,0,Canvass Re-Inspection,2004,KEDZIE,248.83,358.3791,287.2457,4028.6708,2,70.34%,29.66%,3368
7643,7642,1497065,2355378,Risk 1 (High),60641,41.93851797,-87.76252173,0,1,0,License Re-Inspection,1958,BELMONT,554.3608,421.5363,395.5983,2417.2555,2,70.35%,29.65%,3369
6383,6382,1396124,2270450,Risk 1 (High),60641,41.93851797,-87.76252173,0,1,0,Canvass Re-Inspection,1958,BELMONT,331.7649,421.5363,395.5983,2417.2555,2,70.37%,29.63%,3370
2449,2448,1502109,1496143,Risk 1 (High),60625,41.96461176,-87.70849944,1,1,0,Canvass,2006,KEDZIE,408.5588,829.4442,270.7069,1729.4334,2,70.38%,29.62%,3371
5652,5651,1490340,2177676,Risk 1 (High),60608,41.85116232,-87.68576315,0,1,1,Canvass Re-Inspection,1976,WESTERN,123.6923,276.5924,281.4356,1467.6476,2,70.40%,29.60%,3372
2703,2702,1482351,1597703,Risk 1 (High),60626,42.01593541,-87.66839609,1,1,0,Short Form Fire-Complaint,1974,JARVIS,295.7615,537.6496,67.5946,2206.4557,2,70.40%,29.60%,3373
142,141,1418647,3953,Risk 1 (High),60659,41.99719738,-87.69948056,1,1,0,Complaint,1952,CALIFORNIA,416.8556,395.7381,333.9404,2756.8247,2,70.41%,29.59%,3374
99,98,1418540,3532,Risk 1 (High),60659,41.9905587,-87.69840026,1,1,0,Canvass,1970,PETERSON,570.3131,624.2217,234.829,2338.7628,2,70.41%,29.59%,3375
1913,1912,1399231,1228649,Risk 1 (High),60625,41.98020552,-87.69260038,0,1,0,Complaint Re-Inspection,1961,LINCOLN,80.2224,356.1892,519.0648,3040.1714,2,70.42%,29.58%,3376
5089,5088,1506254,2119864,Risk 1 (High),60634,41.93701055,-87.76659046,1,1,0,Canvass,1948,CENTRAL,546.0044,490.0369,535.0587,2768.6275,2,70.42%,29.58%,3377
4526,4525,1453633,2043262,Risk 3 (Low),60605,41.86683145,-87.62566961,0,1,1,Canvass Re-Inspection,2006,Wabash,360.097,396.1995,399.0693,1650.6087,2,70.42%,29.58%,3378
6226,6225,1497215,2254223,Risk 2 (Medium),60624,41.88070991,-87.73636108,0,0,1,License,1928,MADISON,884.9285,409.5762,344.901,1606.0554,2,70.43%,29.57%,3379
14,13,1506282,385,Risk 1 (High),60634,41.95127467,-87.80706638,1,1,0,Canvass,1979,HARLEM,305.8322,757.5126,983.3908,1977.5872,2,70.43%,29.57%,3380
2350,2349,1512984,1477344,Risk 1 (High),60616,41.85568293,-87.62213497,1,1,1,Complaint,2003,INDIANA,525.938,262.5426,225.6579,1677.2603,2,70.43%,29.57%,3381
7063,7062,1307355,2314138,Risk 1 (High),60629,41.7786605,-87.7318746,0,1,0,License Re-Inspection,1931,63RD,478.4625,646.7989,484.7952,5013.0225,2,70.44%,29.56%,3382
3845,3844,1385339,1942299,Risk 1 (High),60651,41.90202972,-87.76602279,1,1,0,Short Form Complaint,2008,DIVISION,186.9606,288.4752,295.0223,1603.7649,2,70.44%,29.56%,3383
6359,6358,1467566,2269625,Risk 1 (High),60607,41.88135674,-87.66549935,1,1,1,Canvass,1996,MADISON,322.8438,325.2224,628.4842,1474.9327,2,70.44%,29.56%,3384
5607,5606,1385279,2163764,Risk 1 (High),60639,41.91705432,-87.72670904,0,1,1,Canvass Re-Inspection,1916,ARMITAGE,220.044,604.2918,414.9145,1686.0794,2,70.45%,29.55%,3385
3042,3041,1471489,1740448,Risk 1 (High),60634,41.9379213,-87.7663274,1,1,0,Canvass,1951,CENTRAL,357.5182,493.7938,596.3343,2794.7586,2,70.49%,29.51%,3386
4088,4087,1480272,1979829,Risk 1 (High),60623,41.86590627,-87.72500867,0,1,1,Canvass Re-Inspection,1907,PULASKI,211.1133,413.5586,344.5125,2336.329,2,70.53%,29.47%,3387
5897,5896,1307541,2202626,Risk 1 (High),60621,41.77839545,-87.63515406,0,1,1,Canvass Re-Inspection,1962,Stewart,57.4163,528.0243,509.3765,3417.2916,2,70.54%,29.46%,3388
2845,2844,1325300,1649568,Risk 1 (High),60612,41.89059496,-87.68404797,1,1,1,Canvass,1943,GRAND,679.4964,869.5259,278.1269,1823.4074,2,70.56%,29.44%,3389
5899,5898,1493952,2202688,Risk 1 (High),60616,41.85372213,-87.63485287,0,1,1,Canvass Re-Inspection,1994,CHINA,608.3933,183.6971,457.4343,2043.7992,2,70.56%,29.44%,3390
6926,6925,1497971,2308079,Risk 1 (High),60641,41.93629987,-87.7567498,1,1,0,Canvass,1957,LARAMIE,334.9774,243.9556,251.6512,2447.5616,2,70.57%,29.43%,3391
1485,1484,1480394,75285,Risk 1 (High),60623,41.84437604,-87.70731997,1,1,1,Canvass,1939,26TH,350.9434,406.3029,477.1518,2303.7199,2,70.58%,29.42%,3392
2514,2513,1497637,1543377,Risk 1 (High),60652,41.75466012,-87.74138476,1,1,0,Canvass,2005,CICERO,21087.1053,1309.1745,1657.995,5852.1175,2,70.59%,29.41%,3393
744,743,1512599,30736,Risk 1 (High),60622,41.91236132,-87.66759255,1,1,1,Canvass,1979,ASHLAND,640.6198,479.4384,232.7893,1081.6091,2,70.59%,29.41%,3394
96,95,1493541,3523,Risk 1 (High),60638,41.77786303,-87.77717745,0,1,0,Canvass Re-Inspection,1956,63RD,489.0387,1133.6851,465.0425,3914.5176,2,70.60%,29.40%,3395
1429,1428,1464308,68669,Risk 1 (High),60645,41.99810458,-87.68974802,0,1,0,Canvass Re-Inspection,1985,WESTERN,812.6507,254.6107,352.0816,2329.475,2,70.62%,29.38%,3396
5011,5010,1385526,2108982,Risk 2 (Medium),60639,41.93114909,-87.76759887,1,1,0,Short Form Complaint,1953,DIVERSEY,994.3137,647.7098,649.6259,2932.6382,2,70.64%,29.36%,3397
24,23,1496937,833,Risk 1 (High),60633,41.65541665,-87.54729079,0,1,0,Canvass Re-Inspection,1903,BALTIMORE,184.7697,643.3013,520.5023,9308.4609,2,70.66%,29.34%,3398
6122,6121,1506230,2245839,Risk 1 (High),60634,41.94988417,-87.76703882,1,1,0,Canvass,1949,Central,100.7197,460.4837,772.0241,2980.6435,2,70.68%,29.32%,3399
4288,4287,1493954,2008463,Risk 1 (High),60616,41.85362261,-87.63505989,1,1,1,Canvass Re-Inspection,1994,CHINA,455.5263,212.3116,446.1426,2064.0843,2,70.68%,29.32%,3400
5837,5836,1464551,2196745,Risk 1 (High),60645,41.99832436,-87.69004959,1,1,0,Canvass,1985,WESTERN,434.7541,301.4385,374.3306,2356.2188,2,70.69%,29.31%,3401
5227,5226,1325315,2130324,Risk 1 (High),60612,41.87429616,-87.66761281,1,1,1,Canvass,1972,HARRISON,624.0385,1686.8537,1089.5349,2565.0829,2,70.70%,29.30%,3402
183,182,1325311,6698,Risk 2 (Medium),60624,41.87537502,-87.72563428,1,1,1,Canvass,1913,PULASKI,299.9187,414.8015,282.9051,2105.8958,2,70.70%,29.30%,3403
3228,3227,1501710,1804060,Risk 1 (High),60613,41.95062248,-87.66396866,1,1,1,Canvass,1916,3763,302.6725,572.8343,436.2521,2316.6785,2,70.70%,29.30%,3404
5022,5021,1418367,2109699,Risk 1 (High),60659,41.98950582,-87.70565777,1,1,0,Complaint,1958,LINCOLN,803.8843,793.7332,515.1548,2957.0183,2,70.76%,29.24%,3405
764,763,1512211,31349,Risk 1 (High),60609,41.80841187,-87.67341008,1,1,1,Canvass,1902,47TH,609.48,389.5989,188.2404,3582.8006,2,70.77%,29.23%,3406
6300,6299,1418514,2262715,Risk 1 (High),60659,41.98950582,-87.70565777,1,1,0,Canvass,1958,LINCOLN,435.943,793.7332,515.1548,2957.0183,2,70.80%,29.20%,3407
3465,3464,1372582,1874099,Risk 1 (High),60601,41.88463208,-87.62224799,0,1,1,Canvass Re-Inspection,2006,RANDOLPH,520.8808,819.7393,523.4633,1795.5677,2,70.82%,29.18%,3408
5425,5424,1372574,2147200,Risk 1 (High),60601,41.88463208,-87.62224799,0,1,1,Canvass Re-Inspection,2006,RANDOLPH,476.2282,819.7393,523.4633,1795.5677,2,70.82%,29.18%,3409
1189,1188,1501429,48126,Risk 1 (High),60613,41.9542799,-87.67773217,1,1,1,Canvass,1919,IRVING,446.7344,514.4793,410.2586,2064.1331,2,70.83%,29.17%,3410
4084,4083,1385758,1979653,Risk 1 (High),60641,41.94429816,-87.72748281,1,1,1,Canvass,1918,PULASKI,495.6645,417.289,558.9389,1709.4746,2,70.83%,29.17%,3411
6724,6723,1307610,2298254,Risk 1 (High),60629,41.78528982,-87.72308992,0,1,0,Canvass Re-Inspection,1959,PULASKI,1140.3291,571.8789,201.0719,4335.1439,2,70.84%,29.16%,3412
2793,2792,1493626,1646977,Risk 1 (High),60618,41.94328855,-87.68152785,0,1,1,Canvass Re-Inspection,1913,ROSCOE,478.4381,323.8008,196.4003,2019.2868,2,70.88%,29.12%,3413
4753,4752,1441586,2074472,Risk 1 (High),60613,41.94708534,-87.65663783,1,1,1,Canvass,1929,ADDISON,249.4304,597.2415,474.9754,2296.356,2,70.90%,29.10%,3414
225,224,1325382,8069,Risk 1 (High),60612,41.87146505,-87.66988445,1,1,1,Canvass,1959,POLK,967.5069,1395.6529,1066.5776,2915.6628,2,70.92%,29.08%,3415
1112,1111,1502087,43806,Risk 1 (High),60610,41.89633573,-87.63434063,1,1,1,Canvass,1994,WELLS,283.6846,615.0829,494.468,1783.1474,2,70.94%,29.06%,3416
1525,1524,1506245,78989,Risk 1 (High),60634,41.94921947,-87.80699727,1,1,0,Canvass,1985,HARLEM,425.2218,852.9356,869.0881,1924.6257,2,70.95%,29.05%,3417
731,730,1471319,30218,Risk 2 (Medium),60634,41.95265745,-87.80628847,0,1,0,Complaint Re-Inspection,2006,IRVING,314.8658,863.956,1280.5205,1965.7185,2,70.97%,29.03%,3418
971,970,1424611,37621,Risk 1 (High),60630,41.97290824,-87.74806178,1,1,0,Complaint,1972,CICERO,388.3491,478.1216,841.6825,2747.2973,2,70.98%,29.02%,3419
4107,4106,1506283,1980308,Risk 1 (High),60634,41.9467107,-87.80690904,1,1,0,Canvass,1961,HARLEM,279.1262,593.3709,671.6015,2229.2124,2,70.99%,29.01%,3420
3275,3274,1471450,1817894,Risk 1 (High),60634,41.93839141,-87.77211895,1,1,0,Canvass,1930,BELMONT,146.7349,659.2172,595.9553,3305.9892,2,71.00%,29.00%,3421
7387,7386,1512957,2340456,Risk 1 (High),60641,41.93894663,-87.74608562,1,1,0,Canvass,1928,Belmont,281.1011,404.6652,261.9117,3313.1047,2,71.01%,28.99%,3422
4860,4859,1497713,2088718,Risk 1 (High),60641,41.93660299,-87.7469461,1,1,0,Canvass,1923,CICERO,577.7559,711.3331,140.5124,3272.7091,2,71.02%,28.98%,3423
476,475,1464391,21275,Risk 1 (High),60626,42.00895173,-87.67380377,0,1,1,Canvass Re-Inspection,1938,CLARK,918.1181,839.7769,260.5657,1102.12,2,71.04%,28.96%,3424
1896,1895,1345838,1225984,Risk 2 (Medium),60646,41.99287544,-87.78352148,1,1,0,Canvass Re-Inspection,1955,MILWAUKEE,130.311,848.339,604.9062,2140.9255,2,71.05%,28.95%,3425
1208,1207,1418628,49184,Risk 1 (High),60659,41.98316196,-87.71037332,1,1,0,Canvass,1930,BRYN,315.701,335.1742,308.2291,3401.8162,2,71.06%,28.94%,3426
2458,2457,1474173,1514514,Risk 1 (High),60642,41.89008035,-87.65902295,1,1,1,Canvass,1968,HUBBARD,251.4487,601.8271,429.3714,2019.1624,2,71.07%,28.93%,3427
2621,2620,1418614,1578762,Risk 1 (High),60646,41.98972279,-87.77717308,1,1,0,Canvass,1932,ELSTON,173.5827,616.0075,889.7089,3092.6789,2,71.08%,28.92%,3428
1728,1727,1498007,1122732,Risk 1 (High),60625,41.98205255,-87.69354121,1,1,0,Canvass,1973,LINCOLN,658.1822,570.2039,415.8559,2893.4684,2,71.09%,28.91%,3429
946,945,1494159,36329,Risk 1 (High),60639,41.92392941,-87.77614439,1,1,0,Complaint,1964,FULLERTON,471.8823,456.1839,391.8927,2511.7018,2,71.09%,28.91%,3430
7432,7431,1506266,2341074,Risk 2 (Medium),60634,41.94466354,-87.80712948,1,1,0,Complaint,1948,HARLEM,979.2495,457.7886,776.125,2712.9953,2,71.09%,28.91%,3431
7761,7760,1385771,2363725,Risk 1 (High),60639,41.93128345,-87.75692121,0,1,0,License Re-Inspection,1959,DIVERSEY,300.6032,438.9657,530.9037,2962.3494,2,71.10%,28.90%,3432
6095,6094,1498205,2241060,Risk 1 (High),60653,41.80960925,-87.60892911,1,1,1,Canvass,2006,47TH,1049.6103,472.8818,130.8125,2365.6582,2,71.10%,28.90%,3433
811,810,1515376,33145,Risk 2 (Medium),60638,41.77594159,-87.74233869,0,1,0,Canvass Re-Inspection,1979,CICERO,158.5444,700.6902,824.6337,4554.0041,2,71.11%,28.89%,3434
1950,1949,1424524,1249180,Risk 1 (High),60630,41.96810465,-87.73053778,1,1,0,Canvass,2006,LAWRENCE,361.7692,922.6291,548.4802,1994.4084,2,71.11%,28.89%,3435
3908,3907,1408266,1953503,Risk 1 (High),60647,41.93192147,-87.70774191,1,1,1,Canvass,1924,DIVERSEY,478.4365,411.9282,38.8249,1446.955,2,71.12%,28.88%,3436
179,178,1496862,6503,Risk 1 (High),60625,41.98222979,-87.6938395,1,1,0,Canvass,1973,LINCOLN,1157.144,582.9941,399.4694,2899.6564,2,71.12%,28.88%,3437
3761,3760,1506290,1926609,Risk 1 (High),60634,41.94376517,-87.80680786,1,1,0,Canvass,1949,HARLEM,110.0156,338.3438,862.8906,2806.0003,2,71.16%,28.84%,3438
4119,4118,1391448,1980934,Risk 1 (High),60626,42.01920331,-87.67357924,0,1,0,Canvass Re-Inspection,2006,PAULINA,1719.449,929.7219,938.882,2802.7401,2,71.17%,28.83%,3439
2082,2081,1447351,1332657,Risk 1 (High),60606,41.8855345,-87.63667609,0,1,1,Canvass Re-Inspection,2002,WACKER,268.7964,715.6579,572.3085,1862.0562,2,71.17%,28.83%,3440
2287,2286,1307293,1448062,Risk 1 (High),60629,41.76558422,-87.72258229,1,1,0,Complaint Re-Inspection,1948,PULASKI,130.3599,612.4688,186.1808,4819.2515,2,71.19%,28.81%,3441
7036,7035,1464504,2313741,Risk 1 (High),60645,41.99776376,-87.69979572,1,1,0,Complaint,1961,CALIFORNIA,310.3609,439.4051,331.6442,2840.3856,2,71.19%,28.81%,3442
1965,1964,1501687,1272242,Risk 1 (High),60641,41.93808077,-87.74671198,1,1,0,Canvass,1924,CICERO,366.0096,522.9664,103.5246,3280.0287,2,71.23%,28.77%,3443
4105,4104,1447584,1980249,Risk 1 (High),60606,41.88562873,-87.6356835,1,1,1,Canvass,1990,LAKE,217.7341,552.1526,428.5832,1979.6454,2,71.23%,28.77%,3444
3563,3562,1513046,1888659,Risk 1 (High),60641,41.96101332,-87.73169103,1,1,0,Canvass,1973,MONTROSE,337.5213,648.5041,285.3729,2472.1749,2,71.24%,28.76%,3445
2407,2406,1424357,1492287,Risk 1 (High),60630,41.96400775,-87.73395032,1,1,0,Short Form Complaint,1973,ELSTON,381.8158,243.5605,116.7302,2246.7886,2,71.25%,28.75%,3446
1741,1740,1502019,1140054,Risk 1 (High),60638,41.78932932,-87.74164564,1,1,0,Canvass,2004,CICERO,1629.5847,1831.7234,1593.5354,4880.1148,2,71.26%,28.74%,3447
4573,4572,1498065,2050066,Risk 2 (Medium),60610,41.90399738,-87.63130111,0,1,1,Canvass Re-Inspection,1987,CLARK,790.5701,702.7303,52.2338,1499.1441,2,71.27%,28.73%,3448
1233,1232,1480335,50821,Risk 1 (High),60623,41.84442867,-87.70323687,1,1,1,Canvass Re-Inspection,1989,26TH,842.0538,347.5745,956.0833,2185.8676,2,71.28%,28.72%,3449
5124,5123,1325320,2121162,Risk 1 (High),60624,41.87326901,-87.725555,1,1,1,Canvass,1911,PULASKI,289.5368,581.3529,243.6471,2320.5639,2,71.28%,28.72%,3450
1891,1890,1325352,1225256,Risk 1 (High),60644,41.88012913,-87.76535056,1,1,0,Canvass,1921,MADISON,357.8425,534.3097,226.5799,3813.3231,2,71.29%,28.71%,3451
7181,7180,1464612,2321023,Risk 1 (High),60626,42.0190979,-87.67356676,1,1,0,Canvass,2006,PAULINA,240.811,906.4006,926.4828,2784.06,2,71.31%,28.69%,3452
2009,2008,1515293,1276903,Risk 1 (High),60625,41.97639504,-87.67926724,1,1,0,Canvass,2006,DAMEN,844.201,595.9288,232.9993,2338.0413,2,71.33%,28.67%,3453
3096,3095,1482244,1767058,Risk 1 (High),60659,41.98900775,-87.70482244,1,1,0,Canvass Re-Inspection,1965,LINCOLN,230.8774,684.0934,405.159,2895.3651,2,71.34%,28.66%,3454
759,758,1471311,31100,Risk 1 (High),60634,41.9386272,-87.77083025,1,1,0,Complaint,1951,BELMONT,830.5921,543.7631,709.9841,3196.644,2,71.36%,28.64%,3455
2528,2527,1512306,1544882,Risk 1 (High),60638,41.78932932,-87.74164564,1,1,0,Canvass,2004,CICERO,584.0556,1831.7234,1593.5354,4880.1148,2,71.37%,28.63%,3456
2903,2902,1497419,1679112,Risk 1 (High),60620,41.7354087,-87.66290968,1,1,1,Canvass,2005,ASHLAND,188.5969,657.4265,340.076,2680.4109,2,71.37%,28.63%,3457
2166,2165,1512302,1358602,Risk 1 (High),60638,41.78932932,-87.74164564,1,1,0,Canvass,2004,CICERO,560.1871,1831.7234,1593.5354,4880.1148,2,71.38%,28.62%,3458
1767,1766,1501984,1142728,Risk 1 (High),60638,41.78932932,-87.74164564,1,1,0,Canvass,2004,CICERO,453.6722,1831.7234,1593.5354,4880.1148,2,71.39%,28.61%,3459
1798,1797,1512312,1165412,Risk 1 (High),60638,41.78932932,-87.74164564,1,1,0,Canvass,2004,CICERO,441.2905,1831.7234,1593.5354,4880.1148,2,71.39%,28.61%,3460
7062,7061,1325303,2314120,Risk 1 (High),60612,41.8810777,-87.68477071,1,1,0,Canvass,2006,MADISON,47.7343,454.0955,612.7636,3628.6582,2,71.40%,28.60%,3461
3223,3222,1418655,1803745,Risk 1 (High),60659,41.98786036,-87.70336738,1,1,0,Canvass,1961,LINCOLN,48.3195,567.6682,205.8126,2797.1352,2,71.41%,28.59%,3462
1404,1403,1307567,65987,Risk 1 (High),60629,41.7830976,-87.72273813,0,1,0,Canvass Re-Inspection,1954,PULASKI,133.9994,583.8151,44.5732,4442.908,2,71.42%,28.58%,3463
2167,2166,1512300,1358610,Risk 1 (High),60638,41.78932932,-87.74164564,1,1,0,Canvass,2004,CICERO,152.5768,1831.7234,1593.5354,4880.1148,2,71.42%,28.58%,3464
5587,5586,1418473,2163012,Risk 1 (High),60646,41.98996531,-87.73343294,1,1,0,Canvass,1989,Peterson,384.6127,1228.386,911.481,2623.067,2,71.42%,28.58%,3465
4073,4072,1199401,1979236,Risk 1 (High),60614,41.92568726,-87.64095824,0,1,1,Canvass Re-Inspection,1972,FULLERTON,333.83,389.3582,92.7374,1593.1095,2,71.46%,28.54%,3466
7595,7594,1515526,2354409,Risk 2 (Medium),60632,41.83029607,-87.69005861,0,1,0,License Re-Inspection,2006,35TH,197.3581,616.9716,730.3847,4203.5827,2,71.47%,28.53%,3467
3577,3576,1512702,1892283,Risk 1 (High),60654,41.89406892,-87.63641744,1,1,1,Complaint,1994,ERIE,243.6874,584.1981,327.7392,1774.8596,2,71.47%,28.53%,3468
3005,3004,1459673,1718772,Risk 2 (Medium),60625,41.97571673,-87.67924581,0,1,0,Complaint Re-Inspection,2006,DAMEN,904.5383,633.1082,166.3262,2335.8867,2,71.52%,28.48%,3469
6548,6547,1497987,2284520,Risk 1 (High),60625,41.97571596,-87.69219929,1,1,1,Canvass,1907,LINCOLN,163.629,834.1976,353.6583,2068.0697,2,71.53%,28.47%,3470
5088,5087,1434730,2119813,Risk 1 (High),60641,41.93660953,-87.74665221,0,1,0,Canvass Re-Inspection,1931,CICERO,706.4445,685.8361,140.4963,3315.6408,2,71.55%,28.45%,3471
1664,1663,1395535,1070038,Risk 1 (High),60638,41.79363271,-87.80143327,0,1,1,Canvass Re-Inspection,1986,HARLEM,119.3269,993.281,1048.4765,1574.7885,2,71.56%,28.44%,3472
4388,4387,1464457,2021764,Risk 1 (High),60645,42.01187856,-87.70337003,1,1,0,Canvass,1959,TOUHY,362.8202,994.0287,685.017,3223.6576,2,71.57%,28.43%,3473
3747,3746,1512807,1922096,Risk 1 (High),60620,41.74953362,-87.68297971,1,1,1,Canvass,2009,WESTERN,192.331,584.0871,552.0358,2530.6257,2,71.57%,28.43%,3474
4428,4427,1473474,2027592,Risk 1 (High),60642,41.91030128,-87.64887891,1,1,1,Short Form Complaint,2010,CLYBOURN,530.7181,950.4968,333.4649,1162.3425,2,71.58%,28.42%,3475
696,695,1512925,28488,Risk 2 (Medium),60629,41.77854419,-87.74189535,1,1,0,Canvass Re-Inspection,1994,63RD,178.2988,497.2554,806.7317,4398.1015,2,71.59%,28.41%,3476
7468,7467,1418666,2341751,Risk 1 (High),60659,41.98805968,-87.70370445,1,1,0,Canvass,1968,LINCOLN,374.412,562.0122,278.0047,2813.2993,2,71.59%,28.41%,3477
5340,5339,1372497,2138483,Risk 1 (High),60601,41.88458837,-87.62327256,1,1,1,Complaint,2006,RANDOLPH,332.7644,712.2394,377.8055,1894.7323,2,71.60%,28.40%,3478
5933,5932,1402094,2203859,Risk 1 (High),60653,41.83065731,-87.61681053,1,1,1,Short Form Complaint,2004,DR,715.9465,685.6516,471.009,2673.0995,2,71.63%,28.37%,3479
2060,2059,1418555,1330081,Risk 1 (High),60659,41.99767708,-87.69924898,1,1,0,Canvass,1966,DEVON,250.8004,394.5085,215.9148,2770.3229,2,71.63%,28.37%,3480
5559,5558,1501769,2158073,Risk 1 (High),60601,41.88637482,-87.62467544,1,1,1,Canvass,2014,MICHIGAN,708.6432,294.4854,445.9433,1834.6763,2,71.63%,28.37%,3481
4262,4261,1497468,2003825,Risk 2 (Medium),60623,41.84855902,-87.72453224,1,1,1,Short Form Complaint,2010,PULASKI,336.6037,770.4642,842.5693,1389.4144,2,71.65%,28.35%,3482
15,14,1460196,404,Risk 1 (High),60618,41.95953928,-87.6884838,0,1,1,Canvass Re-Inspection,1927,WESTERN,786.6332,583.1279,612.6643,2269.2382,2,71.67%,28.33%,3483
5812,5811,1501772,2196249,Risk 1 (High),60601,41.88637482,-87.62467544,1,1,1,Canvass,2014,MICHIGAN,279.4914,294.4854,445.9433,1834.6763,2,71.68%,28.32%,3484
5590,5589,1512249,2163234,Risk 1 (High),60638,41.77793892,-87.74242376,1,1,0,Complaint,2002,CICERO,344.9982,505.7132,886.4201,4381.8541,2,71.71%,28.29%,3485
1794,1793,1473391,1145606,Risk 1 (High),60632,41.80764585,-87.73272528,1,1,0,Canvass Re-Inspection,1991,47TH,423.4536,559.3119,532.904,4032.891,2,71.72%,28.28%,3486
3754,3753,1383435,1923054,Risk 1 (High),60607,41.86954627,-87.65550099,0,1,1,Canvass Re-Inspection,1938,TAYLOR,338.1075,690.2574,535.17,3237.7308,2,71.73%,28.27%,3487
1969,1968,1467383,1272459,Risk 2 (Medium),60607,41.86736269,-87.63929319,1,1,1,Short Form Complaint,2005,ROOSEVELT,55.3186,1325.2768,1072.5446,2697.0039,2,71.74%,28.26%,3488
115,114,1493242,3738,Risk 2 (Medium),60618,41.9468234,-87.69353264,1,0,1,Canvass,1959,ADDISON,179.405,1076.3007,699.1665,1745.1381,2,71.76%,28.24%,3489
5811,5810,1490810,2196203,Risk 1 (High),60618,41.95230871,-87.71734716,0,1,1,Canvass Re-Inspection,1934,ELSTON,334.1037,397.684,472.0196,1677.5946,2,71.78%,28.22%,3490
473,472,1467404,21159,Risk 1 (High),60607,41.8695505,-87.65520492,1,1,1,Canvass Re-Inspection,1938,TAYLOR,531.9082,734.073,523.2649,3253.3935,2,71.79%,28.21%,3491
4597,4596,1512618,2055457,Risk 1 (High),60629,41.77835934,-87.73875955,1,1,0,Complaint,1957,63RD,320.608,545.1403,326.621,4702.4174,2,71.79%,28.21%,3492
3435,3434,1497641,1869265,Risk 1 (High),60609,41.81704209,-87.63136993,1,1,1,Canvass,2008,WENTWORTH,268.0383,350.2175,581.1899,2727.5542,2,71.79%,28.21%,3493
4239,4238,1515251,2002747,Risk 1 (High),60609,41.83012507,-87.66570582,1,1,1,Canvass,1989,ASHLAND,277.028,768.0056,888.665,2882.8417,2,71.81%,28.19%,3494
3009,3008,1464577,1719200,Risk 1 (High),60626,41.99959506,-87.66053179,1,1,1,Canvass,1991,SHERIDAN,235.3823,319.8757,741.9856,1155.1078,2,71.82%,28.18%,3495
6451,6450,1418553,2278606,Risk 1 (High),60646,41.99179512,-87.78244708,1,1,0,Canvass,1954,MILWAUKEE,295.0654,700.5084,369.3235,2205.0142,2,71.82%,28.18%,3496
7273,7272,1493658,2327923,Risk 1 (High),60614,41.92163371,-87.65317222,0,1,1,License,2009,WEBSTER,665.1676,364.3291,245.3206,1048.7195,2,71.82%,28.18%,3497
6321,6320,1501511,2263368,Risk 1 (High),60618,41.93377438,-87.71535085,1,1,1,Canvass,1920,MILWAUKEE,938.7909,445.7024,189.1731,1868.7533,2,71.83%,28.17%,3498
1498,1497,1496502,76503,Risk 1 (High),60618,41.94431195,-87.70525482,1,1,1,Canvass Re-Inspection,1915,ELSTON,705.6011,544.1933,271.7652,2088.097,2,71.83%,28.17%,3499
6101,6100,1424482,2245254,Risk 1 (High),60630,41.96754537,-87.77701144,1,1,0,Complaint,1926,LAWRENCE,332.1421,857.8351,78.5972,2727.0752,2,71.83%,28.17%,3500
365,364,1385335,15281,Risk 1 (High),60639,41.92395714,-87.77444354,0,1,0,Canvass Re-Inspection,1961,FULLERTON,1559.4816,292.6178,75.6953,2552.0561,2,71.85%,28.15%,3501
2230,2229,1418700,1422751,Risk 2 (Medium),60659,41.9923449,-87.7103231,1,0,0,Short Form Complaint,1956,LINCOLN,420.4629,811.1698,714.6256,3533.2458,2,71.85%,28.15%,3502
5349,5348,1464558,2141146,Risk 1 (High),60645,42.0121001,-87.68355621,1,1,1,Canvass,1915,TOUHY,352.2149,705.8812,207.7922,1639.8327,2,71.87%,28.13%,3503
4540,4539,1501878,2048240,Risk 1 (High),60641,41.93881423,-87.75626562,1,1,0,Canvass,1990,Belmont,345.5478,369.479,323.2559,2307.3344,2,71.87%,28.13%,3504
2391,2390,1395524,1490060,Risk 1 (High),60622,41.89868746,-87.66721716,0,1,1,Complaint Re-Inspection,2006,ASHLAND,778.9894,283.1099,205.1705,1121.235,2,71.87%,28.13%,3505
6432,6431,1459740,2278002,Risk 2 (Medium),60707,41.93100243,-87.79501517,0,1,0,Canvass Re-Inspection,1966,W,331.4696,662.0354,255.6065,2264.3948,2,71.88%,28.12%,3506
1219,1218,1471370,49702,Risk 1 (High),60634,41.93855424,-87.77648957,1,1,0,Complaint,1947,BELMONT,58.694,865.6326,651.5558,3275.8435,2,71.89%,28.11%,3507
5128,5127,1296825,2121302,Risk 1 (High),60643,41.69064636,-87.66415607,1,1,1,Complaint,1961,VINCENNES,922.9803,718.0719,471.851,4372.3049,2,71.92%,28.08%,3508
2760,2759,1467376,1621661,Risk 1 (High),60607,41.86468206,-87.64628815,1,1,1,Canvass Re-Inspection,2005,MAXWELL,116.6757,1002.7532,525.0541,2070.1799,2,71.93%,28.07%,3509
411,410,1501915,17726,Risk 1 (High),60609,41.82406978,-87.66572068,1,1,1,Canvass,1939,ASHLAND,959.7032,755.2263,151.0329,3152.4578,2,71.93%,28.07%,3510
5319,5318,1512822,2138021,Risk 1 (High),60707,41.90918795,-87.79091085,1,1,0,Canvass,2005,NORTH,358.7058,516.0387,1480.8756,3226.0286,2,71.94%,28.06%,3511
705,704,1506243,28851,Risk 1 (High),60634,41.93758152,-87.76631489,1,1,0,Canvass,1979,CENTRAL,1191.1125,504.0588,576.3527,2776.1985,2,71.97%,28.03%,3512
6370,6369,1497800,2269747,Risk 1 (High),60652,41.75595601,-87.74143262,1,1,0,Canvass,2005,CICERO,288.5576,1753.8029,2114.1697,6024.8626,2,71.99%,28.01%,3513
6247,6246,1515336,2256369,Risk 1 (High),60607,41.86566498,-87.64672598,1,1,1,Canvass,2005,HALSTED,402.0808,1165.1873,751.9337,2351.0687,2,72.00%,28.00%,3514
6338,6337,1494048,2263938,Risk 2 (Medium),60613,41.95820123,-87.65303477,0,1,1,Canvass Re-Inspection,1984,BROADWAY,1885.6577,444.6277,173.2778,1244.1935,2,72.02%,27.98%,3515
2138,2137,1513142,1354954,Risk 1 (High),60642,41.89088178,-87.66640917,1,1,1,Canvass,1951,GRAND,294.0696,712.9877,457.9068,2638.9083,2,72.02%,27.98%,3516
6709,6708,1473787,2294282,Risk 1 (High),60638,41.79651795,-87.7579178,0,1,0,Canvass Re-Inspection,1923,ARCHER,384.7284,685.791,950.3224,5804.2846,2,72.05%,27.95%,3517
2283,2282,1512642,1447643,Risk 1 (High),60629,41.77860615,-87.73659164,1,1,0,Canvass,1950,63RD,317.6829,667.5594,295.2467,4928.3462,2,72.07%,27.93%,3518
5335,5334,1464211,2138384,Risk 1 (High),60626,41.99939153,-87.66052443,0,1,1,Canvass Re-Inspection,1991,SHERIDAN,386.8539,348.2887,684.3141,1192.2511,2,72.09%,27.91%,3519
681,680,1473214,28117,Risk 1 (High),60634,41.94768153,-87.80694263,0,1,0,Canvass Re-Inspection,1989,HARLEM,559.9046,710.0379,678.8137,2069.012,2,72.09%,27.91%,3520
4232,4231,1325309,2002512,Risk 1 (High),60624,41.86615081,-87.71852064,1,1,1,Canvass,1938,ROOSEVELT,2797.0337,287.606,252.0731,2364.2307,2,72.10%,27.90%,3521
1215,1214,1480226,49607,Risk 1 (High),60623,41.84319125,-87.72437351,1,1,1,Canvass Re-Inspection,1967,PULASKI,898.908,447.6286,524.2339,2151.9069,2,72.10%,27.90%,3522
5737,5736,1490435,2185211,Risk 1 (High),60632,41.79510786,-87.70345956,0,1,1,Canvass Re-Inspection,1957,KEDZIE,104.9684,520.1318,525.3752,3055.3958,2,72.10%,27.90%,3523
3764,3763,1473219,1926624,Risk 1 (High),60707,41.9237393,-87.79134898,1,1,0,Canvass Re-Inspection,2005,FULLERTON,412.5427,738.0648,937.1527,2488.1758,2,72.12%,27.88%,3524
61,60,1501402,1766,Risk 1 (High),60618,41.94663959,-87.71494918,1,1,1,Canvass,1923,ADDISON,338.6351,1156.7322,429.2395,2022.1087,2,72.15%,27.85%,3525
3146,3145,1471376,1772290,Risk 2 (Medium),60634,41.93849348,-87.78119683,0,1,0,Canvass Re-Inspection,1974,BELMONT,234.5883,898.0003,612.0956,2734.452,2,72.20%,27.80%,3526
5155,5154,1498185,2125127,Risk 2 (Medium),60609,41.81120769,-87.68466091,1,1,1,Short Form Complaint,1958,WESTERN,285.9343,285.4631,683.1761,3379.2592,2,72.20%,27.80%,3527
5502,5501,1325308,2153382,Risk 1 (High),60624,41.86646384,-87.71017083,1,1,1,Canvass,2005,ROOSEVELT,312.9694,503.8013,469.4298,1289.4428,2,72.21%,27.79%,3528
2530,2529,1490879,1544916,Risk 2 (Medium),60647,41.92820408,-87.68225483,0,1,1,Canvass Re-Inspection,1987,ELSTON,257.1206,1056.7589,1068.2599,2113.971,2,72.21%,27.79%,3529
227,226,1345897,8228,Risk 2 (Medium),60659,41.99025485,-87.71076324,0,1,0,Canvass Re-Inspection,1959,PETERSON,104.5319,904.6307,498.9539,3345.9355,2,72.22%,27.78%,3530
5723,5722,1471431,2184668,Risk 1 (High),60634,41.94739919,-87.80693252,1,1,0,Complaint,1989,HARLEM,628.4924,666.9969,663.8414,2110.6597,2,72.23%,27.77%,3531
2246,2245,1385220,1443887,Risk 2 (Medium),60639,41.92366106,-87.76612552,1,1,0,Short Form Complaint,2007,CENTRAL,488.0519,770.8006,466.9948,2271.7467,2,72.26%,27.74%,3532
2689,2688,1325302,1595973,Risk 1 (High),60612,41.87576697,-87.70584763,1,1,1,Canvass,1985,VAN,578.9543,906.8095,879.8892,2163.1017,2,72.27%,27.73%,3533
3949,3948,1473980,1959797,Risk 1 (High),60613,41.94955706,-87.6494093,0,1,1,Complaint Re-Inspection,1988,HALSTED,1336.7404,508.0884,448.7132,1694.1275,2,72.29%,27.71%,3534
2259,2258,1506265,1445212,Risk 1 (High),60634,41.95421758,-87.78674724,1,1,0,Canvass,1989,NARRAGANSETT,319.3026,894.6119,1380.3852,3164.1248,2,72.29%,27.71%,3535
4391,4390,1497854,2022109,Risk 1 (High),60641,41.93575126,-87.74691044,1,1,0,Canvass,1951,Cicero,436.9909,649.268,234.9024,3295.4031,2,72.30%,27.70%,3536
129,128,1506222,3846,Risk 1 (High),60634,41.94330397,-87.7665198,1,1,0,Canvass,1972,CENTRAL,231.2678,636.7437,488.213,2836.2154,2,72.31%,27.69%,3537
5984,5983,1471471,2229561,Risk 1 (High),60634,41.93841273,-87.77043454,1,1,0,Canvass,1970,BELMONT,166.1521,578.0056,712.0035,3141.4343,2,72.31%,27.69%,3538
3835,3834,1387737,1938179,Risk 1 (High),60619,41.74354676,-87.62425219,1,1,1,Canvass,2009,83RD,208.2739,365.0093,280.2344,3331.6378,2,72.32%,27.68%,3539
1992,1991,1464295,1273761,Risk 2 (Medium),60645,42.019439,-87.69032202,1,1,0,Canvass Re-Inspection,2006,WESTERN,135.6004,961.1373,1013.5,3028.834,2,72.32%,27.68%,3540
6938,6937,1424258,2308186,Risk 1 (High),60630,41.96766365,-87.76825902,0,0,0,License,1925,LAWRENCE,599.8609,642.6231,320.3948,3359.1713,2,72.32%,27.68%,3541
81,80,1307671,2086,Risk 1 (High),60629,41.7786963,-87.72871397,0,1,0,Canvass Re-Inspection,1960,63RD,434.7541,474.7255,224.0237,4856.499,2,72.33%,27.67%,3542
7692,7691,1506239,2359281,Risk 1 (High),60634,41.95407306,-87.78674347,0,1,0,License Re-Inspection,1989,NARRAGANSETT,125.4678,902.0526,1374.6595,3165.2171,2,72.33%,27.67%,3543
4695,4694,1385328,2069059,Risk 1 (High),60639,41.92046343,-87.77570034,0,1,0,Canvass Re-Inspection,2007,GRAND,2595.0156,499.4832,480.7134,2325.2723,2,72.34%,27.66%,3544
4735,4734,1434785,2073945,Risk 1 (High),60655,41.69147451,-87.69937889,0,1,0,Canvass Re-Inspection,1909,111TH,543.1808,1213.5274,608.2703,7532.6363,2,72.34%,27.66%,3545
6326,6325,1385564,2263410,Risk 2 (Medium),60639,41.90988759,-87.73460202,0,1,1,Complaint Re-Inspection,1984,NORTH,648.0344,325.5789,631.8237,1253.3578,2,72.34%,27.66%,3546
6937,6936,1424257,2308185,Risk 1 (High),60630,41.96766365,-87.76825902,0,1,0,License Re-Inspection,1925,LAWRENCE,394.5335,642.6231,320.3948,3359.1713,2,72.34%,27.66%,3547
1935,1934,1497884,1245927,Risk 1 (High),60618,41.94966455,-87.68819214,1,1,1,Complaint,1990,WESTERN,768.6258,669.9779,504.8962,1196.8226,2,72.35%,27.65%,3548
4439,4438,1418569,2031617,Risk 1 (High),60659,41.99212801,-87.70998356,1,1,0,Canvass,1965,LINCOLN,376.7502,778.2829,670.2242,3490.9333,2,72.35%,27.65%,3549
4434,4433,1512943,2027901,Risk 1 (High),60622,41.90302755,-87.68027297,1,1,1,Canvass,2006,DIVISION,236.7105,372.3284,219.0796,1105.7716,2,72.43%,27.57%,3550
4017,4016,1418331,1969527,Risk 2 (Medium),60659,41.99021233,-87.71404362,1,1,0,Canvass Re-Inspection,1950,PETERSON,654.8356,422.4184,372.5061,3495.716,2,72.50%,27.50%,3551
1948,1947,1385709,1248852,Risk 1 (High),60639,41.92404294,-87.76903221,1,1,0,Complaint,2005,FULLERTON,428.0973,483.7414,598.7979,2538.8665,2,72.51%,27.49%,3552
3403,3402,1467238,1847660,Risk 1 (High),60607,41.88448745,-87.64919116,1,1,1,Canvass Re-Inspection,2006,RANDOLPH,307.1179,409.4094,152.8219,1650.043,2,72.52%,27.48%,3553
5057,5056,1418598,2114550,Risk 1 (High),60646,41.99349496,-87.78402774,1,1,0,Canvass,1978,MILWAUKEE,630.8712,744.5516,525.7721,2148.6587,2,72.55%,27.45%,3554
5893,5892,1434365,2202621,Risk 1 (High),60642,41.9001948,-87.66266462,0,1,1,Canvass Re-Inspection,2006,NOBLE,193.7522,290.3341,278.0161,1490.542,2,72.56%,27.44%,3555
7327,7326,1493867,2333431,Risk 1 (High),60641,41.95391362,-87.74791096,0,0,0,License,2007,MILWAUKEE,391.0124,391.67,549.5854,2458.971,2,72.56%,27.44%,3556
5937,5936,1471468,2204039,Risk 1 (High),60634,41.94520738,-87.81568964,1,1,0,Complaint,1930,ADDISON,796.2437,535.9693,754.5589,3470.5139,2,72.57%,27.43%,3557
6887,6886,1401558,2307615,Risk 2 (Medium),60707,41.92280359,-87.80453038,0,1,0,License Re-Inspection,1990,NEVA,455.0736,436.1771,587.9817,2402.6825,2,72.57%,27.43%,3558
290,289,1324993,11180,Risk 1 (High),60612,41.87409301,-87.66925602,1,1,1,Short Form Complaint,2005,PAULINA,419.8634,1694.4009,1250.9584,2764.4715,2,72.61%,27.39%,3559
4504,4503,1512693,2042072,Risk 1 (High),60607,41.88449069,-87.649016,1,1,1,Suspected Food Poisoning,2006,RANDOLPH,430.0838,422.4523,106.9467,1658.2502,2,72.67%,27.33%,3560
4206,4205,1462213,1997591,Risk 1 (High),60625,41.98207583,-87.69311745,1,1,0,Canvass,2006,LINCOLN,569.8076,564.0131,436.8287,2848.4218,2,72.70%,27.30%,3561
2007,2006,1496656,1276880,Risk 1 (High),60618,41.94652665,-87.70720896,1,1,1,Complaint,1924,ADDISON,1061.6323,730.4022,277.7916,2195.0097,2,72.71%,27.29%,3562
3705,3704,1497849,1909730,Risk 1 (High),60613,41.95798395,-87.65289438,1,1,1,Complaint,1987,BROADWAY,84.0737,435.8441,90.0758,1274.9838,2,72.71%,27.29%,3563
3163,3162,1497131,1799063,Risk 2 (Medium),60652,41.75466012,-87.74138476,1,1,0,Consultation,2005,CICERO,1559.4816,1309.1745,1657.995,5852.1175,2,72.73%,27.27%,3564
5065,5064,1399225,2114757,Risk 1 (High),60625,41.97580512,-87.71326195,0,1,1,Canvass Re-Inspection,1917,FOSTER,0,420.7944,536.2557,2289.5577,2,72.77%,27.23%,3565
6605,6604,1389412,2289533,Risk 2 (Medium),60651,41.89502332,-87.75783481,0,1,1,License Re-Inspection,1919,CHICAGO,258.8614,454.9439,86.4547,1906.9397,2,72.79%,27.21%,3566
214,213,1491028,7559,Risk 1 (High),60638,41.77748052,-87.79748332,0,1,0,Canvass Re-Inspection,1997,63RD,416.1006,784.109,694.5482,3920.0146,2,72.79%,27.21%,3567
3911,3910,1459729,1953650,Risk 1 (High),60707,41.90906215,-87.80024471,1,1,0,Canvass Re-Inspection,1957,NORTH,498.7279,880.6069,487.151,3198.9727,2,72.80%,27.20%,3568
7154,7153,1412213,2320438,Risk 3 (Low),60652,41.75466012,-87.74138476,1,0,0,License Re-Inspection,2005,CICERO,485.1251,1309.1745,1657.995,5852.1175,2,72.84%,27.16%,3569
810,809,1501304,33144,Risk 2 (Medium),60652,41.75466012,-87.74138476,1,1,0,Short Form Complaint,2005,CICERO,379.6082,1309.1745,1657.995,5852.1175,2,72.85%,27.15%,3570
2099,2098,1512879,1334706,Risk 1 (High),60622,41.89643721,-87.66715467,1,1,1,Canvass,2007,ASHLAND,136.1967,115.9937,366.7862,1677.6759,2,72.87%,27.13%,3571
581,580,1236203,23619,Risk 1 (High),60630,41.96199537,-87.75583462,0,1,0,Canvass Re-Inspection,1991,MILWAUKEE,243.1521,731.7208,419.0335,2535.7981,2,72.87%,27.13%,3572
325,324,1501654,12687,Risk 1 (High),60642,41.8909699,-87.65746646,1,1,1,Suspected Food Poisoning,2008,GRAND,677.6935,286.8991,327.0064,1805.8483,2,72.88%,27.12%,3573
6942,6941,1401684,2308229,Risk 2 (Medium),60652,41.75466012,-87.74138476,0,1,0,License,2005,CICERO,46.3991,1309.1745,1657.995,5852.1175,2,72.89%,27.11%,3574
3557,3556,1497160,1887772,Risk 2 (Medium),60639,41.92198993,-87.7837099,0,1,0,Canvass Re-Inspection,1986,GRAND,680.6601,675.5823,101.0912,2306.0368,2,72.91%,27.09%,3575
7208,7207,1471400,2326495,Risk 1 (High),60634,41.93862335,-87.7711426,1,1,0,Complaint,1978,BELMONT,642.6853,542.0829,716.8634,3226.3435,2,72.93%,27.07%,3576
4510,4509,1296904,2042372,Risk 1 (High),60620,41.73557827,-87.67078075,1,1,1,Complaint,2005,87TH,397.5688,848.2981,421.5261,3255.7166,2,72.95%,27.05%,3577
1357,1356,1506231,61212,Risk 1 (High),60634,41.94564478,-87.77821026,1,1,0,Canvass,1967,ADDISON,164.2681,907.4486,771.4599,3319.3716,2,72.95%,27.05%,3578
5471,5470,1296960,2152546,Risk 1 (High),60643,41.6953463,-87.68141536,1,1,1,Canvass,1954,WESTERN,909.1423,486.1947,977.5138,5261.3295,2,72.98%,27.02%,3579
5790,5789,1385267,2192799,Risk 1 (High),60639,41.90937012,-87.77505861,0,1,1,Canvass Re-Inspection,1925,NORTH,663.0646,473.5031,369.0191,1853.1334,2,73.00%,27.00%,3580
4059,4058,1471456,1975224,Risk 1 (High),60634,41.938341,-87.77635805,1,1,0,Canvass,1966,AUSTIN,426.5315,914.4301,640.6179,3308.3996,2,73.00%,27.00%,3581
5093,5092,1418636,2119958,Risk 1 (High),60659,41.99377083,-87.71310538,1,1,0,Canvass,1959,LINCOLN,667.2815,884.7414,704.4342,3848.7467,2,73.00%,27.00%,3582
1422,1421,1418545,68022,Risk 1 (High),60646,41.99549377,-87.7859395,1,1,0,Canvass,1973,MILWAUKEE,475.9835,655.328,342.8565,2163.1316,2,73.01%,26.99%,3583
2740,2739,1383406,1620411,Risk 2 (Medium),60607,41.86578454,-87.64521477,0,1,1,Complaint Re-Inspection,2007,UNION,1619.8299,1087.8992,509.4454,2491.1256,2,73.05%,26.95%,3584
5188,5187,1418579,2129312,Risk 1 (High),60646,41.99001131,-87.74792953,1,1,0,Canvass,1954,PETERSON,174.9271,1063.0885,1139.3408,4037.2667,2,73.07%,26.93%,3585
1961,1960,1467460,1271371,Risk 1 (High),60607,41.86957965,-87.65350906,1,1,1,Canvass Re-Inspection,1970,TAYLOR,717.9902,921.7818,650.2162,3250.453,2,73.07%,26.93%,3586
4672,4671,1488227,2065304,Risk 1 (High),60608,41.83995991,-87.66118067,0,1,1,Canvass Re-Inspection,1928,ARCHER,417.0485,794.4974,98.4746,3628.9099,2,73.08%,26.92%,3587
5637,5636,1391472,2176991,Risk 1 (High),60660,41.99291366,-87.67546578,0,1,1,Canvass Re-Inspection,1971,RAVENSWOOD,1051.5725,606.0221,631.2781,1786.4198,2,73.08%,26.92%,3588
1106,1105,1418512,43670,Risk 1 (High),60659,41.99718178,-87.7162348,1,1,0,Canvass,1968,DEVON,412.8497,957.5186,801.7139,3727.7213,2,73.10%,26.90%,3589
5929,5928,1418521,2203566,Risk 1 (High),60659,41.99368669,-87.71296649,1,1,0,Canvass,1962,LINCOLN,345.4778,885.6149,714.0436,3838.3397,2,73.14%,26.86%,3590
3073,3072,1325283,1742947,Risk 1 (High),60624,41.88086516,-87.72337597,1,1,1,Canvass,1965,MADISON,306.5312,556.9717,51.8096,1659.3953,2,73.18%,26.82%,3591
5988,5987,1460035,2231638,Risk 1 (High),60652,41.74597828,-87.7410999,1,1,0,Complaint,2008,CICERO,368.5823,1117.3144,807.8308,5008.7743,2,73.21%,26.79%,3592
2864,2863,1473715,1675815,Risk 2 (Medium),60707,41.90920473,-87.78952154,0,1,0,Canvass Re-Inspection,2005,NORTH,975.8036,487.068,1108.596,3308.4698,2,73.21%,26.79%,3593
3763,3762,1418502,1926621,Risk 1 (High),60659,41.99717782,-87.71716703,1,1,0,Canvass,1974,DEVON,71.1682,845.5435,737.5646,3561.7564,2,73.23%,26.77%,3594
5360,5359,1464481,2141683,Risk 1 (High),60660,41.99083407,-87.67677173,1,1,1,Complaint,1995,PETERSON,1241.0696,759.3015,896.8494,1678.4851,2,73.25%,26.75%,3595
5438,5437,1418557,2147560,Risk 1 (High),60646,41.99081933,-87.74818192,1,1,0,Canvass,1954,CICERO,212.8172,1028.2946,1285.8828,4279.9339,2,73.26%,26.74%,3596
6016,6015,1496418,2232345,Risk 2 (Medium),60639,41.93173124,-87.73985422,0,1,0,Canvass Re-Inspection,1978,DIVERSEY,640.0586,437.5078,308.5955,3353.188,2,73.26%,26.74%,3597
5977,5976,1395533,2229374,Risk 1 (High),60707,41.93085132,-87.78775565,1,1,0,Canvass Re-Inspection,2004,DIVERSEY,198.8868,1040.9319,865.4865,2831.2457,2,73.33%,26.67%,3598
3961,3960,1501550,1960250,Risk 2 (Medium),60613,41.94771192,-87.65709387,1,1,1,Complaint,1974,CLARK,417.2126,573.9043,514.1811,2336.4367,2,73.35%,26.65%,3599
4330,4329,1496985,2013341,Risk 2 (Medium),60622,41.90281333,-87.69712881,0,1,1,Canvass Re-Inspection,1969,DIVISION,319.2086,508.3265,238.4356,2013.7595,2,73.37%,26.63%,3600
4480,4479,1473768,2033239,Risk 2 (Medium),60622,41.91061792,-87.67610192,1,1,1,Consultation,2007,NORTH,172.1551,342.71,126.3271,1321.2866,2,73.39%,26.61%,3601
2787,2786,1501891,1646316,Risk 1 (High),60652,41.74811555,-87.74115765,1,1,0,Canvass,2009,CICERO,481.3451,1015.5523,945.5533,5222.5808,2,73.41%,26.59%,3602
1188,1187,1506274,47940,Risk 1 (High),60634,41.95254015,-87.81228031,1,1,0,Canvass,1957,IRVING,392.701,1047.2762,602.7549,2997.8344,2,73.45%,26.55%,3603
6126,6125,1459769,2245891,Risk 1 (High),60634,41.94124214,-87.80700926,0,1,0,Canvass Re-Inspection,1985,HARLEM,380.0637,514.6198,1181.202,3366.1803,2,73.54%,26.46%,3604
7256,7255,1424490,2327241,Risk 1 (High),60631,42.01178507,-87.80832301,1,1,0,Canvass,1957,TOUHY,157.7123,1553.8412,748.5229,2655.5347,2,73.55%,26.45%,3605
1622,1621,1512614,1044305,Risk 1 (High),60613,41.94914734,-87.64968984,1,1,1,Canvass,2006,HALSTED,392.6551,534.5512,435.5975,1754.8747,2,73.56%,26.44%,3606
3231,3230,1515418,1804509,Risk 1 (High),60612,41.88067741,-87.68656689,1,1,1,Canvass,1931,WESTERN,340.8702,117.0856,586.6273,3678.3798,2,73.61%,26.39%,3607
2574,2573,1501959,1573944,Risk 1 (High),60622,41.90513176,-87.66768922,1,1,1,Canvass,2006,ASHLAND,455.3829,318.0415,344.5038,1882.2615,2,73.65%,26.35%,3608
5728,5727,1418400,2185026,Risk 1 (High),60646,41.98657862,-87.77752035,1,1,0,Complaint,1967,Milwaukee,275.3117,729.3863,791.408,3283.188,2,73.74%,26.26%,3609
5501,5500,1493482,2153351,Risk 2 (Medium),60643,41.72297222,-87.68198197,0,1,1,Canvass Re-Inspection,1966,WESTERN,806.5106,646.9416,1160.847,5250.65,2,73.76%,26.24%,3610
7199,7198,1435040,2326410,Risk 1 (High),60625,41.96843906,-87.69669591,0,1,1,License Re-Inspection,1987,LAWRENCE,299.8524,876.6054,431.5613,1401.1829,2,73.80%,26.20%,3611
5464,5463,1502133,2152400,Risk 1 (High),60607,41.86926179,-87.65965077,1,1,1,Canvass,2006,TAYLOR,767.7106,471.1733,825.8145,2973.3416,2,73.82%,26.18%,3612
658,657,1506213,26999,Risk 1 (High),60634,41.93852388,-87.77876851,1,1,0,Canvass,1991,BELMONT,380.5895,833.2038,538.6252,2990.3071,2,73.89%,26.11%,3613
2803,2802,1512550,1647808,Risk 1 (High),60622,41.89564503,-87.68610989,1,1,1,Canvass,2006,CHICAGO,504.709,392.3558,482.3269,1986.1694,2,73.90%,26.10%,3614
2386,2385,1391405,1489719,Risk 1 (High),60626,42.00274009,-87.67206262,0,1,1,Canvass Re-Inspection,1953,CLARK,306.5312,428.2455,191.9082,1884.4955,2,73.92%,26.08%,3615
4685,4684,1424669,2068929,Risk 1 (High),60630,41.96597189,-87.75928158,1,1,0,Canvass,1959,MILWAUKEE,102.086,927.9797,191.2284,3225.3238,2,73.94%,26.06%,3616
4075,4074,1501435,1979303,Risk 1 (High),60623,41.84434188,-87.72603272,1,1,1,Canvass,1986,26TH,567.5292,505.0342,345.3903,2227.1001,2,74.00%,26.00%,3617
1740,1739,1506281,1139942,Risk 1 (High),60634,41.93728963,-87.80687098,1,1,0,Canvass,1990,HARLEM,304.848,501.8533,940.3903,3219.1778,2,74.07%,25.93%,3618
5752,5751,1502166,2189047,Risk 2 (Medium),60614,41.92527648,-87.65303527,0,1,1,Canvass Re-Inspection,2006,FULLERTON,571.5939,657.3413,246.3915,1909.2371,2,74.07%,25.93%,3619
5060,5059,1512355,2114620,Risk 1 (High),60641,41.95313948,-87.76171933,1,1,1,Canvass,1926,IRVING,103.37,645.9094,672.5937,2349.0856,2,74.11%,25.89%,3620
483,482,1418501,21589,Risk 1 (High),60646,41.99001373,-87.7296162,1,1,1,Canvass,1957,PETERSON,517.3228,1337.3254,1058.8127,2226.1679,2,74.13%,25.87%,3621
2035,2034,1498132,1302136,Risk 2 (Medium),60615,41.79479402,-87.6229151,1,1,1,Short Form Complaint,1984,GARFIELD,401.5824,507.2689,714.3565,4585.628,2,74.13%,25.87%,3622
1857,1856,1401479,1194826,Risk 2 (Medium),60622,41.89566455,-87.70641148,0,1,1,Complaint Re-Inspection,2006,CHICAGO,369.2726,669.7466,1015.3902,2464.4342,2,74.24%,25.76%,3623
7200,7199,1460033,2326414,Risk 1 (High),60625,41.98014702,-87.69259562,0,1,1,License Re-Inspection,1961,LINCOLN,21087.1053,361.2578,524.3071,3043.2182,2,74.26%,25.74%,3624
3512,3511,1395571,1879693,Risk 1 (High),60622,41.89420881,-87.66738223,0,1,1,Canvass Re-Inspection,2006,ASHLAND,435.3898,258.4885,249.974,2120.2318,2,74.27%,25.73%,3625
3109,3108,1498070,1768136,Risk 1 (High),60607,41.86951346,-87.65755262,1,1,1,Complaint,2005,TAYLOR,525.938,451.8596,750.5555,3101.7197,2,74.29%,25.71%,3626
697,696,1325211,28489,Risk 2 (Medium),60624,41.88064565,-87.72337094,1,1,1,Complaint,1988,MADISON,778.5872,516.2836,51.8091,1645.9829,2,74.29%,25.71%,3627
2440,2439,1502046,1495371,Risk 1 (High),60641,41.954759,-87.74956739,1,1,1,Canvass,1918,MILWAUKEE,435.3898,459.8465,377.1496,2404.2384,2,74.30%,25.70%,3628
5305,5304,1385665,2137607,Risk 1 (High),60644,41.88031246,-87.74512375,0,1,1,Canvass Re-Inspection,1924,CICERO,84.0326,125.4322,172.8424,2814.4192,2,74.30%,25.70%,3629
3756,3755,1496989,1926502,Risk 2 (Medium),60629,41.78573281,-87.73843832,1,1,0,Short Form Complaint,2007,59TH,553.6124,1055.7039,639.5615,4932.8197,2,74.33%,25.67%,3630
152,151,1418586,5108,Risk 1 (High),60631,42.00335424,-87.81729036,1,1,0,Canvass,1923,NORTHWEST,529.7714,1004.7584,508.1645,3394.0107,2,74.36%,25.64%,3631
6007,6006,1418622,2232086,Risk 1 (High),60659,41.99613933,-87.71696834,1,1,0,Canvass,1987,LINCOLN,415.9171,643.3517,619.8624,3635.5415,2,74.36%,25.64%,3632
3036,3035,1482274,1740130,Risk 1 (High),60659,41.99563178,-87.71270678,0,1,0,Complaint Re-Inspection,1987,MCCORMICK,337.834,1152.8034,892.6078,3985.5215,2,74.37%,25.63%,3633
1014,1013,1424236,39301,Risk 1 (High),60630,41.97001168,-87.76279619,1,1,0,Complaint Re-Inspection,1933,MILWAUKEE,442.162,625.2817,581.4216,4344.6289,2,74.38%,25.62%,3634
5474,5473,1501734,2152594,Risk 1 (High),60641,41.93853353,-87.76108916,1,1,1,Canvass,1927,BELMONT,502.1626,647.9068,387.6975,2270.6466,2,74.41%,25.59%,3635
1584,1583,1467545,85532,Risk 1 (High),60607,41.86956628,-87.65427838,1,1,1,Canvass,1990,TAYLOR,382.758,832.3522,567.7636,3253.8396,2,74.42%,25.58%,3636
111,110,1512928,3688,Risk 2 (Medium),60655,41.69273253,-87.70101405,0,1,0,Canvass Re-Inspection,1957,KEDZIE,241.97,985.713,794.3099,7549.8399,2,74.43%,25.57%,3637
3939,3938,1418606,1959341,Risk 1 (High),60659,41.99555537,-87.71279106,1,1,0,Canvass,1987,MCCORMICK,298.0703,1148.5387,870.9171,3984.4358,2,74.43%,25.57%,3638
4455,4454,1464630,2032269,Risk 2 (Medium),60626,42.00800667,-87.66649165,0,1,1,Canvass Re-Inspection,2007,MORSE,40.9812,345.6388,353.4075,1198.6894,2,74.44%,25.56%,3639
4569,4568,1497953,2049907,Risk 1 (High),60655,41.70630133,-87.70063466,1,1,0,Canvass,1958,103RD,243.5128,1285.1868,641.8302,7208.6676,2,74.45%,25.55%,3640
3817,3816,1418603,1937135,Risk 1 (High),60631,42.00297832,-87.81624173,1,1,0,Canvass,1925,NORTHWEST,211.5245,1035.9006,387.36,3249.7691,2,74.46%,25.54%,3641
4452,4451,1473919,2032142,Risk 1 (High),60647,41.9307689,-87.68554984,0,1,1,Canvass Re-Inspection,2007,ELSTON,230.4993,918.6668,436.5241,1768.021,2,74.49%,25.51%,3642
4666,4665,1512563,2065188,Risk 1 (High),60618,41.96112751,-87.72223919,1,1,1,Canvass,2006,MONTROSE,517.2253,553.2386,162.6869,734.6739,2,74.51%,25.49%,3643
44,43,1418241,1254,Risk 1 (High),60656,41.98026875,-87.80254235,0,1,0,Canvass Re-Inspection,1952,HIGGINS,527.445,931.2298,512.39,3295.3257,2,74.54%,25.46%,3644
1207,1206,1424667,48972,Risk 1 (High),60630,41.97671903,-87.78800131,1,1,0,Canvass,1952,NAGLE,1080.8512,478.7529,732.6124,3839.875,2,74.54%,25.46%,3645
4997,4996,1496268,2108311,Risk 1 (High),60641,41.94584581,-87.74690624,1,1,0,Complaint,2006,CICERO,525.7108,426.9042,410.9783,3182.8128,2,74.57%,25.43%,3646
4228,4227,1418587,1998955,Risk 1 (High),60659,41.99753989,-87.70700596,1,1,0,Canvass,1981,DEVON,750.4659,372.237,220.882,3527.113,2,74.60%,25.40%,3647
2263,2262,1418509,1445516,Risk 1 (High),60630,41.97675231,-87.72841362,1,1,1,Canvass,1991,PULASKI,314.4447,1768.3737,996.3685,1755.0615,2,74.62%,25.38%,3648
5292,5291,1501808,2137188,Risk 1 (High),60625,41.9683585,-87.70685423,1,1,1,Canvass,2001,LAWRENCE,393.6673,708.9297,498.8658,1409.3979,2,74.65%,25.35%,3649
5675,5674,1473313,2179622,Risk 1 (High),60632,41.80772112,-87.72682517,0,1,1,Canvass Re-Inspection,1966,47TH,903.6468,429.8316,178.9462,3047.6607,2,74.65%,25.35%,3650
3083,3082,1493451,1765710,Risk 1 (High),60618,41.94301518,-87.68578694,0,1,1,Canvass Re-Inspection,2008,ROSCOE,970.9923,604.9067,347.2932,1654.2513,2,74.69%,25.31%,3651
5492,5491,1497750,2153034,Risk 1 (High),60641,41.94536662,-87.74718922,1,1,0,Canvass,2006,CICERO,262.5527,496.1313,342.5179,3139.0046,2,74.70%,25.30%,3652
3885,3884,1424666,1948306,Risk 1 (High),60630,41.97655866,-87.78800287,1,1,0,Canvass,1952,NAGLE,274.8345,485.797,724.0273,3876.7118,2,74.74%,25.26%,3653
6803,6802,1424408,2299529,Risk 1 (High),60631,42.00258143,-87.81607036,1,1,0,Canvass,1930,NORTHWEST,473.8906,1020.3777,354.2044,3254.6771,2,74.79%,25.21%,3654
4739,4738,1424288,2074105,Risk 1 (High),60630,41.96782599,-87.76762486,0,1,0,Canvass Re-Inspection,1960,CENTRAL,89.0361,608.4569,202.6975,3448.6634,2,74.79%,25.21%,3655
1066,1065,1459395,41725,Risk 1 (High),60655,41.69139989,-87.70464634,1,1,0,Complaint,1939,111TH,500.8637,877.4465,818.1804,8073.8685,2,74.80%,25.20%,3656
1124,1123,1424243,44501,Risk 1 (High),60631,42.00245899,-87.81587721,0,1,0,Canvass Re-Inspection,1930,NORTHWEST,168.5354,1035.12,336.6849,3236.0974,2,74.82%,25.18%,3657
5237,5236,1501615,2133760,Risk 1 (High),60632,41.81464647,-87.72398772,1,1,1,Canvass,2005,PULASKI,549.7935,762.1503,966.5936,3197.4963,2,74.83%,25.17%,3658
7507,7506,1501611,2349024,Risk 1 (High),60655,41.69139894,-87.70472545,1,1,0,Canvass,1939,111TH,312.1061,878.1295,813.5433,8083.1667,2,74.86%,25.14%,3659
6301,6300,1401381,2262764,Risk 1 (High),60638,41.77167813,-87.74192208,0,1,0,Canvass Re-Inspection,1994,CICERO,565.3952,1406.1792,404.344,5212.3999,2,74.91%,25.09%,3660
2727,2726,1513075,1619324,Risk 1 (High),60613,41.95389641,-87.65467574,1,1,1,Canvass,2006,SHERIDAN,275.0832,348.2472,412.5881,2193.0452,2,75.00%,25.00%,3661
2062,2061,1396110,1330101,Risk 2 (Medium),60642,41.89086777,-87.66697976,0,1,1,Canvass Re-Inspection,2007,GRAND,944.6389,713.1857,418.3037,2618.3284,2,75.00%,25.00%,3662
5407,5406,1497474,2146633,Risk 1 (High),60618,41.9538624,-87.69855459,1,1,1,Complaint,1984,IRVING,386.8164,793.6269,190.1002,1785.2047,2,75.04%,24.96%,3663
4055,4054,1424569,1974858,Risk 1 (High),60630,41.98038356,-87.7774766,1,1,0,Complaint,1959,NORTHWEST,1902.0659,880.8296,819.4061,4119.3335,2,75.06%,24.94%,3664
4006,4005,1490781,1968906,Risk 1 (High),60641,41.93873632,-87.74546811,1,1,0,Short Form Complaint,2006,BELMONT,439.261,464.7754,332.2065,3405.0176,2,75.16%,24.84%,3665
5397,5396,1471460,2146470,Risk 1 (High),60634,41.94548695,-87.77663733,1,1,0,Canvass,2006,AUSTIN,577.7435,959.8931,756.9884,3438.8972,2,75.24%,24.76%,3666
4222,4221,1473545,1998516,Risk 1 (High),60638,41.77270386,-87.74194987,1,1,0,Complaint,2009,CICERO,73.1352,1341.1591,418.3494,5028.0806,2,75.24%,24.76%,3667
5615,5614,1501779,2164105,Risk 1 (High),60625,41.97584622,-87.70968163,1,1,1,Canvass,1964,FOSTER,456.0208,617.7066,432.5063,2259.9157,2,75.33%,24.67%,3668
3726,3725,1418536,1914850,Risk 1 (High),60646,41.98504835,-87.77612157,1,1,0,Canvass,1964,MILWAUKEE,194.6728,523.258,573.4418,3767.0581,2,75.35%,24.65%,3669
2605,2604,1501767,1577135,Risk 1 (High),60618,41.95408332,-87.69830277,1,1,1,Canvass,1991,IRVING,497.7104,865.1492,222.5181,1816.792,2,75.37%,24.63%,3670
5769,5768,1512295,2189429,Risk 1 (High),60641,41.95813385,-87.7473042,1,1,1,Canvass,1970,CICERO,309.6515,488.9551,288.1596,1659.9449,2,75.38%,24.62%,3671
3379,3378,1494171,1845491,Risk 1 (High),60629,41.77106959,-87.74052888,1,1,0,Canvass Re-Inspection,2004,KEATING,521.4371,1230.7915,536.0467,5396.7076,2,75.40%,24.60%,3672
1078,1077,1501776,42194,Risk 1 (High),60618,41.95408332,-87.69830277,1,1,1,Canvass,1991,IRVING,88.9267,865.1492,222.5181,1816.792,2,75.41%,24.59%,3673
4090,4089,1498077,1979883,Risk 1 (High),60618,41.93901283,-87.7248659,1,1,1,Canvass,2007,BELMONT,526.2252,593.759,308.6123,1428.3468,2,75.43%,24.57%,3674
6022,6021,1512422,2232353,Risk 2 (Medium),60618,41.93862257,-87.72285747,1,1,1,Short Form Complaint,1987,MILWAUKEE,197.2031,714.597,235.64,1790.7744,2,75.51%,24.49%,3675
3409,3408,1498045,1848386,Risk 1 (High),60618,41.94650439,-87.70929164,1,1,1,Canvass,1984,ADDISON,186.2653,1074.6154,564.6335,2341.1288,2,75.55%,24.45%,3676
3618,3617,1418505,1898472,Risk 1 (High),60646,41.99049477,-87.74847741,1,1,0,Canvass,2005,CICERO,223.559,1091.6492,1321.0088,4206.4298,2,75.61%,24.39%,3677
2419,2418,1434230,1493550,Risk 1 (High),60618,41.9467169,-87.70967187,0,1,1,Canvass Re-Inspection,1987,ADDISON,451.5119,1109.7331,613.6033,2375.8391,2,75.64%,24.36%,3678
7321,7320,1418589,2333268,Risk 1 (High),60659,41.99402794,-87.71352801,1,1,0,Canvass,2006,LINCOLN,338.5719,876.8627,676.6238,3882.2317,2,75.66%,24.34%,3679
1368,1367,1498015,61711,Risk 1 (High),60618,41.95386008,-87.6989779,1,1,1,Canvass,1997,IRVING,138.213,708.0382,164.75,1762.1976,2,75.74%,24.26%,3680
2284,2283,1325306,1447811,Risk 1 (High),60624,41.86626526,-87.7263306,1,1,1,Canvass,2009,ROOSEVELT,229.079,468.5021,478.6198,2392.1272,2,75.75%,24.25%,3681
1185,1184,1497406,47870,Risk 2 (Medium),60618,41.95394237,-87.6858102,0,1,1,Canvass Re-Inspection,2009,IRVING,426.7367,753.5803,301.3344,1954.6629,2,75.96%,24.04%,3682
4959,4958,1497857,2099465,Risk 1 (High),60625,41.97941114,-87.69254008,1,1,1,Canvass,1964,LINCOLN,284.3711,484.782,595.0524,2927.0032,2,76.01%,23.99%,3683
7087,7086,1424315,2314428,Risk 1 (High),60630,41.97673434,-87.76886264,1,1,0,Complaint,1931,MILWAUKEE,380.9235,709.3749,715.3678,5079.6132,2,76.08%,23.92%,3684
3794,3793,1424306,1932423,Risk 1 (High),60630,41.97083376,-87.74482422,0,1,1,Canvass Re-Inspection,1926,ELSTON,416.6717,340.0956,597.029,3161.88,2,76.13%,23.87%,3685
4937,4936,1424385,2098288,Risk 1 (High),60656,41.97983627,-87.80712742,1,1,0,Canvass Re-Inspection,1998,HARLEM,610.4438,889.2986,705.0468,3191.8646,2,76.16%,23.84%,3686
2107,2106,1424517,1335894,Risk 1 (High),60630,41.96931524,-87.76182026,1,1,0,Canvass,1971,MILWAUKEE,278.5099,679.512,480.2459,4179.6362,2,76.17%,23.83%,3687
7046,7045,1424529,2313831,Risk 1 (High),60630,41.96939422,-87.76188717,1,1,0,Canvass,1971,MILWAUKEE,338.1075,682.066,499.2974,4204.9143,2,76.17%,23.83%,3688
5090,5089,1424531,2119899,Risk 1 (High),60630,41.97693689,-87.76907431,1,1,0,Canvass,1931,MILWAUKEE,153.138,710.8415,698.0992,5085.5998,2,76.18%,23.82%,3689
191,190,1424647,6780,Risk 1 (High),60656,41.97989246,-87.80712701,1,1,0,Canvass,1998,HARLEM,135.5249,893.759,702.5576,3184.7609,2,76.19%,23.81%,3690
3517,3516,1418370,1880126,Risk 1 (High),60659,41.9946189,-87.71402044,1,1,0,Complaint,2006,LINCOLN,278.929,886.6891,550.6233,3955.4544,2,76.24%,23.76%,3691
1830,1829,1385346,1168800,Risk 2 (Medium),60639,41.9310303,-87.77590313,0,1,0,Canvass Re-Inspection,2005,DIVERSEY,183.7232,756.7113,290.4112,3460.0031,2,76.25%,23.75%,3692
2682,2681,1512428,1595737,Risk 1 (High),60641,41.93852208,-87.7621278,1,1,1,Canvass,1958,BELMONT,469.6165,494.8316,383.2918,2371.2871,2,76.25%,23.75%,3693
2965,2964,1471417,1697530,Risk 1 (High),60634,41.93785943,-87.82625503,1,1,0,Canvass,1956,BELMONT,428.4223,886.6743,1138.3534,4765.8785,2,76.30%,23.70%,3694
4198,4197,1401877,1992471,Risk 1 (High),60707,41.90910579,-87.79709007,0,1,1,Canvass Re-Inspection,1961,NORTH,107.421,608.0626,1153.5555,3064.8431,2,76.34%,23.66%,3695
5808,5807,1471466,2196046,Risk 1 (High),60634,41.93718566,-87.76630216,1,1,1,Canvass,1950,CENTRAL,1068.9717,491.3059,553.0902,2759.3421,2,76.34%,23.66%,3696
5371,5370,1385635,2142330,Risk 1 (High),60639,41.90915796,-87.77445019,0,1,1,Canvass Re-Inspection,1993,North,342.4862,595.4214,284.2612,1709.759,2,76.41%,23.59%,3697
2603,2602,1401897,1576856,Risk 1 (High),60641,41.93853943,-87.7606308,1,1,1,Consultation,1965,BELMONT,0,645.4511,338.7061,2239.763,2,76.43%,23.57%,3698
948,947,1424657,36411,Risk 1 (High),60630,41.97674884,-87.76848375,1,1,0,Canvass,1939,MILWAUKEE,240.8419,655.7394,690.4412,5045.6513,2,76.46%,23.54%,3699
4342,4341,1418546,2013950,Risk 1 (High),60646,41.99644718,-87.78720723,1,1,1,Canvass,1952,Milwaukee,796.2437,714.4719,704.5057,2081.772,2,76.46%,23.54%,3700
5296,5295,1418646,2137296,Risk 1 (High),60659,41.99691859,-87.69946849,1,1,1,Canvass,1959,CALIFORNIA,352.0591,376.4757,397.4001,2734.3628,2,76.47%,23.53%,3701
5058,5057,1418385,2114596,Risk 2 (Medium),60659,41.99481704,-87.71434277,1,1,0,Canvass,2007,LINCOLN,299.329,849.2422,517.0172,3986.4521,2,76.47%,23.53%,3702
5162,5161,1307583,2125265,Risk 1 (High),60629,41.76422878,-87.72056118,0,1,1,Canvass Re-Inspection,1956,71ST,270.3048,527.7014,304.0733,4616.7498,2,76.50%,23.50%,3703
104,103,1418638,3616,Risk 1 (High),60646,41.99660886,-87.78699945,1,1,1,Canvass,1952,MILWAUKEE,179.9265,723.5685,722.5421,2117.9114,2,76.55%,23.45%,3704
5706,5705,1497737,2184054,Risk 1 (High),60618,41.95354369,-87.71274347,1,1,1,Canvass,2005,KIMBALL,141.6649,130.4538,500.6273,2207.266,2,76.57%,23.43%,3705
492,491,1459959,21793,Risk 1 (High),60707,41.9237502,-87.78988086,0,1,1,Canvass Re-Inspection,1988,FULLERTON,388.9246,903.8341,1100.4528,2550.3857,2,76.71%,23.29%,3706
5224,5223,1506305,2130250,Risk 1 (High),60634,41.95199012,-87.8343079,1,1,0,Canvass,1950,IRVING,1038.5133,924.1885,409.4545,4007.0608,2,76.80%,23.20%,3707
627,626,1236195,25780,Risk 2 (Medium),60630,41.97290824,-87.74806178,0,1,1,Canvass Re-Inspection,1972,CICERO,182.0082,478.1216,841.6825,2747.2973,2,76.88%,23.12%,3708
6185,6184,1418525,2252317,Risk 1 (High),60646,41.99663043,-87.76418727,1,1,0,Canvass,1953,CENTRAL,195.7191,1106.1185,1432.3991,5672.4809,2,76.91%,23.09%,3709
1389,1388,1471461,64537,Risk 1 (High),60634,41.95327479,-87.76852368,1,1,1,Canvass,1974,IRVING,544.8906,362.0617,867.3206,2704.8992,2,76.95%,23.05%,3710
2144,2143,1471398,1356056,Risk 2 (Medium),60634,41.94466354,-87.80712948,0,1,1,Canvass Re-Inspection,1948,HARLEM,451.709,457.7886,776.125,2712.9953,2,77.01%,22.99%,3711
596,595,1401762,24870,Risk 1 (High),60707,41.91182049,-87.80571899,1,1,1,Canvass Re-Inspection,1955,HARLEM,170.1696,894.5982,1332.4889,3592.303,2,77.17%,22.83%,3712
2897,2896,1491151,1678527,Risk 2 (Medium),60638,41.78932932,-87.74164564,0,1,1,Canvass Re-Inspection,2004,CICERO,788.3319,1831.7234,1593.5354,4880.1148,2,77.18%,22.82%,3713
2168,2167,1512305,1358614,Risk 1 (High),60638,41.78932932,-87.74164564,1,1,1,Canvass,2004,CICERO,621.0249,1831.7234,1593.5354,4880.1148,2,77.20%,22.80%,3714
1871,1870,1512307,1197659,Risk 1 (High),60638,41.78932932,-87.74164564,1,1,1,Canvass,2004,CICERO,329.5875,1831.7234,1593.5354,4880.1148,2,77.22%,22.78%,3715
1657,1656,1424220,1069298,Risk 1 (High),60630,41.96757484,-87.77493763,0,1,1,Canvass Re-Inspection,1937,LAWRENCE,426.2263,923.3951,428.5787,2788.9386,2,77.23%,22.77%,3716
1752,1751,1497332,1141439,Risk 1 (High),60638,41.78932932,-87.74164564,1,1,1,Canvass,2004,CICERO,164.5908,1831.7234,1593.5354,4880.1148,2,77.24%,22.76%,3717
1758,1757,1501999,1142106,Risk 1 (High),60638,41.78932932,-87.74164564,1,1,1,Canvass,2004,CICERO,48.7434,1831.7234,1593.5354,4880.1148,2,77.25%,22.75%,3718
732,731,1424436,30231,Risk 2 (Medium),60630,41.97067759,-87.76342894,1,1,0,Short Form Complaint,1985,MILWAUKEE,476.2566,644.5406,553.7363,4413.1221,2,77.25%,22.75%,3719
1230,1229,1418595,50484,Risk 1 (High),60646,41.98376847,-87.76617569,1,1,0,Canvass,1978,ELSTON,685.5899,460.4717,900.5437,4843.9046,2,77.28%,22.72%,3720
5582,5581,1236237,2162557,Risk 1 (High),60659,41.98647594,-87.69941539,0,1,1,Canvass Re-Inspection,1974,CALIFORNIA,699.3381,474.7914,258.3586,2730.9477,2,77.32%,22.68%,3721
1788,1787,1490921,1145229,Risk 2 (Medium),60638,41.78783563,-87.74127656,1,1,1,Canvass Re-Inspection,2004,CICERO,401.4509,1609.6164,1346.9142,4797.5407,2,77.63%,22.37%,3722
1332,1331,1497614,59269,Risk 1 (High),60633,41.65017306,-87.54730766,0,1,0,Canvass Re-Inspection,1955,BALTIMORE,780.0727,258.1985,386.5641,10946.5922,2,77.67%,22.33%,3723
4197,4196,1418604,1992339,Risk 1 (High),60646,41.98600114,-87.78752792,1,1,1,Canvass,1992,NORTHWEST,1113.7366,1403.0168,772.9384,1922.9019,2,77.67%,22.33%,3724
4632,4631,1471474,2060935,Risk 1 (High),60634,41.93634639,-87.76627386,1,1,1,Canvass,1969,CENTRAL,45.5785,470.0037,406.4776,2738.8511,2,77.70%,22.30%,3725
6188,6187,1418621,2252370,Risk 1 (High),60646,41.99770934,-87.76350075,1,1,0,Canvass,1951,CENTRAL,208.6782,971.5483,1236.0342,5834.6797,2,77.72%,22.28%,3726
7055,7054,1424526,2313983,Risk 1 (High),60630,41.9825831,-87.77422709,1,1,0,Canvass,1986,MILWAUKEE,441.206,502.0078,655.0067,4500.1793,2,77.79%,22.21%,3727
2995,2994,1402055,1718008,Risk 2 (Medium),60707,41.92692481,-87.79275105,0,1,1,Canvass Re-Inspection,1995,NORMANDY,107.1423,1055.0504,734.2602,2344.0637,2,77.79%,22.21%,3728
2409,2408,1424528,1492416,Risk 1 (High),60630,41.96943371,-87.76192063,1,1,0,Canvass,2007,MILWAUKEE,1229.5138,683.8952,508.9977,4217.5942,2,77.83%,22.17%,3729
450,449,1434548,19973,Risk 1 (High),60707,41.90907575,-87.7993386,0,1,1,Canvass Re-Inspection,1956,NORTH,239.2207,752.5814,587.9405,3127.8321,2,77.92%,22.08%,3730
610,609,1474123,25176,Risk 2 (Medium),60707,41.92378619,-87.78556721,0,1,1,Canvass Re-Inspection,1990,FULLERTON,196.8956,1057.6513,611.4572,2531.9965,2,78.03%,21.97%,3731
5451,5450,1506267,2152011,Risk 1 (High),60634,41.95252417,-87.81303324,1,1,1,Canvass,1931,IRVING,295.3731,1062.1094,554.4404,3040.2883,2,78.04%,21.96%,3732
1463,1462,1418653,71767,Risk 1 (High),60646,41.98595467,-87.77730483,1,1,1,Canvass,1930,MILWAUKEE,478.5005,706.5235,676.6354,3396.5254,2,78.05%,21.95%,3733
3687,3686,1473843,1909356,Risk 2 (Medium),60632,41.80799862,-87.74301216,0,1,0,Canvass Re-Inspection,1985,CICERO,172.139,383.5209,328.9851,6319.8078,2,78.06%,21.94%,3734
1547,1546,1418566,81066,Risk 1 (High),60646,41.98614682,-87.77748161,1,1,1,Canvass,1937,MILWAUKEE,553.8381,748.3627,719.8626,3336.3508,2,78.13%,21.87%,3735
1762,1761,1490479,1142132,Risk 2 (Medium),60631,41.98531807,-87.82981838,1,1,0,Canvass Re-Inspection,1972,HIGGINS,449.216,2587.6187,2338.9807,6103.3477,2,78.27%,21.73%,3736
2315,2314,1494060,1473518,Risk 2 (Medium),60633,41.64467013,-87.54009461,0,1,0,Canvass Re-Inspection,1979,AVENUE,230.202,2197.9756,2507.1642,13312.3606,2,78.42%,21.58%,3737
2475,2474,1501249,1516132,Risk 1 (High),60632,41.80657206,-87.74297702,1,1,0,Canvass,2006,CICERO,324.8702,576.4052,357.6513,6150.8313,2,78.56%,21.44%,3738
1694,1693,1424434,1096355,Risk 1 (High),60631,41.98857518,-87.81297791,1,1,1,Canvass Re-Inspection,1957,TALCOTT,114.9257,1306.4021,1499.3355,3585.5349,2,78.75%,21.25%,3739
6021,6020,1515505,2232352,Risk 2 (Medium),60629,41.76620155,-87.72259366,0,1,1,Canvass Re-Inspection,1986,PULASKI,273.8893,516.3717,204.8773,4827.0025,2,78.77%,21.23%,3740
1394,1393,1424556,64774,Risk 1 (High),60631,42.01148253,-87.80678811,1,1,1,Canvass,1970,HARLEM,216.0764,1729.0482,1063.9331,2709.0479,2,78.91%,21.09%,3741
693,692,1471508,28484,Risk 2 (Medium),60634,41.93734614,-87.80687335,1,1,1,Short Form Complaint,1990,HARLEM,6913.7762,484.2862,938.9745,3227.4286,2,78.94%,21.06%,3742
1773,1772,1418527,1143479,Risk 1 (High),60646,42.0118935,-87.7837698,1,1,0,Canvass,1960,TOUHY,572.9084,4197.334,1450.9616,5871.3464,2,79.03%,20.97%,3743
4932,4931,1401923,2097956,Risk 1 (High),60638,41.79660859,-87.75732384,0,1,1,Canvass Re-Inspection,1951,ARCHER,258.4849,636.2859,954.4558,5882.8637,2,79.22%,20.78%,3744
7465,7464,1385523,2341669,Risk 2 (Medium),60644,41.8656256,-87.77019893,0,1,0,License Re-Inspection,1928,ROOSEVELT,540.0835,703.0917,407.3676,7187.0376,2,79.24%,20.76%,3745
5368,5367,1345867,2142031,Risk 1 (High),60646,41.9949214,-87.78539173,0,1,1,Canvass Re-Inspection,1978,MILWAUKEE,162.5258,640.1237,217.3516,2206.5016,2,79.26%,20.74%,3746
2968,2967,1424584,1697822,Risk 1 (High),60631,42.0126492,-87.80677321,1,1,1,Canvass,1962,HARLEM,537.022,1823.1636,1025.907,3017.6096,2,79.34%,20.66%,3747
5638,5637,1424655,2177026,Risk 1 (High),60630,41.97048836,-87.76291924,1,1,1,Canvass,1927,GALE,550.3497,659.9896,615.6074,4409.3851,2,79.57%,20.43%,3748
4670,4669,1512638,2065276,Risk 2 (Medium),60655,41.69148678,-87.72017892,1,1,0,Short Form Complaint,1948,PULASKI,231.2307,1049.6998,1577.1647,10610.0392,2,79.57%,20.43%,3749
281,280,1418528,10750,Risk 1 (High),60646,42.01189351,-87.78325952,1,1,0,Canvass,1968,TOUHY,354.1588,4112.894,1422.8077,5929.532,2,79.57%,20.43%,3750
1702,1701,1424416,1119378,Risk 1 (High),60631,42.00274186,-87.81586896,1,1,1,Recent Inspection,1923,NORTHWEST,590.83,1052.9293,358.7408,3211.6498,2,79.69%,20.31%,3751
5345,5344,1418513,2138575,Risk 1 (High),60659,41.99567001,-87.7126646,1,1,1,Canvass,1987,MCCORMICK,105.4533,1149.7278,903.6122,3986.1607,2,79.75%,20.25%,3752
3621,3620,1424317,1898660,Risk 1 (High),60630,41.96776279,-87.7772019,0,1,1,Canvass Re-Inspection,1972,AUSTIN,317.6395,866.9142,83.4667,2771.1241,2,79.79%,20.21%,3753
3614,3613,1513210,1898379,Risk 1 (High),60655,41.69143387,-87.71646547,1,1,0,Canvass,1956,111TH,752.7029,1049.1005,937.5014,9880.6206,2,79.84%,20.16%,3754
3129,3128,1325328,1770322,Risk 1 (High),60644,41.86567514,-87.76662585,1,1,0,Canvass,2010,ROOSEVELT,305.8719,1130.4349,827.8238,6314.2934,2,79.87%,20.13%,3755
2600,2599,1424649,1576613,Risk 1 (High),60631,42.00237737,-87.81574842,1,1,1,Canvass,1930,NORTHWEST,188.4824,1047.0271,328.2453,3224.2279,2,80.13%,19.87%,3756
6665,6664,1424485,2293477,Risk 1 (High),60631,42.00241224,-87.81634604,1,1,1,Canvass,1930,OLIPHANT,643.1219,977.635,379.5362,3310.7511,2,80.15%,19.85%,3757
1303,1302,1396100,56287,Risk 2 (Medium),60638,41.7717351,-87.7419234,0,1,1,Complaint Re-Inspection,1994,CICERO,364.5635,1400.2133,396.2739,5201.6896,2,80.24%,19.76%,3758
4974,4973,1395955,2103235,Risk 1 (High),60655,41.69168161,-87.70043191,0,1,1,Canvass Re-Inspection,1963,111TH,0,1100.5367,659.5848,7604.0328,2,80.53%,19.47%,3759
837,836,1424559,33624,Risk 1 (High),60631,41.99727683,-87.80962433,1,1,1,Canvass,1957,DEVON,63.8535,1338.9338,681.2121,3512.8288,2,80.78%,19.22%,3760
574,573,1418581,23369,Risk 1 (High),60646,41.99714701,-87.74849096,1,1,1,Canvass,2006,CICERO,397.8916,487.2563,2042.0941,5238.4696,2,81.23%,18.77%,3761
4516,4515,1418599,2042848,Risk 1 (High),60646,41.9856292,-87.76976502,1,1,1,Canvass,1967,Elston,341.5976,651.932,1240.6563,5125.0536,2,81.70%,18.30%,3762
5843,5842,1424621,2196866,Risk 1 (High),60656,41.96383702,-87.83683865,1,1,0,Canvass,1996,CUMBERLAND,1855.7666,3484.4657,1385.1422,6253.0041,2,81.82%,18.18%,3763
5350,5349,1418535,2141172,Risk 1 (High),60646,41.99721919,-87.76455465,1,1,1,Canvass,1951,DEVON,525.3049,1138.3731,1346.7105,5626.0809,2,81.93%,18.07%,3764
7493,7492,1418601,2348597,Risk 1 (High),60656,41.96405106,-87.83683792,1,1,0,Canvass,1996,CUMBERLAND,495.6645,3501.6605,1383.801,6292.1065,2,82.02%,17.98%,3765
7272,7271,1424313,2327892,Risk 1 (High),60656,41.96415807,-87.83683755,1,1,0,Complaint,1996,CUMBERLAND,982.0709,3498.2702,1384.0647,6311.7536,2,82.02%,17.98%,3766
7168,7167,1424665,2320750,Risk 1 (High),60656,41.96421158,-87.83683737,1,1,0,Canvass,1996,CUMBERLAND,298.8111,3491.657,1384.4261,6321.6027,2,82.09%,17.91%,3767
2359,2358,1418549,1478070,Risk 1 (High),60646,41.9974452,-87.76263996,1,1,1,Canvass,1952,DEVON,262.2263,853.8718,1205.8646,5866.006,2,82.70%,17.30%,3768
3548,3547,1418533,1887536,Risk 1 (High),60646,41.99722474,-87.76258724,1,1,1,Canvass,1957,DEVON,434.5846,827.5051,1200.0217,5823.7044,2,82.80%,17.20%,3769
2589,2588,1418334,1575380,Risk 2 (Medium),60646,41.99721856,-87.76226895,1,1,1,Recent Inspection,1957,DEVON,433.4449,768.3305,1184.6381,5828.5677,2,82.83%,17.17%,3770
2492,2491,1459825,1519036,Risk 1 (High),60632,41.80685498,-87.74298397,1,1,1,Canvass Re-Inspection,1991,CICERO,115.4226,541.1168,329.3678,6181.7289,2,82.83%,17.17%,3771
4725,4724,1424392,2069938,Risk 1 (High),60666,42.0085364,-87.91442844,1,1,0,Canvass,2006,TOUHY,1559.4816,22126.3784,20207.5073,26816.328,2,83.78%,16.22%,3772
5798,5797,1424378,2192963,Risk 1 (High),60666,42.0085364,-87.91442844,1,1,0,Canvass,2006,TOUHY,623.0364,22126.3784,20207.5073,26816.328,2,83.85%,16.15%,3773
5800,5799,1424379,2192968,Risk 1 (High),60666,42.0085364,-87.91442844,1,1,0,Complaint,2006,TOUHY,623.0364,22126.3784,20207.5073,26816.328,2,83.85%,16.15%,3774
5161,5160,1424446,2125246,Risk 1 (High),60666,42.0085364,-87.91442844,1,1,0,Canvass,2006,TOUHY,594.264,22126.3784,20207.5073,26816.328,2,83.85%,16.15%,3775
855,854,1424476,34139,Risk 1 (High),60666,42.0085364,-87.91442844,1,1,0,Canvass,2006,TOUHY,517.3219,22126.3784,20207.5073,26816.328,2,83.85%,16.15%,3776
871,870,1424614,34203,Risk 1 (High),60666,42.0085364,-87.91442844,1,1,0,Canvass,2006,TOUHY,361.4605,22126.3784,20207.5073,26816.328,2,83.87%,16.13%,3777
5801,5800,1424377,2192971,Risk 1 (High),60666,42.0085364,-87.91442844,1,1,0,Canvass,2006,TOUHY,342.9296,22126.3784,20207.5073,26816.328,2,83.87%,16.13%,3778
6960,6959,1424603,2308566,Risk 1 (High),60666,42.0085364,-87.91442844,1,1,0,Canvass,2006,TOUHY,321.271,22126.3784,20207.5073,26816.328,2,83.87%,16.13%,3779
6961,6960,1424602,2308567,Risk 1 (High),60666,42.0085364,-87.91442844,1,1,0,Canvass,2006,TOUHY,314.9473,22126.3784,20207.5073,26816.328,2,83.87%,16.13%,3780
859,858,1424638,34154,Risk 1 (High),60666,42.0085364,-87.91442844,1,1,0,Canvass,2006,TOUHY,308.1275,22126.3784,20207.5073,26816.328,2,83.87%,16.13%,3781
3693,3692,1424550,1909520,Risk 1 (High),60666,42.0085364,-87.91442844,1,1,0,Canvass,2006,TOUHY,294.1633,22126.3784,20207.5073,26816.328,2,83.87%,16.13%,3782
856,855,1424496,34142,Risk 1 (High),60666,42.0085364,-87.91442844,1,1,0,Canvass,2006,TOUHY,272.622,22126.3784,20207.5073,26816.328,2,83.87%,16.13%,3783
3503,3502,1424551,1879165,Risk 1 (High),60666,42.0085364,-87.91442844,1,1,0,Canvass,2006,TOUHY,255.1741,22126.3784,20207.5073,26816.328,2,83.87%,16.13%,3784
3781,3780,1236145,1927556,Risk 2 (Medium),60666,42.0085364,-87.91442844,0,1,0,Canvass Re-Inspection,2006,TOUHY,253.9582,22126.3784,20207.5073,26816.328,2,83.87%,16.13%,3785
2194,2193,1424410,1381615,Risk 1 (High),60666,42.0085364,-87.91442844,1,1,0,Canvass,2006,TOUHY,246.6006,22126.3784,20207.5073,26816.328,2,83.87%,16.13%,3786
6005,6004,1494025,2232034,Risk 2 (Medium),60666,42.0085364,-87.91442844,0,1,0,Canvass Re-Inspection,2006,TOUHY,243.6984,22126.3784,20207.5073,26816.328,2,83.87%,16.13%,3787
876,875,1490903,34212,Risk 2 (Medium),60666,42.0085364,-87.91442844,0,1,0,Canvass Re-Inspection,2006,TOUHY,240.6735,22126.3784,20207.5073,26816.328,2,83.87%,16.13%,3788
724,723,1424662,29570,Risk 1 (High),60666,42.0085364,-87.91442844,1,1,0,Canvass,2006,TOUHY,215.8413,22126.3784,20207.5073,26816.328,2,83.88%,16.12%,3789
5802,5801,1424601,2192977,Risk 1 (High),60666,42.0085364,-87.91442844,1,1,0,Canvass,2006,TOUHY,174.0803,22126.3784,20207.5073,26816.328,2,83.88%,16.12%,3790
3701,3700,1424419,1909539,Risk 1 (High),60666,42.0085364,-87.91442844,1,1,0,Canvass,2006,TOUHY,163.2853,22126.3784,20207.5073,26816.328,2,83.88%,16.12%,3791
6959,6958,1424604,2308553,Risk 1 (High),60666,42.0085364,-87.91442844,1,1,0,Canvass,2006,TOUHY,149.716,22126.3784,20207.5073,26816.328,2,83.88%,16.12%,3792
3564,3563,1490912,1888807,Risk 2 (Medium),60666,42.0085364,-87.91442844,0,1,0,Canvass Re-Inspection,2006,TOUHY,113.7977,22126.3784,20207.5073,26816.328,2,83.88%,16.12%,3793
872,871,1490444,34205,Risk 2 (Medium),60666,42.0085364,-87.91442844,0,1,0,Canvass Re-Inspection,2006,TOUHY,104.9684,22126.3784,20207.5073,26816.328,2,83.88%,16.12%,3794
860,859,1424616,34157,Risk 1 (High),60666,42.0085364,-87.91442844,1,1,0,Canvass,2006,TOUHY,94.1091,22126.3784,20207.5073,26816.328,2,83.89%,16.11%,3795
866,865,1424447,34185,Risk 1 (High),60666,42.0085364,-87.91442844,1,1,0,Canvass,2006,TOUHY,77.0643,22126.3784,20207.5073,26816.328,2,83.89%,16.11%,3796
3533,3532,1424549,1884292,Risk 1 (High),60666,42.0085364,-87.91442844,1,1,0,Canvass,2006,TOUHY,74.9695,22126.3784,20207.5073,26816.328,2,83.89%,16.11%,3797
3547,3546,1418526,1887531,Risk 1 (High),60646,42.01189725,-87.78101877,1,1,1,Canvass,1954,TOUHY,680.816,3758.3067,1360.2753,6206.6972,2,84.10%,15.90%,3798
5442,5441,1418532,2147874,Risk 1 (High),60646,41.99743523,-87.76125862,1,1,1,Canvass,1988,DEVON,234.4636,658.7321,1149.6433,5896.2491,2,84.17%,15.83%,3799
4820,4819,1490531,2084349,Risk 1 (High),60656,41.97657773,-87.83676335,1,1,0,Canvass Re-Inspection,1964,CUMBERLAND,83.9478,985.1748,639.8501,7440.3781,2,84.50%,15.50%,3800
509,508,1418574,22926,Risk 1 (High),60656,41.97340096,-87.86302998,1,1,0,Canvass,2010,FOSTER,527.4316,4893.7473,5280.6305,11603.1937,2,84.72%,15.28%,3801
2804,2803,1424415,1647850,Risk 1 (High),60656,41.97685089,-87.83676047,0,1,0,Canvass Re-Inspection,1973,CUMBERLAND,287.7509,988.7297,585.0885,7435.8343,2,84.92%,15.08%,3802
5458,5457,1434699,2152271,Risk 1 (High),60655,41.69148547,-87.71303009,0,1,1,Canvass Re-Inspection,2009,111TH,202.7312,985.3529,385.5329,9261.6121,2,86.16%,13.84%,3803
5890,5889,1497773,2202608,Risk 1 (High),60655,41.7052743,-87.72074789,1,1,1,Canvass,2006,PULASKI,302.1302,3176.715,1044.1283,10068.1757,2,86.69%,13.31%,3804
1390,1389,1424395,64540,Risk 1 (High),60666,42.0085364,-87.91442844,1,1,1,Canvass,2006,TOUHY,535.9862,22126.3784,20207.5073,26816.328,2,87.58%,12.42%,3805
889,888,1474029,34234,Risk 2 (Medium),60666,42.0085364,-87.91442844,0,1,1,Canvass Re-Inspection,2006,TOUHY,446.6787,22126.3784,20207.5073,26816.328,2,87.59%,12.41%,3806
5825,5824,1424634,2196485,Risk 1 (High),60666,42.0085364,-87.91442844,1,1,1,Canvass,2006,TOUHY,441.2905,22126.3784,20207.5073,26816.328,2,87.59%,12.41%,3807
3543,3542,1490290,1885160,Risk 2 (Medium),60666,42.0085364,-87.91442844,0,1,1,Canvass Re-Inspection,2006,TOUHY,416.712,22126.3784,20207.5073,26816.328,2,87.59%,12.41%,3808
1748,1747,1424636,1140745,Risk 1 (High),60666,42.0085364,-87.91442844,1,1,1,Canvass,2006,TOUHY,415.4054,22126.3784,20207.5073,26816.328,2,87.59%,12.41%,3809
3699,3698,1424421,1909532,Risk 1 (High),60666,42.0085364,-87.91442844,1,1,1,Canvass,2006,TOUHY,398.7309,22126.3784,20207.5073,26816.328,2,87.59%,12.41%,3810
1610,1609,1424628,1042895,Risk 1 (High),60666,42.0085364,-87.91442844,1,1,1,Canvass,2006,TOUHY,257.8987,22126.3784,20207.5073,26816.328,2,87.60%,12.40%,3811
2092,2091,1490914,1333098,Risk 2 (Medium),60666,42.0085364,-87.91442844,0,1,1,Canvass Re-Inspection,2006,TOUHY,239.6263,22126.3784,20207.5073,26816.328,2,87.60%,12.40%,3812
1574,1573,1424403,84319,Risk 1 (High),60666,42.0085364,-87.91442844,1,1,1,Canvass,2006,TOUHY,160.7791,22126.3784,20207.5073,26816.328,2,87.60%,12.40%,3813
893,892,1424536,34242,Risk 1 (High),60666,42.0085364,-87.91442844,1,1,1,Canvass,2006,TOUHY,126.8036,22126.3784,20207.5073,26816.328,2,87.61%,12.39%,3814
870,869,1424537,34201,Risk 1 (High),60666,42.0085364,-87.91442844,1,1,1,Canvass,2006,TOUHY,106.2641,22126.3784,20207.5073,26816.328,2,87.61%,12.39%,3815
3695,3694,1424420,1909523,Risk 1 (High),60666,42.0085364,-87.91442844,1,1,1,Canvass,2006,TOUHY,103.8948,22126.3784,20207.5073,26816.328,2,87.61%,12.39%,3816
4007,4006,1418575,1968994,Risk 1 (High),60656,41.97341819,-87.86237264,1,1,1,Canvass,2010,FOSTER,306.6847,4717.9742,5105.8906,11467.1069,2,88.36%,11.64%,3817
3886,3885,1424589,1948326,Risk 1 (High),60631,41.98109378,-87.84407563,1,1,1,Canvass,1985,BRYN,352.6775,1498.4726,1186.0818,8313.6785,2,89.19%,10.81%,3818
7598,7597,1496584,2354458,Risk 1 (High),60617,41.70263353,-87.53747594,1,0,0,License,1898,106TH,682.4167,659.0247,678.1631,1181.5716,1,90.97%,9.03%,3819
4155,4154,1497305,1986474,Risk 1 (High),60617,41.70251809,-87.55974505,1,1,0,Canvass,1903,Torrence,160.7791,483.2245,633.8197,920.2382,1,91.18%,8.82%,3820
402,401,1473303,17434,Risk 1 (High),60617,41.73019683,-87.5504744,1,1,0,Complaint,1941,91ST,467.9173,218.9453,592.2189,148.0351,1,91.36%,8.64%,3821
5427,5426,1387632,2147319,Risk 1 (High),60617,41.73019626,-87.5505637,1,1,0,Complaint,1941,91ST,325.9035,204.5427,598.3399,169.6828,1,91.38%,8.62%,3822
4814,4813,1401514,2084097,Risk 1 (High),60617,41.73312627,-87.55147733,1,1,0,Canvass,1885,COMMERCIAL,193.5053,277.7625,512.4187,1208.4976,1,91.43%,8.57%,3823
6592,6591,1494205,2289163,Risk 1 (High),60617,41.71397724,-87.53791711,1,1,0,Canvass,1888,100TH,1080.3549,445.9368,516.7189,1556.9212,1,91.45%,8.55%,3824
6504,6503,1493579,2283314,Risk 1 (High),60617,41.71057596,-87.53542926,0,1,0,Complaint,1957,EWING,138.6775,323.3177,1202.3035,1265.5966,1,91.72%,8.28%,3825
5026,5025,1493410,2109876,Risk 2 (Medium),60617,41.72998249,-87.55140127,1,1,0,Canvass,1951,COMMERCIAL,863.2094,247.0275,648.1791,382.5621,1,91.74%,8.26%,3826
6930,6929,1395886,2308111,Risk 2 (Medium),60615,41.79961156,-87.59253344,1,1,0,License,1908,53RD,753.4426,486.8895,926.642,705.161,1,92.07%,7.93%,3827
7504,7503,1493880,2348926,Risk 2 (Medium),60615,41.79961156,-87.59253344,1,1,0,License,1908,53RD,280.6761,486.8895,926.642,705.161,1,92.09%,7.91%,3828
6081,6080,1496460,2240681,Risk 1 (High),60617,41.70284554,-87.53584559,1,1,0,Canvass,1927,106TH,267.0389,564.2591,540.1372,1537.0145,1,92.11%,7.89%,3829
5030,5029,1387629,2113336,Risk 1 (High),60617,41.71524399,-87.53513029,1,1,0,Canvass,1888,EWING,263.8489,609.3333,600.6694,2299.2871,1,92.11%,7.89%,3830
4983,4982,1496395,2103955,Risk 2 (Medium),60617,41.70262228,-87.53480834,1,1,0,Canvass,1929,106TH,350.9647,587.6648,594.7561,1692.6206,1,92.22%,7.78%,3831
1320,1319,1473452,57664,Risk 1 (High),60615,41.79961533,-87.59229887,1,1,0,Canvass,1919,53RD,1559.4816,515.4039,889.7523,642.3284,1,92.24%,7.76%,3832
3049,3048,1493594,1741003,Risk 1 (High),60617,41.70261923,-87.53430877,1,1,0,Canvass,1929,106TH,56.4347,619.6209,595.6041,1762.16,1,92.29%,7.71%,3833
3746,3745,1387670,1922019,Risk 1 (High),60628,41.67489442,-87.60172305,1,1,0,Canvass,1891,DOTY,525.938,3865.8769,4196.9998,6053.7846,1,92.33%,7.67%,3834
7536,7535,1493335,2349578,Risk 1 (High),60617,41.70348287,-87.55975999,1,1,0,License,1955,TORRENCE,420.3643,624.8681,746.7194,1270.8611,1,92.47%,7.53%,3835
2746,2745,1174667,1620703,Risk 1 (High),60615,41.79720537,-87.5874128,1,1,0,Canvass,1902,LAKE,310.1639,558.2398,848.3701,1238.8755,1,92.49%,7.51%,3836
5739,5738,1434446,2185419,Risk 2 (Medium),60615,41.80012851,-87.58920988,1,1,0,Canvass,1914,HARPER,437.5468,400.5024,205.336,220.4766,1,92.51%,7.49%,3837
65,64,1453444,1806,Risk 1 (High),60661,41.87759408,-87.64738021,1,1,0,Canvass,1864,HALSTED,21087.1053,228.1672,649.2928,1130.3618,1,92.53%,7.47%,3838
931,930,1174666,35633,Risk 1 (High),60615,41.79915575,-87.59028088,1,1,0,Canvass,1927,BLACKSTONE,346.9706,523.4286,483.9154,317.0417,1,92.56%,7.44%,3839
781,780,1453443,32259,Risk 1 (High),60661,41.87746697,-87.64737446,1,1,0,Canvass,1864,HALSTED,21087.1053,225.3871,628.281,1167.6143,1,92.58%,7.42%,3840
901,900,1493733,34396,Risk 1 (High),60617,41.73284708,-87.55117614,1,1,0,Canvass,1952,COMMERCIAL,383.3471,255.0261,463.7577,1086.0302,1,92.68%,7.32%,3841
6134,6133,1494093,2246324,Risk 1 (High),60617,41.72947638,-87.55109579,1,1,0,Canvass,2005,COMMERCIAL,66.4089,381.0237,721.9132,354.7994,1,92.71%,7.29%,3842
4283,4282,1496401,2008148,Risk 1 (High),60654,41.88931871,-87.62815267,1,1,0,Canvass,1925,STATE,21087.1053,462.6881,899.2301,560.9481,1,92.75%,7.25%,3843
5578,5577,1401715,2162354,Risk 1 (High),60654,41.89020779,-87.63094084,1,1,0,Complaint,1881,CLARK,358.8558,237.8547,573.3984,267.1389,1,92.82%,7.18%,3844
7510,7509,1493324,2349080,Risk 1 (High),60617,41.70328015,-87.53513858,1,1,0,License,1951,EWING,337.0384,496.4157,485.962,1786.4283,1,92.84%,7.16%,3845
3728,3727,1491036,1915111,Risk 1 (High),60654,41.88968728,-87.6312191,1,1,0,Canvass,1881,CLARK,628.7143,173.3065,580.5541,350.968,1,92.87%,7.13%,3846
5730,5729,1496236,2185066,Risk 2 (Medium),60654,41.88990488,-87.63122455,1,1,0,Complaint,1881,CLARK,98.4091,163.1301,563.3115,335.232,1,92.89%,7.11%,3847
7472,7471,1490611,2341833,Risk 1 (High),60620,41.75032239,-87.64418241,1,1,0,License,1902,HALSTED,222.7295,462.1052,638.0414,1147.3452,1,92.90%,7.10%,3848
544,543,1497910,23083,Risk 2 (Medium),60610,41.89005827,-87.63122989,1,1,0,Canvass,1881,CLARK,58.5681,175.8795,555.0657,335.5613,1,92.90%,7.10%,3849
2096,2095,1387628,1334013,Risk 1 (High),60617,41.72059046,-87.5351424,1,1,0,Canvass,1882,EWING,217.6284,276.4004,755.1205,3444.9544,1,92.91%,7.09%,3850
4690,4689,1491124,2068953,Risk 1 (High),60654,41.8899215,-87.63029754,1,1,0,Canvass,1901,HUBBARD,227.7188,330.6434,650.8519,85.9197,1,92.93%,7.07%,3851
4113,4112,1474104,1980656,Risk 1 (High),60617,41.70265064,-87.54337389,1,1,0,Canvass,2009,106th,135.2361,861.7271,1115.7334,1334.8909,1,92.94%,7.06%,3852
122,121,1387590,3787,Risk 2 (Medium),60628,41.68934157,-87.62115636,1,1,0,Canvass,1904,MICHIGAN,525.938,421.4372,781.8003,2272.9864,1,92.98%,7.02%,3853
4483,4482,1459832,2036402,Risk 1 (High),60654,41.88931602,-87.63148774,1,1,0,Canvass,1881,KINZIE,550.1959,229.8343,568.2056,475.6396,1,93.00%,7.00%,3854
185,184,1512279,6769,Risk 1 (High),60617,41.68105584,-87.53825068,1,0,0,Canvass,1985,118TH,623.0364,948.3987,2758.9602,4170.6557,1,93.02%,6.98%,3855
1438,1437,1493342,69466,Risk 1 (High),60615,41.79530819,-87.58894079,1,1,0,Canvass,1902,55TH,574.1129,515.6194,728.8488,1733.9583,1,93.05%,6.95%,3856
7206,7205,1459353,2326483,Risk 1 (High),60617,41.73489771,-87.55152211,1,1,0,License,1923,COMMERCIAL,522.6044,322.4288,254.4264,1832.4763,1,93.06%,6.94%,3857
4299,4298,1490767,2008723,Risk 1 (High),60620,41.75054754,-87.64304964,1,1,0,Canvass,1924,79TH,577.767,385.3977,582.6537,855.7826,1,93.07%,6.93%,3858
4919,4918,1496885,2094212,Risk 1 (High),60654,41.89012138,-87.63186017,1,1,0,Canvass,1876,HUBBARD,158.7846,186.2987,450.5638,508.4362,1,93.08%,6.92%,3859
5753,5752,1372651,2189091,Risk 2 (Medium),60654,41.8909384,-87.63059033,1,1,0,Canvass,1891,ILLINOIS,656.0106,441.2291,573.8421,377.8587,1,93.09%,6.91%,3860
6324,6323,1493298,2263378,Risk 2 (Medium),60637,41.77322973,-87.60591767,1,1,0,Canvass,1898,COTTAGE,821.0546,250.9277,550.6214,1695.7946,1,93.11%,6.89%,3861
3115,3114,1387510,1768770,Risk 2 (Medium),60628,41.68558118,-87.60820712,1,1,0,Canvass,1903,115TH,1068.9717,993.7372,871.902,2785.4765,1,93.15%,6.85%,3862
6,5,1459773,115,Risk 1 (High),60609,41.82718502,-87.64617046,1,1,0,Canvass,1868,HALSTED,278.9611,884.2529,733.2405,1463.4463,1,93.15%,6.85%,3863
5603,5602,1434749,2163665,Risk 1 (High),60654,41.8899462,-87.62858931,1,1,0,Canvass,1911,HUBBARD,312.9694,396.6157,831.2054,384.6195,1,93.16%,6.84%,3864
4800,4799,1498022,2083747,Risk 2 (Medium),60654,41.8906789,-87.6281787,1,1,0,Canvass,1894,STATE,527.3963,234.2512,657.6484,554.2071,1,93.17%,6.83%,3865
6824,6823,1473859,2303851,Risk 1 (High),0,41.89074679,-87.62851094,1,1,0,License,1902,ILLINOIS,422.0964,277.0009,647.5682,488.3183,1,93.28%,6.72%,3866
1098,1097,1228415,43329,Risk 1 (High),60604,41.87804565,-87.6301368,1,1,0,Canvass,1926,JACKSON,21087.1053,611.6846,478.9238,713.1612,1,93.28%,6.72%,3867
1100,1099,1228416,43331,Risk 1 (High),60604,41.87804565,-87.6301368,1,1,0,Canvass,1926,JACKSON,21087.1053,611.6846,478.9238,713.1612,1,93.28%,6.72%,3868
6823,6822,1473851,2303850,Risk 1 (High),0,41.89074679,-87.62851094,1,1,0,License,1902,ILLINOIS,268.3323,277.0009,647.5682,488.3183,1,93.28%,6.72%,3869
3923,3922,1453305,1954252,Risk 1 (High),60604,41.88073952,-87.6227001,1,1,0,Canvass,1912,MONROE,513.8778,1043.1604,954.2628,783.1535,1,93.28%,6.72%,3870
6543,6542,1372455,2284380,Risk 1 (High),60603,41.87953373,-87.63009027,1,1,0,Canvass,1907,ADAMS,365.5496,655.757,402.0577,171.6833,1,93.29%,6.71%,3871
6829,6828,1372657,2303890,Risk 1 (High),60603,41.87953523,-87.63002421,1,0,0,License,1907,ADAMS,258.9583,654.1197,400.8918,169.4958,1,93.30%,6.70%,3872
2445,2444,1358286,1495629,Risk 1 (High),60608,41.8476772,-87.67831668,1,1,0,Canvass,1889,BLUE,21087.1053,857.3092,328.5421,962.718,1,93.31%,6.69%,3873
3140,3139,1434438,1771594,Risk 1 (High),60654,41.88993752,-87.62909217,1,1,0,Canvass,1925,HUBBARD,434.0325,476.7599,801.0663,248.2411,1,93.32%,6.68%,3874
700,699,1453447,28552,Risk 1 (High),60661,41.87951952,-87.64743782,1,1,0,Canvass,1894,HALSTED,584.9736,632.205,762.0513,719.4031,1,93.35%,6.65%,3875
4840,4839,1497175,2087734,Risk 1 (High),60654,41.89182683,-87.63127921,1,1,0,Canvass,1891,CLARK,191.0937,578.926,665.4656,751.3348,1,93.35%,6.65%,3876
3142,3141,1372684,1771749,Risk 2 (Medium),60603,41.87998851,-87.63068884,1,1,0,Canvass,1907,CLARK,208.6782,691.9391,364.4186,187.6415,1,93.36%,6.64%,3877
2802,2801,1372639,1647746,Risk 1 (High),60603,41.87998851,-87.63068884,1,1,0,Canvass,1907,CLARK,66.7612,691.9391,364.4186,187.6415,1,93.37%,6.63%,3878
962,961,1496449,37407,Risk 1 (High),60617,41.70264616,-87.54067794,1,1,1,Canvass,1923,106TH,429.0195,841.5866,811.2613,981.8851,1,93.37%,6.63%,3879
1887,1886,1152096,1224021,Risk 2 (Medium),60637,41.79142028,-87.58014777,1,1,0,Canvass,1902,LAKE,673.2186,1262.9063,1701.9621,3401.6454,1,93.38%,6.62%,3880
5100,5099,1474108,2120388,Risk 1 (High),60654,41.89093553,-87.62997109,1,1,0,Canvass,1912,ILLINOIS,687.7077,532.9923,608.6648,341.0093,1,93.38%,6.62%,3881
401,400,1453368,17432,Risk 1 (High),60604,41.87727931,-87.62941875,1,1,0,Canvass,1891,DEARBORN,630.3573,493.5582,686.3803,1004.008,1,93.39%,6.61%,3882
5754,5753,1497377,2189098,Risk 2 (Medium),60654,41.89094095,-87.63032434,1,1,0,Canvass,1912,ILLINOIS,485.1535,486.4412,586.0717,354.084,1,93.43%,6.57%,3883
378,377,1453448,15888,Risk 1 (High),60661,41.87817257,-87.64709974,1,1,0,Canvass,1884,HALSTED,482.5403,300.6583,746.5826,1033.1175,1,93.43%,6.57%,3884
2261,2260,1387420,1445287,Risk 1 (High),60628,41.68769792,-87.62111868,1,1,0,Complaint,1913,MICHIGAN,614.5994,492.524,635.3547,2465.5871,1,93.44%,6.56%,3885
2948,2947,1490855,1695468,Risk 2 (Medium),60603,41.88093156,-87.63218913,1,1,0,Canvass,1894,LA,101.2102,454.7748,479.7443,686.0467,1,93.45%,6.55%,3886
5689,5688,1412211,2183659,Risk 2 (Medium),60615,41.79954377,-87.58390766,1,1,0,Complaint,1917,HYDE,283.5641,590.6047,514.4763,1669.534,1,93.45%,6.55%,3887
7340,7339,1473369,2333733,Risk 1 (High),60654,41.88931871,-87.62815267,1,1,0,License,1925,STATE,717.5346,462.6881,899.2301,560.9481,1,93.46%,6.54%,3888
1546,1545,1493487,81030,Risk 1 (High),60615,41.80234132,-87.58937244,1,1,0,Canvass,1926,HYDE,226.0579,592.939,73.5917,870.1868,1,93.47%,6.53%,3889
5604,5603,1228453,2163680,Risk 2 (Medium),60605,41.86780856,-87.62598003,1,1,0,Canvass,1878,WABASH,605.7908,211.1146,548.5606,1355.2438,1,93.47%,6.53%,3890
5872,5871,1228449,2202237,Risk 1 (High),60605,41.86753863,-87.62620848,1,1,0,Canvass,1878,ROOSEVELT,176.1367,181.0832,560.1129,1367.8723,1,93.48%,6.52%,3891
7547,7546,1513082,2349885,Risk 1 (High),60616,41.85281839,-87.63186167,1,1,0,License,1883,WENTWORTH,166.0038,267.2595,662.7887,1449.5251,1,93.48%,6.52%,3892
7548,7547,1513083,2349886,Risk 1 (High),60616,41.85281839,-87.63186167,1,0,0,License,1883,WENTWORTH,103.37,267.2595,662.7887,1449.5251,1,93.48%,6.52%,3893
7775,7774,1453644,2363821,Risk 1 (High),60605,41.86753929,-87.62612469,1,1,0,License,1878,ROOSEVELT,384.6127,181.3911,561.2235,1385.0287,1,93.48%,6.52%,3894
6093,6092,1473407,2241029,Risk 1 (High),60615,41.79965126,-87.58940329,1,1,0,Canvass,1972,53RD,328.727,390.8372,229.8653,206.4565,1,93.50%,6.50%,3895
7567,7566,1493820,2350305,Risk 1 (High),60615,41.79962974,-87.59094144,1,1,0,License,1989,53RD,572.0825,571.3966,592.2764,290.0067,1,93.52%,6.48%,3896
4546,4545,1493281,2048647,Risk 1 (High),60608,41.85817766,-87.64679834,1,1,0,Canvass,1879,HALSTED,522.606,456.0495,601.0999,1270.4871,1,93.53%,6.47%,3897
3690,3689,1151947,1909392,Risk 1 (High),60637,41.77668461,-87.60599358,1,1,0,Canvass,1898,COTTAGE,233.8714,177.1861,533.3075,2126.1308,1,93.53%,6.47%,3898
2861,2860,1151955,1675566,Risk 2 (Medium),60637,41.77686632,-87.60599825,1,1,0,Canvass,1898,COTTAGE,216.7251,170.3767,530.1086,2122.8804,1,93.53%,6.47%,3899
5459,5458,1493425,2152299,Risk 1 (High),60603,41.8808103,-87.63070863,1,1,0,Canvass,1905,CLARK,621.8127,661.1725,267.5686,352.7524,1,93.55%,6.45%,3900
2148,2147,1115246,1356319,Risk 1 (High),60617,41.73957167,-87.55161886,1,1,0,Canvass,1927,COMMERCIAL,110.2021,501.7849,579.0167,2661.7892,1,93.55%,6.45%,3901
6689,6688,1474020,2293961,Risk 1 (High),60603,41.87961078,-87.62685551,1,1,0,Canvass,1888,ADAMS,363.1762,587.2356,354.0809,868.0216,1,93.55%,6.45%,3902
4470,4469,1496665,2032936,Risk 1 (High),60654,41.89012394,-87.63159666,1,1,0,Canvass,1912,HUBBARD,325.9035,161.8573,499.9314,437.0967,1,93.57%,6.43%,3903
4802,4801,1496671,2083849,Risk 1 (High),60654,41.89012394,-87.63159666,1,1,0,Canvass,1912,HUBBARD,106.8996,161.8573,499.9314,437.0967,1,93.58%,6.42%,3904
389,388,1387518,16795,Risk 1 (High),60628,41.69113262,-87.62088499,1,1,0,Canvass,1935,MICHIGAN,228.2813,255.256,752.7581,2305.7559,1,93.58%,6.42%,3905
4568,4567,1501226,2049905,Risk 2 (Medium),60605,41.87390846,-87.62583771,1,1,0,Canvass,1895,WABASH,324.8702,489.6205,1172.6414,1820.3882,1,93.59%,6.41%,3906
6667,6666,1401639,2293506,Risk 1 (High),60654,41.89012301,-87.6316846,1,0,0,License,1912,HUBBARD,218.7223,168.1597,482.9212,460.8874,1,93.61%,6.39%,3907
5166,5165,1453311,2125326,Risk 2 (Medium),60604,41.87806443,-87.62869595,1,1,0,Canvass,1903,JACKSON,254.8662,370.0873,483.2585,789.7065,1,93.61%,6.39%,3908
3449,3448,1453214,1869972,Risk 2 (Medium),60605,41.86026026,-87.62384174,1,1,0,Canvass,1906,MICHIGAN,268.8341,345.0228,549.1372,1050.851,1,93.62%,6.38%,3909
7490,7489,1174671,2348481,Risk 1 (High),60616,41.85757611,-87.64200897,1,1,0,License,1879,JEFFERSON,61.1866,599.8736,713.3044,1563.1867,1,93.62%,6.38%,3910
7818,7817,1512758,2368812,Risk 1 (High),60653,41.80921878,-87.62003481,1,1,0,License,1924,47TH,127.0117,312.8748,583.4806,1267.3666,1,93.63%,6.37%,3911
1963,1962,1441453,1271753,Risk 1 (High),60616,41.84842288,-87.63204466,1,1,0,Canvass,1888,WENTWORTH,472.4367,820.5678,425.7042,1264.2351,1,93.63%,6.37%,3912
3883,3882,1387435,1948252,Risk 1 (High),60628,41.68406626,-87.62055812,1,1,0,Canvass,1900,MICHIGAN,350.8143,497.0108,708.3613,3095.57,1,93.63%,6.37%,3913
5557,5556,1512454,2158056,Risk 1 (High),60620,41.74561896,-87.64374768,1,1,0,Canvass,1899,HALSTED,259.0322,601.3512,442.2778,1895.9563,1,93.64%,6.36%,3914
5413,5412,1199372,2146735,Risk 1 (High),60611,41.90089157,-87.62622292,1,1,0,Canvass,1881,OAK,445.5229,319.117,465.8945,1078.407,1,93.64%,6.36%,3915
6130,6129,1199513,2245990,Risk 1 (High),60654,41.89084146,-87.63270628,1,1,0,Canvass,1891,LA,525.938,393.9881,395.3403,798.1466,1,93.64%,6.36%,3916
454,453,1228447,20432,Risk 1 (High),60604,41.87853829,-87.63241426,1,1,0,Canvass,1922,LA,1810.3895,611.4511,829.0542,846.1843,1,93.64%,6.36%,3917
5930,5929,1453654,2203588,Risk 2 (Medium),60604,41.87714679,-87.62912123,1,1,0,Canvass,1906,DEARBORN,610.2964,482.1897,721.8759,1066.9302,1,93.65%,6.35%,3918
162,161,1453451,6021,Risk 1 (High),60661,41.87918309,-87.64742623,1,1,0,Canvass,1916,HALSTED,1710.3328,529.9585,815.3556,761.5252,1,93.65%,6.35%,3919
7562,7561,1494051,2350228,Risk 2 (Medium),60608,41.85818386,-87.6465048,1,1,0,License,1884,HALSTED,537.4715,484.1749,578.739,1305.9881,1,93.66%,6.34%,3920
431,430,1496718,18867,Risk 1 (High),60616,41.83818529,-87.64391202,1,1,0,Complaint,1888,31ST,523.6126,328.939,400.994,1254.5057,1,93.66%,6.34%,3921
3499,3498,1490982,1879019,Risk 2 (Medium),60608,41.85818386,-87.6465048,1,1,0,Canvass,1884,HALSTED,324.8702,484.1749,578.739,1305.9881,1,93.66%,6.34%,3922
7368,7367,1493933,2334461,Risk 2 (Medium),60609,41.80155641,-87.65539596,1,1,0,License,1884,51ST,353.3318,229.6752,269.7181,1377.5548,1,93.66%,6.34%,3923
6523,6522,1453237,2283741,Risk 3 (Low),60604,41.87881482,-87.63095049,1,0,0,License,1927,CLARK,3731.8578,645.7742,521.6055,503.5243,1,93.67%,6.33%,3924
4348,4347,1453423,2014232,Risk 1 (High),60605,41.8714442,-87.62607513,1,1,0,Canvass,1901,Wabash,285.1279,386.1836,633.2029,1191.5541,1,93.68%,6.32%,3925
3339,3338,1459563,1841048,Risk 1 (High),60616,41.8539455,-87.62695927,1,1,0,Canvass,1888,STATE,136.741,568.7135,787.1269,1798.8476,1,93.70%,6.30%,3926
5564,5563,1496726,2158267,Risk 1 (High),60617,41.71376659,-87.53679586,1,1,1,Canvass,1891,100TH,596.0639,442.6618,480.4513,1627.6878,1,93.70%,6.30%,3927
2997,2996,1459779,1718041,Risk 1 (High),60654,41.89008217,-87.62946153,1,1,0,Complaint,1948,DEARBORN,403.7645,498.4094,727.9784,149.6473,1,93.70%,6.30%,3928
5032,5031,1515319,2113397,Risk 2 (Medium),60617,41.73369956,-87.58498772,1,1,0,Canvass,1955,STONY,334.6052,392.3511,712.5875,2069.4981,1,93.70%,6.30%,3929
2607,2606,1387625,1577283,Risk 1 (High),60617,41.73744679,-87.55503912,1,1,0,Canvass,1923,87TH,400.9002,434.5369,209.4704,2484.1539,1,93.71%,6.29%,3930
6489,6488,1395530,2279570,Risk 2 (Medium),60615,41.79508253,-87.58831294,1,1,0,Short Form Complaint,1929,55TH,425.0761,575.2398,613.8564,1850.0744,1,93.71%,6.29%,3931
2660,2659,1453449,1594002,Risk 1 (High),60661,41.87791646,-87.64709454,1,1,0,Canvass,1897,HALSTED,761.8275,261.7926,710.3454,1096.6248,1,93.71%,6.29%,3932
5576,5575,1493822,2162294,Risk 1 (High),60603,41.88120239,-87.62759359,1,1,0,Canvass,1906,STATE,562.4793,550.5519,439.9739,788.3281,1,93.71%,6.29%,3933
523,522,1372689,23027,Risk 2 (Medium),60603,41.87930273,-87.63100222,1,1,0,Canvass,1927,ADAMS,215.5609,667.9495,491.5241,372.9071,1,93.71%,6.29%,3934
1957,1956,1496424,1249768,Risk 1 (High),60616,41.85107965,-87.63248267,1,1,0,Canvass,1888,23RD,364.0881,455.4072,365.608,1290.0762,1,93.71%,6.29%,3935
2751,2750,1512863,1620828,Risk 2 (Medium),60609,41.80874937,-87.66230696,1,1,0,Canvass,1884,47TH,246.9321,744.6768,707.878,1765.9342,1,93.72%,6.28%,3936
7820,7819,1515442,2368860,Risk 2 (Medium),60636,41.79208735,-87.65467512,1,1,0,License,1899,RACINE,874.2932,455.6541,494.7918,1515.5545,1,93.72%,6.28%,3937
5324,5323,1199339,2138148,Risk 1 (High),60611,41.90104237,-87.62749015,1,1,0,Canvass,1896,RUSH,1278.9538,355.9202,376.1349,781.7841,1,93.72%,6.28%,3938
2823,2822,1445207,1649239,Risk 1 (High),60610,41.89802184,-87.62838328,1,1,0,Canvass,1891,STATE,286.1598,599.7037,374.5527,844.6227,1,93.72%,6.28%,3939
3417,3416,1152172,1868358,Risk 2 (Medium),60609,41.8087747,-87.66044154,1,1,0,Canvass,1884,47TH,470.1122,484.961,427.5012,1493.7347,1,93.72%,6.28%,3940
4953,4952,1493406,2099136,Risk 1 (High),60654,41.89171839,-87.63233796,1,1,0,Canvass,1903,GRAND,278.7883,538.9119,608.5012,892.9652,1,93.72%,6.28%,3941
234,233,1447455,8507,Risk 1 (High),60661,41.8784832,-87.64740622,1,1,0,Canvass,1910,HALSTED,616.0045,365.4392,769.718,896.9363,1,93.73%,6.27%,3942
526,525,1453684,23037,Risk 2 (Medium),60604,41.87854293,-87.63212058,1,1,0,Canvass,1924,LA,286.9362,629.451,770.7732,784.5084,1,93.73%,6.27%,3943
6154,6153,1513125,2246834,Risk 2 (Medium),60653,41.81519729,-87.60653089,1,1,0,Canvass,1915,COTTAGE,67.2029,568.8004,1049.9155,2238.297,1,93.73%,6.27%,3944
6560,6559,1513101,2284744,Risk 2 (Medium),60653,41.8153132,-87.6065302,1,1,0,Canvass,1915,COTTAGE,232.7215,583.4923,1038.8843,2231.3494,1,93.73%,6.27%,3945
7048,7047,1435110,2313848,Risk 1 (High),60616,41.85779302,-87.62209492,1,1,0,License,1928,18TH,274.1832,696.9947,729.6895,986.1638,1,93.73%,6.27%,3946
3277,3276,1199439,1818414,Risk 1 (High),60661,41.88393125,-87.64257354,1,1,0,Canvass,1864,JEFFERSON,128.3097,726.3764,708.2147,1739.8468,1,93.73%,6.27%,3947
6149,6148,1447450,2246751,Risk 1 (High),60661,41.87791415,-87.6414054,1,1,0,Canvass,1911,JACKSON,428.2703,405.9014,944.9416,1173.0183,1,93.74%,6.26%,3948
6503,6502,1453579,2283310,Risk 2 (Medium),60604,41.87828805,-87.6283252,1,1,0,Canvass,1911,JACKSON,423.1789,295.1073,461.2154,772.8077,1,93.74%,6.26%,3949
3430,3429,1447449,1869182,Risk 1 (High),60661,41.87791415,-87.6414054,1,1,0,Canvass,1911,JACKSON,366.3425,405.9014,944.9416,1173.0183,1,93.74%,6.26%,3950
7049,7048,1435111,2313849,Risk 1 (High),60616,41.85779302,-87.62209492,1,0,0,License,1928,18TH,138.213,696.9947,729.6895,986.1638,1,93.74%,6.26%,3951
7296,7295,1460164,2328407,Risk 1 (High),60619,41.76591938,-87.60952093,1,1,0,License,1920,71ST,381.9807,384.731,369.5143,1792.7738,1,93.74%,6.26%,3952
7729,7728,1498064,2362718,Risk 1 (High),60603,41.88124398,-87.62603829,1,0,0,License,1888,WABASH,2326.0103,351.4901,333.6429,1170.2662,1,93.74%,6.26%,3953
4991,4990,1496446,2107900,Risk 1 (High),60649,41.76317062,-87.56354262,1,1,0,Canvass,1916,EXCHANGE,356.4367,401.0564,405.9667,2552.1161,1,93.74%,6.26%,3954
5365,5364,1453260,2141813,Risk 1 (High),60611,41.89165221,-87.62260381,1,1,0,Canvass,1891,GRAND,234.2046,551.6715,302.2802,930.1457,1,93.75%,6.25%,3955
387,386,1401285,16739,Risk 1 (High),60616,41.83831429,-87.63416683,1,1,0,Complaint,1883,31ST,254.1311,305.8896,427.6271,1621.519,1,93.75%,6.25%,3956
6242,6241,1467443,2256196,Risk 2 (Medium),60607,41.88157048,-87.65332321,1,1,0,Canvass,1872,MADISON,927.902,454.852,316.0102,1070.7804,1,93.76%,6.24%,3957
4582,4581,1435118,2054651,Risk 1 (High),60610,41.91038842,-87.63003388,1,1,0,Canvass,1929,DEARBORN,576.1982,815.0798,515.2946,141.8456,1,93.76%,6.24%,3958
396,395,1453567,17178,Risk 2 (Medium),60605,41.87332434,-87.6290217,1,1,0,Canvass,1893,DEARBORN,633.813,442.2098,483.7337,1240.3843,1,93.77%,6.23%,3959
1365,1364,1493988,61624,Risk 1 (High),60649,41.7592111,-87.5601598,1,1,0,Canvass,1910,75TH,724.4264,564.8869,410.8276,2800.6265,1,93.77%,6.23%,3960
5857,5856,1497123,2197129,Risk 1 (High),60654,41.88990443,-87.63159249,1,1,0,Canvass,1925,HUBBARD,342.5008,135.9265,504.7746,435.0185,1,93.77%,6.23%,3961
6152,6151,1496910,2246795,Risk 1 (High),60654,41.89129738,-87.64713091,1,1,0,Canvass,1892,GRAND,668.4084,440.6566,529.1816,913.1405,1,93.77%,6.23%,3962
7466,7465,920466,2341680,Risk 2 (Medium),60617,41.70261285,-87.53326501,1,1,0,License,2006,106TH,83.4205,661.2714,587.683,1917.791,1,93.77%,6.23%,3963
3056,3055,1441304,1741769,Risk 1 (High),60657,41.94015623,-87.65067301,1,1,0,Canvass,1895,CLARK,282.2954,296.3324,406.5708,191.7579,1,93.77%,6.23%,3964
2,1,1473667,9,Risk 1 (High),60603,41.88039584,-87.62450172,1,1,0,Canvass,1906,MICHIGAN,835.4206,781.4841,706.7632,1234.4269,1,93.78%,6.22%,3965
6522,6521,1453236,2283740,Risk 1 (High),60604,41.87881482,-87.63095049,1,0,0,License,1927,CLARK,300.4574,645.7742,521.6055,503.5243,1,93.78%,6.22%,3966
195,194,1453430,7004,Risk 1 (High),60605,41.87677124,-87.63106138,1,1,0,Canvass,1914,111,628.9604,657.341,864.8663,1211.5833,1,93.78%,6.22%,3967
6499,6498,1447451,2283205,Risk 1 (High),60661,41.87784358,-87.64678183,1,1,0,Canvass,1897,JACKSON,497.3555,266.6536,706.3284,1177.1353,1,93.78%,6.22%,3968
1858,1857,1439481,1194922,Risk 1 (High),60611,41.89318499,-87.62661003,1,0,0,Canvass,1874,WABASH,715.9465,723.6601,486.5325,1482.9385,1,93.78%,6.22%,3969
1336,1335,1493477,59359,Risk 1 (High),60654,41.89264635,-87.63395036,1,1,0,Canvass,1881,WELLS,448.3578,647.3994,652.7183,1444.6348,1,93.79%,6.21%,3970
5337,5336,1493839,2138443,Risk 1 (High),60603,41.87950365,-87.63296974,1,1,0,Canvass,1927,ADAMS,147.7758,580.5814,808.4715,828.744,1,93.79%,6.21%,3971
4233,4232,1453502,2002562,Risk 2 (Medium),60605,41.87666537,-87.63089036,1,1,0,Complaint,1912,CLARK,444.208,640.6976,842.8869,1239.1338,1,93.79%,6.21%,3972
4578,4577,1453310,2054100,Risk 1 (High),60604,41.87856527,-87.62783522,1,1,0,Canvass,1913,State,282.9888,358.6551,452.6393,787.9867,1,93.79%,6.21%,3973
4279,4278,1497364,2008036,Risk 2 (Medium),60603,41.87956873,-87.63097111,1,1,0,Canvass,1934,CLARK,418.5959,676.8132,465.8199,307.6397,1,93.79%,6.21%,3974
2679,2678,1453637,1595448,Risk 2 (Medium),60604,41.87811016,-87.62753455,1,1,0,Canvass,1911,JACKSON,506.9605,400.1481,545.8434,961.8244,1,93.80%,6.20%,3975
3315,3314,1453397,1823021,Risk 1 (High),60605,41.87417385,-87.62437357,1,1,0,Canvass,1907,MICHIGAN,2563.2513,790.9851,1360.8667,2159.1349,1,93.80%,6.20%,3976
2117,2116,1372361,1337457,Risk 1 (High),60603,41.88052782,-87.62420947,1,1,0,Complaint,1912,MICHIGAN,611.3909,789.1027,726.7529,1162.4033,1,93.80%,6.20%,3977
1214,1213,1453528,49555,Risk 1 (High),60607,41.87779927,-87.64963393,1,1,0,Canvass,1915,JACKSON,357.1709,317.1245,721.1691,808.1421,1,93.80%,6.20%,3978
6406,6405,1296808,2271525,Risk 1 (High),60643,41.70685163,-87.65894641,1,1,0,Canvass,1900,103RD,257.412,880.6231,1013.3257,2926.6445,1,93.81%,6.19%,3979
6400,6399,1490800,2271300,Risk 1 (High),60620,41.72278791,-87.62521634,0,1,0,Canvass,1924,LAFAYETTE,345.4584,616.25,569.3426,2223.4581,1,93.81%,6.19%,3980
4076,4075,1453592,1979345,Risk 2 (Medium),60604,41.87739694,-87.62751493,1,1,0,Canvass,1911,State,68.5208,474.0265,711.0218,1165.2678,1,93.82%,6.18%,3981
7801,7800,1513192,2368038,Risk 2 (Medium),60608,41.85385894,-87.64667407,1,1,0,License,1889,HALSTED,762.3489,973.7659,1032.2155,1969.4769,1,93.82%,6.18%,3982
1091,1090,1199387,43074,Risk 1 (High),60611,41.89912975,-87.62214332,1,1,0,Canvass,1930,DELAWARE,216.7486,322.3497,709.5699,664.1307,1,93.82%,6.18%,3983
5731,5730,1488225,2185072,Risk 2 (Medium),60608,41.85790269,-87.65215621,1,1,0,Canvass,1884,18TH,505.2575,600.8077,398.2626,1225.0235,1,93.83%,6.17%,3984
5814,5813,1498097,2196298,Risk 2 (Medium),60611,41.89913525,-87.62178526,1,1,0,Canvass,1936,DELAWARE,225.5898,300.5616,721.7631,579.2573,1,93.83%,6.17%,3985
6507,6506,1447329,2283378,Risk 1 (High),60606,41.87822032,-87.63452388,1,1,0,Complaint,1899,JACKSON,329.2864,728.9651,763.2363,1392.2938,1,93.84%,6.16%,3986
4179,4178,1402103,1991378,Risk 1 (High),60654,41.88926054,-87.63526545,1,1,0,Complaint,1896,KINZIE,569.8076,637.6088,730.792,1317.0466,1,93.84%,6.16%,3987
4847,4846,1453308,2088105,Risk 1 (High),60604,41.87811851,-87.62680983,1,1,0,Canvass,1911,JACKSON,1778.0444,529.8615,574.3845,1106.7612,1,93.84%,6.16%,3988
958,957,1199494,37086,Risk 1 (High),60661,41.88753166,-87.64267793,1,1,0,Canvass,1893,JEFFERSON,250.5535,638.8245,614.8581,1157.9314,1,93.85%,6.15%,3989
1572,1571,1447319,83902,Risk 1 (High),60606,41.87896178,-87.63973261,1,1,0,Canvass,1925,CANAL,115.9985,915.846,815.2095,843.7082,1,93.85%,6.15%,3990
6042,6041,1372446,2232969,Risk 1 (High),60603,41.880996,-87.62632305,1,1,0,Canvass,1902,WABASH,1012.1963,448.9857,412.503,1065.1014,1,93.86%,6.14%,3991
4737,4736,1497228,2074062,Risk 1 (High),60616,41.85912584,-87.62549335,1,1,0,Canvass,1916,WABASH,346.9706,483.9887,793.6474,1425.3647,1,93.86%,6.14%,3992
2065,2064,1372516,1330515,Risk 1 (High),60603,41.88058227,-87.63120101,1,1,0,Canvass,1927,MONROE,597.2876,591.4664,343.2044,389.8726,1,93.86%,6.14%,3993
7721,7720,1498035,2359993,Risk 1 (High),60604,41.87802566,-87.63206229,1,0,0,License,1930,JACKSON,859.0835,624.1859,812.6473,912.7323,1,93.86%,6.14%,3994
2234,2233,1441347,1425810,Risk 2 (Medium),60657,41.94085534,-87.64944159,1,1,0,Canvass,1900,HALSTED,286.0114,481.4189,523.1406,346.7545,1,93.87%,6.13%,3995
4567,4566,1453610,2049903,Risk 2 (Medium),60605,41.87437162,-87.62437953,1,1,0,Canvass,1907,MICHIGAN,311.0828,796.7335,1410.1818,2209.3693,1,93.87%,6.13%,3996
2560,2559,1372517,1548400,Risk 1 (High),60603,41.88058227,-87.63120101,1,1,0,Canvass,1927,MONROE,248.4127,591.4664,343.2044,389.8726,1,93.87%,6.13%,3997
1415,1414,1459936,66768,Risk 1 (High),60654,41.89162991,-87.63392303,1,1,0,Canvass,1891,WELLS,572.8916,626.4243,531.4392,1222.2224,1,93.87%,6.13%,3998
228,227,1408231,8238,Risk 1 (High),60608,41.84791278,-87.68322664,1,1,0,Canvass,1882,OAKLEY,725.4562,719.3997,524.2348,1162.4994,1,93.87%,6.13%,3999
4936,4935,1496223,2098253,Risk 1 (High),60610,41.89672093,-87.62992258,1,1,0,Canvass,1891,DEARBORN,173.3192,631.2218,512.2199,1195.1204,1,93.88%,6.12%,4000
5514,5513,1395481,2153595,Risk 1 (High),60654,41.88917219,-87.63710993,1,1,0,Canvass,1933,ORLEANS,392.3105,776.5425,954.7688,842.7846,1,93.88%,6.12%,4001
5507,5506,1496378,2153455,Risk 1 (High),60607,41.88167302,-87.66030288,1,1,0,Canvass,1891,MADISON,62.949,483.3526,235.6523,615.22,1,93.88%,6.12%,4002
6744,6743,1513105,2298672,Risk 1 (High),60611,41.89096573,-87.61634773,0,1,0,License,1908,ILLINOIS,654.1303,526.9281,462.1265,1054.91,1,93.88%,6.12%,4003
2909,2908,1307536,1679763,Risk 1 (High),60621,41.77974248,-87.65306068,1,1,0,Canvass,1899,63RD,855.9423,328.2904,586.3516,1982.7723,1,93.88%,6.12%,4004
3152,3151,1325116,1797826,Risk 1 (High),60647,41.91022606,-87.68622585,1,1,0,Canvass,1889,NORTH,21087.1053,258.1251,442.3733,1163.8519,1,93.88%,6.12%,4005
6745,6744,1513107,2298673,Risk 1 (High),60611,41.89096573,-87.61634773,0,1,0,License,1908,ILLINOIS,420.7186,526.9281,462.1265,1054.91,1,93.89%,6.11%,4006
1735,1734,1501211,1124102,Risk 2 (Medium),60654,41.88968296,-87.63712096,1,1,0,Canvass,1933,ORLEANS,403.1231,675.1877,896.362,792.4077,1,93.89%,6.11%,4007
1859,1858,1439379,1194928,Risk 1 (High),60611,41.89238342,-87.62680479,1,1,0,Canvass,1892,OHIO,207.0491,532.3375,459.342,1229.3486,1,93.90%,6.10%,4008
6085,6084,1496970,2240731,Risk 1 (High),60654,41.89004496,-87.63762806,1,1,0,Canvass,1939,HUBBARD,450.028,601.8617,870.608,646.0666,1,93.90%,6.10%,4009
7621,7620,1497936,2354850,Risk 2 (Medium),60604,41.87833607,-87.62689227,1,1,0,License,1912,JACKSON,583.1648,513.4719,518.1781,1041.1431,1,93.90%,6.10%,4010
139,138,1453536,3941,Risk 1 (High),60607,41.88164121,-87.66234899,1,1,0,Canvass,1899,MADISON,131.0688,475.8495,586.2709,875.7329,1,93.90%,6.10%,4011
5927,5926,1402146,2203561,Risk 1 (High),60608,41.85031569,-87.67593597,1,1,0,Canvass,1884,DAMEN,299.3941,531.2937,413.9559,1113.2432,1,93.91%,6.09%,4012
6292,6291,1372438,2262601,Risk 1 (High),60603,41.88133481,-87.62633547,1,1,0,Complaint,1896,WABASH,386.2712,329.5623,298.8135,1110.1993,1,93.92%,6.08%,4013
6769,6768,1512665,2299021,Risk 2 (Medium),60653,41.8239295,-87.61799692,1,1,0,Canvass,1888,PERSHING,420.4629,688.7884,414.1089,2046.0238,1,93.92%,6.08%,4014
3194,3193,1401332,1801487,Risk 1 (High),60603,41.88080177,-87.63120599,1,1,0,Canvass,1927,MONROE,415.9504,582.0154,326.7378,439.5819,1,93.92%,6.08%,4015
3063,3062,1453537,1742274,Risk 1 (High),60607,41.88153435,-87.65565022,1,1,0,Canvass,1879,MADISON,1127.4264,565.5449,485.6056,1309.9046,1,93.92%,6.08%,4016
1008,1007,1453450,39117,Risk 1 (High),60661,41.87734605,-87.64707598,1,1,0,Canvass,1897,HALSTED,422.9072,218.9635,616.4406,1252.7848,1,93.92%,6.08%,4017
1099,1098,1453500,43330,Risk 1 (High),60604,41.87804565,-87.6301368,1,1,0,Canvass,1926,JACKSON,1068.9717,611.6846,478.9238,713.1612,1,93.92%,6.08%,4018
5955,5954,1493786,2221134,Risk 1 (High),60649,41.76561797,-87.56665273,1,1,0,Canvass,1949,YATES,427.2242,488.6259,231.0503,1839.5105,1,93.93%,6.07%,4019
5799,5798,1490763,2192965,Risk 1 (High),60603,41.88067914,-87.62449086,1,1,0,Canvass,1912,MICHIGAN,336.8563,698.5376,672.9355,1247.7989,1,93.93%,6.07%,4020
6426,6425,1493474,2277827,Risk 1 (High),60615,41.80369566,-87.58661451,1,1,0,Canvass,1952,CORNELL,950.1572,256.4409,599.3489,1632.7328,1,93.93%,6.07%,4021
7282,7281,1501720,2328135,Risk 2 (Medium),60622,41.91071582,-87.66948322,1,1,0,License,1889,NORTH,394.8413,253.4894,189.8752,296.3652,1,93.93%,6.07%,4022
82,81,1092919,2115,Risk 1 (High),60657,41.94169634,-87.64917657,1,1,0,Canvass,1891,HALSTED,481.3451,421.0878,550.9219,657.5156,1,93.93%,6.07%,4023
1753,1752,1199458,1141451,Risk 1 (High),60661,41.88462406,-87.64142459,1,1,0,Canvass,1869,CLINTON,357.6059,734.3895,599.207,1782.7312,1,93.93%,6.07%,4024
317,316,1393279,12575,Risk 1 (High),60614,41.92903541,-87.64903393,1,1,0,Canvass,1881,HALSTED,736.2082,499.5487,90.2874,438.9424,1,93.93%,6.07%,4025
1382,1381,1372541,64038,Risk 1 (High),60603,41.88137106,-87.62449175,1,1,0,Canvass,1898,MICHIGAN,320.5646,521.4606,483.101,1321.3478,1,93.93%,6.07%,4026
7612,7611,1501237,2354666,Risk 1 (High),60603,41.8813832,-87.62633723,1,0,0,License,1896,WABASH,372.249,312.8001,281.3482,1117.6096,1,93.94%,6.06%,4027
1006,1005,1387805,38856,Risk 2 (Medium),60619,41.74429029,-87.60489624,1,1,0,Canvass,1928,COTTAGE,342.4862,304.0473,435.8774,2236.7523,1,93.94%,6.06%,4028
2228,2227,1228401,1422648,Risk 1 (High),60604,41.87801449,-87.63318903,1,1,0,Canvass,1928,JACKSON,817.922,596.89,886.9672,1130.3971,1,93.94%,6.06%,4029
3357,3356,1447222,1842873,Risk 2 (Medium),60606,41.87815538,-87.63949996,1,1,0,Canvass,1925,JACKSON,1007.6764,773.1778,867.2339,1083.304,1,93.94%,6.06%,4030
3281,3280,1490685,1819996,Risk 1 (High),60642,41.89006821,-87.65474705,1,1,0,Canvass,1869,ABERDEEN,227.1943,552.1878,360.4879,1292.8176,1,93.94%,6.06%,4031
2203,2202,1453683,1382681,Risk 2 (Medium),60604,41.87801449,-87.63318903,1,1,0,Canvass,1928,JACKSON,477.6597,596.89,886.9672,1130.3971,1,93.95%,6.05%,4032
1468,1467,1408230,71964,Risk 1 (High),60608,41.84781152,-87.68292967,1,1,0,Canvass,1889,OAKLEY,81.2128,788.3534,550.8742,1128.3513,1,93.95%,6.05%,4033
2640,2639,1228400,1592159,Risk 1 (High),60604,41.87801449,-87.63318903,1,1,0,Canvass,1928,JACKSON,323.0745,596.89,886.9672,1130.3971,1,93.95%,6.05%,4034
2681,2680,1383364,1595661,Risk 1 (High),60607,41.87783014,-87.64773606,1,1,0,Canvass,1915,JACKSON,1054.6021,282.3511,672.1356,1002.6869,1,93.96%,6.04%,4035
7004,7003,1473628,2309206,Risk 1 (High),60611,41.90090405,-87.62546072,1,1,0,License,1891,OAK,361.0022,420.2828,460.8253,1278.9666,1,93.96%,6.04%,4036
7003,7002,1473624,2309205,Risk 1 (High),60611,41.90090405,-87.62546072,1,1,0,License,1891,OAK,319.6879,420.2828,460.8253,1278.9666,1,93.96%,6.04%,4037
2840,2839,1447373,1649372,Risk 1 (High),60606,41.87815538,-87.63949996,1,1,0,Canvass,1925,JACKSON,257.2973,773.1778,867.2339,1083.304,1,93.97%,6.03%,4038
734,733,1473371,30370,Risk 1 (High),60614,41.92047844,-87.6487384,1,1,0,Canvass,1891,HALSTED,328.727,394.905,113.8447,385.0899,1,93.97%,6.03%,4039
5919,5918,1199471,2203430,Risk 1 (High),60661,41.8861971,-87.641173,1,1,0,Canvass,1874,CLINTON,393.4858,601.3347,338.145,1422.1532,1,93.97%,6.03%,4040
6826,6825,1395265,2303862,Risk 1 (High),60615,41.79517141,-87.59701708,1,1,0,License,1913,55TH,183.9716,534.9512,776.1582,2599.5023,1,93.98%,6.02%,4041
39,38,1491037,1212,Risk 1 (High),60608,41.84757384,-87.68321584,1,1,0,Canvass,1886,OAKLEY,185.2789,765.9864,561.0154,1244.743,1,93.98%,6.02%,4042
3257,3256,1395686,1816833,Risk 1 (High),60607,41.87654385,-87.64847222,1,1,0,Canvass,1901,VAN,1902.0659,349.5479,647.2713,1326.4061,1,93.98%,6.02%,4043
6943,6942,1402073,2308234,Risk 2 (Medium),60653,41.80979548,-87.59237387,1,0,0,License,2006,47TH,1051.5725,1029.5005,792.2948,651.4724,1,93.98%,6.02%,4044
1351,1350,1474116,61150,Risk 1 (High),60602,41.88186094,-87.63156384,1,1,0,Canvass,1913,MADISON,471.0491,384.5471,316.9633,800.7866,1,93.98%,6.02%,4045
5975,5974,1152003,2225602,Risk 1 (High),60637,41.79165569,-87.58797399,1,1,0,Canvass,1888,57TH,391.8235,756.7311,483.1592,2923.7663,1,93.99%,6.01%,4046
3019,3018,1401770,1738131,Risk 2 (Medium),60622,41.89422978,-87.65252071,1,1,0,Canvass,1886,MILWAUKEE,655.275,490.7272,919.268,1687.2818,1,93.99%,6.01%,4047
1405,1404,1493529,66035,Risk 1 (High),60603,41.88141901,-87.63220321,1,1,0,Canvass,1919,LA,474.6417,362.5023,394.0555,792.0855,1,94.00%,6.00%,4048
4806,4805,1471256,2083875,Risk 1 (High),60647,41.91018091,-87.69004449,1,1,0,Canvass,1880,NORTH,1806.5069,324.7835,383.0285,595.7701,1,94.00%,6.00%,4049
1032,1031,1512816,40249,Risk 2 (Medium),60653,41.80979548,-87.59237387,1,1,0,Canvass,2006,47TH,313.0272,1029.5005,792.2948,651.4724,1,94.01%,5.99%,4050
4640,4639,1441376,2064210,Risk 1 (High),60657,41.93978495,-87.67022032,1,1,0,Canvass,1896,BELMONT,128.7416,454.2515,318.2406,98.6647,1,94.01%,5.99%,4051
25,24,1439231,845,Risk 1 (High),60611,41.88996387,-87.62750692,1,1,0,Canvass,1949,HUBBARD,432.388,302.2652,819.3945,678.9731,1,94.01%,5.99%,4052
792,791,1473883,32540,Risk 1 (High),60608,41.83361887,-87.65118269,1,1,0,Canvass,1908,MORGAN,69.2958,415.7737,516.1786,1357.5639,1,94.01%,5.99%,4053
4817,4816,1439429,2084175,Risk 1 (High),60611,41.89935174,-87.62198691,1,0,0,Canvass,1990,DELAWARE,21087.1053,387.004,757.1235,590.2718,1,94.01%,5.99%,4054
5348,5347,1490688,2138647,Risk 1 (High),60603,41.88066458,-87.62708936,1,1,0,Complaint,1927,MONROE,755.8335,573.7234,485.7907,828.8342,1,94.02%,5.98%,4055
4772,4771,1453419,2078938,Risk 2 (Medium),60605,41.860451,-87.62741185,1,1,0,Canvass,1898,STATE,911.706,541.2552,388.7179,1505.0655,1,94.02%,5.98%,4056
7221,7220,1152152,2326775,Risk 1 (High),60609,41.80135826,-87.6552032,1,0,0,License,1904,RACINE,725.4562,276.8272,221.213,1398.4626,1,94.03%,5.97%,4057
1038,1037,1439212,40491,Risk 1 (High),60614,41.91883059,-87.64868109,1,1,0,Canvass,1886,HALSTED,279.8204,776.6891,113.9937,557.1864,1,94.03%,5.97%,4058
3290,3289,1493473,1820656,Risk 1 (High),60622,41.90861973,-87.64929457,1,1,0,Canvass,1881,DAYTON,562.035,1392.6292,646.7985,1354.8701,1,94.03%,5.97%,4059
545,544,1072715,23085,Risk 2 (Medium),60606,41.87800606,-87.63402203,1,1,0,Canvass,1918,JACKSON,440.2102,653.1291,790.6706,1314.4455,1,94.03%,5.97%,4060
2191,2190,1372398,1381606,Risk 1 (High),60603,41.88066458,-87.62708936,1,1,0,Canvass,1927,MONROE,210.2271,573.7234,485.7907,828.8342,1,94.03%,5.97%,4061
1654,1653,1372621,1069158,Risk 1 (High),60603,41.88066458,-87.62708936,1,1,0,Canvass,1927,MONROE,158.9686,573.7234,485.7907,828.8342,1,94.03%,5.97%,4062
1846,1845,1496434,1193175,Risk 1 (High),60617,41.72303873,-87.53747699,1,1,1,Complaint,1898,95TH,378.4419,228.9795,1520.331,3075.4292,1,94.04%,5.96%,4063
1138,1137,1460127,44924,Risk 1 (High),60608,41.84702046,-87.68319955,1,1,0,Canvass,1884,OAKLEY,611.1427,828.8426,570.6868,1392.4332,1,94.04%,5.96%,4064
7107,7106,1496481,2314937,Risk 1 (High),60615,41.7993652,-87.59490016,1,0,0,License,1989,53RD,537.6003,472.1076,946.7092,1356.0341,1,94.05%,5.95%,4065
85,84,1497286,2221,Risk 2 (Medium),60608,41.839489,-87.64646086,1,1,0,Canvass,1888,HALSTED,361.7692,661.9648,467.2077,1770.4347,1,94.06%,5.94%,4066
2384,2383,1092913,1489621,Risk 2 (Medium),60657,41.93999456,-87.65088551,1,1,0,Canvass,1911,CLARK,306.9405,285.2152,407.2471,240.9365,1,94.06%,5.94%,4067
7106,7105,1496480,2314936,Risk 1 (High),60615,41.7993652,-87.59490016,1,0,0,License,1989,53RD,242.8017,472.1076,946.7092,1356.0341,1,94.06%,5.94%,4068
7788,7787,1412219,2364163,Risk 1 (High),60616,41.85093939,-87.63212018,0,1,0,License,1915,WENTWORTH,352.0591,509.3158,378.6993,1207.5646,1,94.06%,5.94%,4069
4848,4847,1490817,2088161,Risk 2 (Medium),60616,41.85305866,-87.62694419,1,1,0,Complaint,1918,STATE,525.938,642.0101,751.564,1645.5777,1,94.06%,5.94%,4070
3097,3096,1151988,1767089,Risk 1 (High),60609,41.83075999,-87.65358378,1,1,0,Canvass,1954,35TH,667.2815,546.7252,944.0305,1015.2422,1,94.07%,5.93%,4071
7604,7603,1502104,2354616,Risk 1 (High),60642,41.89427507,-87.65214171,1,0,0,License,1889,MILWAUKEE,696.3712,433.2761,857.1765,1663.4498,1,94.07%,5.93%,4072
3123,3122,1497639,1769281,Risk 2 (Medium),60614,41.92873269,-87.64251052,1,1,0,Canvass,1915,CLARK,21087.1053,665.7514,87.1901,824.6263,1,94.07%,5.93%,4073
3119,3118,1439524,1769028,Risk 1 (High),60607,41.88166708,-87.66070752,1,1,0,Canvass,1904,MADISON,491.2766,505.3957,257.981,637.3245,1,94.07%,5.93%,4074
7587,7586,1494202,2354239,Risk 1 (High),60602,41.88265087,-87.63105264,1,0,0,License,1915,CLARK,667.7334,484.0314,425.8948,1007.6442,1,94.07%,5.93%,4075
1001,1000,1439294,38764,Risk 1 (High),60611,41.89907578,-87.62580952,1,1,0,Canvass,1901,E,298.8111,558.2068,427.6928,1189.5389,1,94.07%,5.93%,4076
7264,7263,1459953,2327503,Risk 1 (High),60649,41.75141674,-87.58236673,1,1,0,License,1918,79TH,665,240.2378,362.1574,2780.4907,1,94.07%,5.93%,4077
1620,1619,1460065,1044031,Risk 1 (High),60614,41.92214605,-87.63854595,1,1,0,Canvass,1891,CLARK,2053.094,447.9873,252.5401,876.4742,1,94.07%,5.93%,4078
6358,6357,1445253,2269618,Risk 2 (Medium),60610,41.91057808,-87.63842811,1,1,0,Canvass,1896,Sedgwick,794.9545,391.5832,254.3656,842.3047,1,94.07%,5.93%,4079
6562,6561,1441446,2284793,Risk 2 (Medium),60657,41.93977808,-87.67074881,1,1,0,Canvass,1891,BELMONT,437.7292,517.0003,255.0657,219.1987,1,94.08%,5.92%,4080
3114,3113,1395548,1768647,Risk 1 (High),60602,41.88265087,-87.63105264,1,1,0,Canvass,1915,CLARK,435.3898,484.0314,425.8948,1007.6442,1,94.08%,5.92%,4081
3859,3858,1494144,1942826,Risk 1 (High),60622,41.91046054,-87.67192658,1,1,0,Canvass,1883,NORTH,654.5201,242.6087,143.9589,550.6233,1,94.08%,5.92%,4082
6642,6641,1497943,2292965,Risk 2 (Medium),60603,41.88070139,-87.62506894,1,1,0,Canvass,1912,MONROE,212.3503,609.0384,603.7746,1366.9971,1,94.08%,5.92%,4083
194,193,1439214,6856,Risk 1 (High),60614,41.92115748,-87.64876025,1,1,0,Canvass,1891,HALSTED,438.4132,300.0794,99.2792,540.1508,1,94.09%,5.91%,4084
6064,6063,1092805,2234197,Risk 1 (High),60657,41.93978004,-87.67059781,1,1,0,Canvass,1896,BELMONT,444.1506,504.1924,283.7846,181.3298,1,94.10%,5.90%,4085
1047,1046,1513112,40718,Risk 1 (High),60614,41.91822095,-87.63825245,1,1,0,Canvass,1886,ARMITAGE,376.1746,581.7339,95.4099,804.0688,1,94.11%,5.89%,4086
2204,2203,1493628,1382715,Risk 2 (Medium),60643,41.72141338,-87.65578179,1,1,0,Canvass,1926,95TH,326.1373,577.3545,571.74,2204.4195,1,94.12%,5.88%,4087
4167,4166,1473604,1987119,Risk 1 (High),60608,41.85788239,-87.65657386,1,1,0,Complaint,1879,RACINE,211.7264,296.406,389.2266,1654.4507,1,94.12%,5.88%,4088
1064,1063,1401670,41589,Risk 1 (High),60615,41.79958201,-87.59510894,1,1,0,Complaint,1989,53RD,166.3885,507.3065,926.3886,1401.3869,1,94.12%,5.88%,4089
683,682,1493995,28176,Risk 1 (High),60614,41.92080848,-87.63742463,1,1,0,Canvass,1896,CLARK,341.7441,466.124,217.4788,760.3214,1,94.13%,5.87%,4090
335,334,1372415,13495,Risk 1 (High),60614,41.92961685,-87.64905458,1,1,0,Canvass,1899,HALSTED,63.7799,549.6684,89.818,292.7163,1,94.13%,5.87%,4091
3668,3667,1473530,1908007,Risk 1 (High),60637,41.79351408,-87.58494662,1,1,0,Canvass,1923,56TH,434.7541,412.4174,580.845,2560.7167,1,94.13%,5.87%,4092
8,7,1393310,158,Risk 2 (Medium),60614,41.92920519,-87.64752249,1,1,0,Canvass,1891,WRIGHTWOOD,742.0835,532.0765,270.9846,733.7708,1,94.13%,5.87%,4093
2801,2800,1493812,1647725,Risk 2 (Medium),60620,41.73607977,-87.65085878,1,1,0,Canvass,1955,87TH,869.895,442.2909,450.5023,1447.6396,1,94.13%,5.87%,4094
2806,2805,1401508,1647950,Risk 1 (High),60614,41.92075785,-87.63739404,1,1,0,Complaint,1896,CLARK,232.9866,457.2238,206.7914,761.1163,1,94.14%,5.86%,4095
1626,1625,1401656,1044743,Risk 2 (Medium),60615,41.79965792,-87.58857814,1,1,1,Canvass,1888,53RD,162.5258,368.0504,192.0292,407.254,1,94.14%,5.86%,4096
6789,6788,1387639,2299323,Risk 1 (High),60617,41.74476028,-87.55202548,1,1,0,Canvass,1957,83RD,180.2623,437.6569,336.2409,2476.363,1,94.14%,5.86%,4097
6443,6442,1459610,2278225,Risk 2 (Medium),60616,41.85382723,-87.62695799,1,1,0,Complaint,1918,STATE,236.0789,581.3105,783.4641,1777.3336,1,94.14%,5.86%,4098
2067,2066,1358269,1330753,Risk 1 (High),60608,41.85788189,-87.65389664,1,1,0,Canvass,1889,18TH,158.7441,396.3002,307.4285,1416.6125,1,94.15%,5.85%,4099
3204,3203,1434617,1802129,Risk 1 (High),60616,41.84559491,-87.63464866,1,1,0,Canvass,1888,26TH,336.2518,808.0476,582.4055,2115.8953,1,94.15%,5.85%,4100
5243,5242,1491155,2133895,Risk 1 (High),60614,41.92946206,-87.64904948,1,1,0,Canvass,1899,HALSTED,554.0562,544.9916,74.1035,324.5499,1,94.15%,5.85%,4101
5962,5961,1496790,2222196,Risk 1 (High),60654,41.89634702,-87.63109365,1,1,0,Canvass,1891,CLARK,283.0473,467.2512,348.8477,1364.0855,1,94.15%,5.85%,4102
2058,2057,1441436,1329995,Risk 2 (Medium),60657,41.93977514,-87.67097531,1,1,0,Canvass,1891,BELMONT,601.9515,525.6567,217.9771,277.7245,1,94.15%,5.85%,4103
679,678,1447486,28011,Risk 2 (Medium),60606,41.88197705,-87.63887584,1,1,0,Canvass,1929,RIVERSIDE,531.3843,1020.6801,795.9262,1130.6928,1,94.15%,5.85%,4104
112,111,1434590,3705,Risk 1 (High),60615,41.7996599,-87.58834206,1,1,1,Complaint,1888,53RD,369.661,381.3214,220.0493,468.7604,1,94.15%,5.85%,4105
5199,5198,1467538,2129595,Risk 1 (High),60607,41.87802578,-87.64923995,1,1,0,Canvass,1942,JACKSON,1068.9717,381.6537,723.9185,748.6118,1,94.15%,5.85%,4106
2780,2779,1453294,1646042,Risk 1 (High),60605,41.87434627,-87.62584808,1,1,0,Canvass,1930,WABASH,527.1686,458.192,1252.6378,1946.1068,1,94.15%,5.85%,4107
649,648,1497324,26852,Risk 1 (High),60616,41.85181,-87.63184266,1,1,0,Canvass,1926,WENTWORTH,40.3048,335.9085,511.2379,1268.4198,1,94.16%,5.84%,4108
4403,4402,1401244,2026572,Risk 1 (High),60636,41.77952128,-87.66709367,1,1,0,Canvass,1909,63RD,368.2413,331.991,546.1443,1896.866,1,94.16%,5.84%,4109
2918,2917,1395423,1680526,Risk 1 (High),60654,41.88841374,-87.62941081,1,1,0,Canvass,1962,DEARBORN,481.6913,410.5252,817.0384,599.9028,1,94.16%,5.84%,4110
1495,1494,1493236,75929,Risk 2 (Medium),60632,41.80805427,-87.70382554,1,1,0,Canvass,1909,KEDZIE,1001.3336,417.6266,939.4834,1631.8911,1,94.16%,5.84%,4111
7042,7041,1402072,2313777,Risk 1 (High),60628,41.69475453,-87.596186,1,0,0,License,1989,DOTY,366.2374,3263.6321,2799.3801,4498.274,1,94.16%,5.84%,4112
7560,7559,1501582,2350157,Risk 1 (High),60602,41.8825402,-87.62453094,1,0,0,License,1893,MICHIGAN,1138.9065,417.1855,301.2321,1542.5329,1,94.16%,5.84%,4113
1661,1660,1199396,1069776,Risk 1 (High),60611,41.90167993,-87.62758041,1,1,0,Canvass,1915,BELLEVUE,409.7555,481.3293,350.035,899.2721,1,94.17%,5.83%,4114
3093,3092,1439460,1766393,Risk 1 (High),60611,41.90011846,-87.62398052,1,1,0,Canvass,1920,WALTON,1321.9405,408.7258,502.9393,1084.5533,1,94.17%,5.83%,4115
1800,1799,1453293,1165531,Risk 1 (High),60605,41.87431165,-87.62540327,1,1,0,Canvass,1930,HARRISON,298.6289,559.8755,1300.2989,2009.0334,1,94.17%,5.83%,4116
624,623,1372470,25676,Risk 1 (High),60603,41.87994706,-87.62629031,1,1,0,Canvass,1925,WABASH,319.1175,703.5692,440.6975,1010.4604,1,94.17%,5.83%,4117
5146,5145,1459218,2124811,Risk 1 (High),60654,41.88841374,-87.62941081,1,1,0,Canvass,1962,DEARBORN,193.401,410.5252,817.0384,599.9028,1,94.17%,5.83%,4118
5778,5777,1439374,2189702,Risk 1 (High),60611,41.89042416,-87.62396548,1,1,0,Canvass,1925,MICHIGAN,664.3396,939.9106,559.8122,1090.7723,1,94.17%,5.83%,4119
4067,4066,1358299,1975752,Risk 1 (High),60608,41.85809237,-87.65470464,1,0,0,Canvass,1889,18TH,458.7931,332.5984,329.9038,1486.6956,1,94.17%,5.83%,4120
5683,5682,1473906,2180081,Risk 1 (High),60629,41.76833319,-87.69027927,1,1,0,Canvass,1930,69TH,519.0327,130.9561,529.9812,1296.0543,1,94.18%,5.82%,4121
4916,4915,1439454,2094115,Risk 1 (High),60611,41.90090767,-87.6240265,1,1,0,Canvass,1920,LAKE,869.895,535.6266,566.6326,1145.0207,1,94.18%,5.82%,4122
2595,2594,1512703,1575882,Risk 2 (Medium),60653,41.80940484,-87.62230131,1,1,0,Canvass,1948,47TH,1118.6545,484.9448,575.3797,1492.4718,1,94.18%,5.82%,4123
5051,5050,1439507,2114424,Risk 1 (High),60611,41.90011846,-87.62398052,1,0,0,Canvass,1920,WALTON,723.14,408.7258,502.9393,1084.5533,1,94.18%,5.82%,4124
521,520,1372698,23021,Risk 2 (Medium),60602,41.88310096,-87.63126322,1,0,0,Canvass,1915,WASHINGTON,168.2888,541.9727,469.0534,1181.2284,1,94.18%,5.82%,4125
2046,2045,1496403,1304983,Risk 1 (High),60617,41.70262025,-87.53447529,1,1,1,Canvass,1929,106TH,258.5593,606.7783,593.2243,1738.6065,1,94.18%,5.82%,4126
4099,4098,1152106,1980004,Risk 1 (High),60637,41.78831126,-87.60476984,1,1,0,Canvass,1929,MARYLAND,239.2207,1498.4156,1899.6222,3795.1318,1,94.19%,5.81%,4127
6259,6258,1496476,2261711,Risk 1 (High),60649,41.75888652,-87.56565795,1,1,0,Canvass,1927,75TH,198.0226,176.763,198.8069,2694.3451,1,94.19%,5.81%,4128
233,232,1441348,8456,Risk 2 (Medium),60657,41.94020052,-87.6491261,1,1,0,Canvass,1919,HALSTED,525.938,432.5456,384.7349,248.7444,1,94.19%,5.81%,4129
7559,7558,1501581,2350156,Risk 1 (High),60602,41.8825402,-87.62453094,1,0,0,License,1893,MICHIGAN,241.3252,417.1855,301.2321,1542.5329,1,94.19%,5.81%,4130
7445,7444,1494161,2341131,Risk 2 (Medium),60602,41.8825402,-87.62453094,1,0,0,License,1893,MICHIGAN,203.181,417.1855,301.2321,1542.5329,1,94.19%,5.81%,4131
6224,6223,1401778,2254175,Risk 2 (Medium),60614,41.91828345,-87.64896426,1,1,0,Canvass,1891,ARMITAGE,242.5945,816.9712,124.9878,686.117,1,94.19%,5.81%,4132
7576,7575,1493879,2353809,Risk 2 (Medium),60608,41.85221428,-87.68031994,1,1,0,License,1915,CERMAK,286.9362,349.4298,431.5476,811.5951,1,94.19%,5.81%,4133
3067,3066,1395743,1742580,Risk 1 (High),60638,41.78804127,-87.80121411,1,1,0,Canvass,1924,HARLEM,358.2987,1062.7278,1788.4542,1219.2313,1,94.19%,5.81%,4134
3091,3090,1439458,1766387,Risk 1 (High),60611,41.90011846,-87.62398052,1,1,0,Canvass,1920,WALTON,353.3318,408.7258,502.9393,1084.5533,1,94.19%,5.81%,4135
1865,1864,1459938,1196526,Risk 2 (Medium),60628,41.69249911,-87.62090011,1,1,0,Complaint,1968,MICHIGAN,447.5018,344.257,745.4895,2419.0302,1,94.19%,5.81%,4136
3092,3091,1439459,1766389,Risk 1 (High),60611,41.90011846,-87.62398052,1,0,0,Canvass,1920,WALTON,332.7674,408.7258,502.9393,1084.5533,1,94.19%,5.81%,4137
4756,4755,1372544,2074568,Risk 1 (High),60601,41.88462378,-87.62047604,1,1,0,Canvass,1899,RANDOLPH,136.741,945.3321,525.4304,1689.9407,1,94.20%,5.80%,4138
3090,3089,1439228,1766384,Risk 1 (High),60611,41.90011846,-87.62398052,1,1,0,Canvass,1920,WALTON,231.0366,408.7258,502.9393,1084.5533,1,94.20%,5.80%,4139
4894,4893,1199440,2093247,Risk 1 (High),60661,41.88430907,-87.64258377,1,1,0,Canvass,1892,JEFFERSON,525.938,647.5329,719.1226,1814.5557,1,94.20%,5.80%,4140
1707,1706,1387357,1120391,Risk 2 (Medium),60628,41.69249529,-87.62072131,1,1,0,Complaint,1968,111TH,243.1521,343.7158,750.105,2424.6992,1,94.20%,5.80%,4141
518,517,1286354,23011,Risk 2 (Medium),60606,41.88200786,-87.6382454,1,1,0,Canvass,1929,MADISON,432.9539,933.3725,764.8956,1171.4476,1,94.20%,5.80%,4142
7406,7405,1441284,2340786,Risk 1 (High),60657,41.94014624,-87.64912449,1,1,0,License,1919,HALSTED,279.6145,427.7368,375.2808,244.0958,1,94.20%,5.80%,4143
5764,5763,1441247,2189372,Risk 2 (Medium),60657,41.9398304,-87.65217131,1,1,0,Canvass,1906,BELMONT,365.4638,333.9381,466.3869,593.992,1,94.20%,5.80%,4144
4375,4374,1502069,2020848,Risk 2 (Medium),60602,41.88186603,-87.63106647,1,1,0,Canvass,1927,MADISON,532.6424,478.0174,253.5179,739.4285,1,94.20%,5.80%,4145
5708,5707,1501789,2184143,Risk 2 (Medium),60614,41.91826158,-87.65029314,1,1,0,Canvass,1891,ARMITAGE,387.5511,728.2656,72.3476,638.5071,1,94.21%,5.79%,4146
7822,7821,1515380,2368908,Risk 1 (High),60637,41.77955532,-87.61546237,1,1,0,License,1898,DR,706.143,249.481,501.519,2835.1536,1,94.21%,5.79%,4147
1244,1243,1459355,51442,Risk 1 (High),60610,41.88830123,-87.62940669,1,1,0,Canvass,1962,DEARBORN,46.7097,403.0802,806.5716,639.7858,1,94.21%,5.79%,4148
6885,6884,1395679,2304760,Risk 1 (High),60628,41.69631368,-87.59663224,1,1,0,License,1989,DOTY,218.1059,3011.2789,2692.9086,4428.5381,1,94.21%,5.79%,4149
6291,6290,1441366,2262593,Risk 2 (Medium),60657,41.93800682,-87.64892451,1,1,0,Canvass,1900,CLARK,576.7492,389.2261,457.775,783.0726,1,94.21%,5.79%,4150
348,347,1151978,14449,Risk 1 (High),60637,41.78785004,-87.60198519,1,1,0,Canvass,1929,59TH,200.7275,1455.8335,2001.1614,3997.4135,1,94.21%,5.79%,4151
1271,1270,1491050,53791,Risk 1 (High),60657,41.94003766,-87.64912125,1,1,0,Canvass,1919,HALSTED,161.6519,420.3664,358.8924,239.4826,1,94.21%,5.79%,4152
4861,4860,1497055,2088772,Risk 1 (High),60654,41.89669751,-87.63535931,1,1,0,Canvass,1891,CHICAGO,477.0358,669.4022,670.8795,1774.1918,1,94.21%,5.79%,4153
4413,4412,1441273,2026905,Risk 2 (Medium),60657,41.94007685,-87.65029487,1,1,0,Canvass,1928,BELMONT,459.6373,365.1412,380.8451,84.9752,1,94.22%,5.78%,4154
738,737,1401384,30486,Risk 1 (High),60614,41.91755929,-87.63864526,1,1,0,Canvass,1893,SEDGWICK,205.6351,625.1696,228.4557,962.8265,1,94.22%,5.78%,4155
2905,2904,1496607,1679405,Risk 1 (High),60616,41.84540497,-87.63291566,1,1,0,Canvass,1888,26TH,206.5441,957.151,313.4871,1907.4608,1,94.22%,5.78%,4156
3906,3905,1401540,1953463,Risk 1 (High),60614,41.92005754,-87.64101934,1,1,0,Canvass,1920,LINCOLN,289.5368,614.3088,157.5303,278.2188,1,94.22%,5.78%,4157
3247,3246,1387777,1816812,Risk 1 (High),60619,41.72167845,-87.62023669,1,1,0,Canvass,1961,95TH,3614.226,492.0734,349.9822,1983.9028,1,94.23%,5.77%,4158
1609,1608,1199357,1042702,Risk 1 (High),60614,41.93041201,-87.64388653,1,1,0,Canvass,1915,CLARK,21087.1053,510.6687,128.0646,1068.209,1,94.23%,5.77%,4159
4876,4875,1498021,2089469,Risk 2 (Medium),60602,41.88228818,-87.62451779,1,1,0,Canvass,1899,MICHIGAN,364.5635,418.7451,305.1872,1486.2693,1,94.23%,5.77%,4160
5042,5041,1493501,2113856,Risk 2 (Medium),60610,41.91013488,-87.63453147,1,1,0,Canvass,1886,WELLS,378.2559,713.7627,217.6654,1234.4743,1,94.23%,5.77%,4161
6768,6767,1441303,2299016,Risk 1 (High),60657,41.94063435,-87.65105736,1,1,0,Canvass,1921,CLARK,1569.3412,226.9939,442.8425,369.0525,1,94.24%,5.76%,4162
353,352,1435020,14737,Risk 1 (High),60615,41.79930029,-87.60076745,1,1,0,Canvass,1916,E,300.1726,319.3447,742.1826,2780.3975,1,94.24%,5.76%,4163
1298,1297,1494108,55866,Risk 1 (High),60614,41.92990487,-87.63640314,1,1,0,Canvass,1926,CANNON,531.7785,1224.1731,883.8896,979.3976,1,94.24%,5.76%,4164
573,572,1502192,23340,Risk 2 (Medium),60611,41.88945828,-87.62036838,1,1,0,Canvass,1991,NORTH,318.467,844.2264,845.2472,221.4319,1,94.24%,5.76%,4165
2157,2156,1497344,1357411,Risk 1 (High),60610,41.88836103,-87.62817961,1,1,0,Canvass,1962,STATE,337.301,410.6747,863.4509,776.1587,1,94.24%,5.76%,4166
7167,7166,1490478,2320735,Risk 1 (High),60614,41.9315785,-87.64882494,1,0,0,License,1895,HALSTED,684.8019,556.7163,188.1342,658.1258,1,94.24%,5.76%,4167
21,20,1493780,740,Risk 2 (Medium),60622,41.91073284,-87.66817769,1,1,0,Canvass,1896,NORTH,665.3156,367.7106,160.7689,563.36,1,94.24%,5.76%,4168
4165,4164,1490462,1987043,Risk 1 (High),60608,41.85657427,-87.65623946,1,1,0,Canvass,1884,Racine,217.5276,385.7832,530.2171,1911.3409,1,94.25%,5.75%,4169
7166,7165,1490474,2320734,Risk 1 (High),60614,41.9315785,-87.64882494,1,0,0,License,1895,HALSTED,404.094,556.7163,188.1342,658.1258,1,94.25%,5.75%,4170
7152,7151,1490419,2320428,Risk 1 (High),60647,41.93224181,-87.69255932,1,1,0,License,1891,DIVERSEY,21087.1053,867.3585,642.7725,1517.4304,1,94.25%,5.75%,4171
6038,6037,1493503,2232869,Risk 1 (High),60615,41.80018633,-87.58891828,1,1,0,Canvass,2012,HARPER,180.6828,389.2819,178.2398,302.6721,1,94.25%,5.75%,4172
7438,7437,1512616,2341099,Risk 1 (High),60654,41.89463702,-87.63726863,1,0,0,License,1874,ORLEANS,488.5643,617.1991,401.4367,1846.2032,1,94.25%,5.75%,4173
4947,4946,1401353,2098866,Risk 1 (High),60614,41.9315785,-87.64882494,1,1,0,Canvass,1895,HALSTED,299.9187,556.7163,188.1342,658.1258,1,94.25%,5.75%,4174
5342,5341,1467437,2138489,Risk 1 (High),60607,41.87655166,-87.6478697,1,1,0,Canvass,1909,VAN,300.2836,329.0566,571.6498,1384.0763,1,94.25%,5.75%,4175
4224,4223,1383372,1998769,Risk 1 (High),60607,41.87950077,-87.64860812,1,1,0,Canvass,1961,GREEN,320.608,721.1275,705.6942,420.4533,1,94.25%,5.75%,4176
4350,4349,1447362,2016725,Risk 1 (High),60606,41.87947786,-87.63531103,1,1,0,Canvass,1927,ADAMS,453.2238,855.1292,736.3388,1324.6238,1,94.26%,5.74%,4177
7291,7290,1490694,2328318,Risk 2 (Medium),60608,41.83886824,-87.64644448,1,1,0,License,1900,HALSTED,225.2325,596.728,468.0967,1803.937,1,94.26%,5.74%,4178
7437,7436,1512613,2341098,Risk 1 (High),60654,41.89463702,-87.63726863,1,1,0,License,1874,ORLEANS,265.6379,617.1991,401.4367,1846.2032,1,94.26%,5.74%,4179
7792,7791,1501902,2364239,Risk 1 (High),60608,41.85803142,-87.65822434,1,1,0,License,1878,18TH,285.3305,213.737,308.5,1757.6126,1,94.26%,5.74%,4180
996,995,1401583,38365,Risk 1 (High),60614,41.92862499,-87.6716145,1,1,0,Canvass,1896,WRIGHTWOOD,305.4837,537.5927,429.0884,666.4046,1,94.26%,5.74%,4181
5925,5924,1496495,2203538,Risk 1 (High),60616,41.85273709,-87.63236961,0,1,0,Canvass,1927,CERMAK,462.1508,168.336,586.0891,1495.363,1,94.26%,5.74%,4182
1646,1645,1460141,1046092,Risk 1 (High),60654,41.89470916,-87.6372715,1,1,0,Canvass,1874,ORLEANS,305.1978,612.5464,408.7285,1869.9838,1,94.27%,5.73%,4183
1352,1351,1372598,61206,Risk 1 (High),60602,41.88347312,-87.62772975,1,1,0,Canvass,1914,STATE,1710.3328,428.8483,451.7466,1408.5777,1,94.27%,5.73%,4184
4044,4043,1473676,1974111,Risk 1 (High),60632,41.80829789,-87.69983243,1,1,0,Canvass,1917,47th,110.8563,417.9584,452.4767,1047.8421,1,94.27%,5.73%,4185
6322,6321,1434688,2263374,Risk 2 (Medium),60608,41.83673163,-87.65125761,1,0,0,Canvass,1863,MORGAN,396.8365,341.5473,399.9137,2476.8851,1,94.27%,5.73%,4186
1398,1397,1401454,65087,Risk 1 (High),60610,41.90212753,-87.6285014,1,0,0,Complaint,1914,STATE,260.508,569.9365,218.1566,876.0945,1,94.27%,5.73%,4187
3368,3367,1490568,1844241,Risk 1 (High),60642,41.89626551,-87.64896193,1,1,0,Canvass,1909,CHICAGO,539.1565,450.2234,725.1259,1389.9288,1,94.27%,5.73%,4188
1556,1555,1307490,82009,Risk 1 (High),60636,41.79024342,-87.66919581,1,1,0,Canvass,1915,WOOD,187.2535,339.7917,462.0732,1687.9468,1,94.27%,5.73%,4189
2929,2928,1092908,1682304,Risk 1 (High),60657,41.93979192,-87.66969214,1,1,0,Canvass,1912,BELMONT,329.0242,415.4596,287.992,112.9861,1,94.27%,5.73%,4190
7594,7593,1496282,2354352,Risk 1 (High),60622,41.91073409,-87.66809336,1,1,0,License,1896,NORTH,272.0939,376.6771,158.7153,583.8819,1,94.27%,5.73%,4191
4787,4786,1490679,2079886,Risk 1 (High),60603,41.88181877,-87.62635317,1,1,0,Canvass,1905,16,57.4163,173.8358,126.3812,1193.9896,1,94.27%,5.73%,4192
7401,7400,1441270,2340683,Risk 1 (High),60657,41.93982742,-87.65238792,1,1,0,License,1906,BELMONT,487.6614,365.817,432.1548,652.7397,1,94.27%,5.73%,4193
7579,7578,1441406,2353933,Risk 1 (High),60657,41.93979192,-87.66969214,1,1,0,License,1912,BELMONT,59.2002,415.4596,287.992,112.9861,1,94.28%,5.72%,4194
4277,4276,1460145,2004585,Risk 1 (High),60640,41.9800652,-87.65982411,1,1,0,Canvass,1914,BROADWAY,245.609,469.555,477.5356,53.4028,1,94.28%,5.72%,4195
1844,1843,1092861,1172366,Risk 1 (High),60657,41.93982742,-87.65238792,1,1,0,Canvass,1906,BELMONT,235.6354,365.817,432.1548,652.7397,1,94.28%,5.72%,4196
7270,7269,1497445,2327842,Risk 1 (High),60654,41.88796675,-87.63118011,1,0,0,License,1954,CLARK,667.2815,422.6117,719.0908,807.6212,1,94.29%,5.71%,4197
6297,6296,1473817,2262637,Risk 1 (High),60622,41.91067561,-87.67220466,1,1,0,Canvass,1889,NORTH,154.1387,200.2487,114.1878,648.6567,1,94.29%,5.71%,4198
7631,7630,1496691,2355046,Risk 2 (Medium),60608,41.84653404,-87.64661507,1,1,0,License,1882,HALSTED,200.0552,1285.6994,504.0441,2132.9127,1,94.29%,5.71%,4199
7372,7371,1439363,2334648,Risk 1 (High),60611,41.89209414,-87.61156988,1,1,0,License,1967,GRAND,21087.1053,616.0097,1420.9223,2418.9496,1,94.29%,5.71%,4200
80,79,1493795,2017,Risk 3 (Low),60622,41.91024672,-87.64933664,1,1,0,Canvass,1891,DAYTON,472.3517,984.921,331.3348,1138.2602,1,94.29%,5.71%,4201
6380,6379,1092776,2270100,Risk 1 (High),60657,41.94186146,-87.65204754,1,1,0,Complaint,1894,CLARK,129.4587,403.6644,421.7091,877.7764,1,94.29%,5.71%,4202
7269,7268,1497441,2327841,Risk 1 (High),60654,41.88796675,-87.63118011,1,1,0,License,1954,CLARK,407.3093,422.6117,719.0908,807.6212,1,94.29%,5.71%,4203
390,389,1439368,16823,Risk 1 (High),60611,41.89268963,-87.62143836,1,1,0,Canvass,1924,OHIO,1053.3927,455.4579,321.5453,1055.4862,1,94.30%,5.70%,4204
1152,1151,1434777,45998,Risk 1 (High),60614,41.91810807,-87.64588318,1,1,0,Canvass,1881,ARMITAGE,316.6726,816.5029,320.0756,1315.5899,1,94.30%,5.70%,4205
7626,7625,1387650,2354929,Risk 1 (High),60619,41.7513221,-87.60935464,1,1,0,License,1923,79TH,534.6499,362.5327,366.5068,2625.9131,1,94.30%,5.70%,4206
1196,1195,1393264,48353,Risk 1 (High),60614,41.91785723,-87.64864233,1,1,0,Canvass,1891,HALSTED,358.0212,830.7489,138.3272,863.871,1,94.30%,5.70%,4207
2023,2022,1372609,1300088,Risk 1 (High),60602,41.88199007,-87.63221288,1,1,0,Canvass,1930,LA,407.9974,282.4668,368.8937,942.9149,1,94.30%,5.70%,4208
1355,1354,1372453,61209,Risk 1 (High),60602,41.88347312,-87.62772975,1,1,0,Canvass,1914,STATE,521.4371,428.8483,451.7466,1408.5777,1,94.30%,5.70%,4209
4795,4794,1473685,2083397,Risk 1 (High),60614,41.91786413,-87.64834855,1,1,0,Canvass,1891,HALSTED,1089.2479,839.7551,138.2897,898.7975,1,94.30%,5.70%,4210
5782,5781,1497684,2192615,Risk 2 (Medium),60654,41.89473958,-87.63004486,1,1,0,Canvass,1901,HURON,395.6848,475.7456,614.9124,1727.2041,1,94.30%,5.70%,4211
4846,4845,1435250,2088056,Risk 2 (Medium),60614,41.91844246,-87.65201506,1,1,0,Canvass,1891,BISSELL,253.0125,405.949,90.3208,789.262,1,94.31%,5.69%,4212
6133,6132,1387598,2246310,Risk 1 (High),60619,41.7513221,-87.60935464,1,1,0,Canvass,1923,79TH,336.5378,362.5327,366.5068,2625.9131,1,94.31%,5.69%,4213
2026,2025,1447212,1300822,Risk 1 (High),60614,41.93163976,-87.64882689,1,1,0,Canvass,1896,HALSTED,73.0518,556.3813,166.4865,677.4743,1,94.31%,5.69%,4214
560,559,1497301,23132,Risk 2 (Medium),60610,41.90447254,-87.64033362,1,0,0,Canvass,1886,CLYBOURN,596.0639,559.9343,530.411,1709.1669,1,94.31%,5.69%,4215
2709,2708,1497150,1616455,Risk 1 (High),60617,41.72306413,-87.53647144,1,1,1,Canvass,1903,EWING,247.4007,335.2312,1460.8106,3274.3466,1,94.31%,5.69%,4216
1093,1092,1496497,43102,Risk 1 (High),60614,41.9126872,-87.63849057,1,1,0,Canvass,1886,SEDGWICK,166.1816,660.2637,294.4951,1351.5708,1,94.31%,5.69%,4217
1110,1109,1152168,43797,Risk 1 (High),60637,41.78968353,-87.60139898,1,1,0,Canvass,1929,58th,171.8084,1364.6238,2044.0473,4177.2162,1,94.31%,5.69%,4218
6283,6282,1372450,2262395,Risk 2 (Medium),60602,41.88347312,-87.62772975,1,0,0,Canvass,1914,STATE,239.1599,428.8483,451.7466,1408.5777,1,94.31%,5.69%,4219
1868,1867,1151984,1197090,Risk 1 (High),60637,41.79202541,-87.59823635,1,1,0,Canvass,1903,UNIVERSITY,287.8981,469.6881,1102.2559,3672.778,1,94.31%,5.69%,4220
4780,4779,1422206,2079504,Risk 1 (High),60654,41.88796241,-87.62939576,1,1,0,Canvass,1962,DEARBORN,74.7637,394.0209,780.4038,760.5329,1,94.32%,5.68%,4221
1804,1803,1372448,1165841,Risk 1 (High),60602,41.88347312,-87.62772975,1,1,0,Canvass,1914,STATE,42.1887,428.8483,451.7466,1408.5777,1,94.32%,5.68%,4222
4818,4817,1151941,2084299,Risk 1 (High),60637,41.78027901,-87.60732797,1,1,0,Canvass,1929,63RD,195.6324,400.5846,333.5931,2221.016,1,94.32%,5.68%,4223
7279,7278,1474091,2328131,Risk 1 (High),60616,41.83468535,-87.63309454,1,1,0,License,1888,33RD,318.277,712.8181,532.6585,2423.5714,1,94.32%,5.68%,4224
7281,7280,1474096,2328133,Risk 1 (High),60616,41.83468535,-87.63309454,1,0,0,License,1888,33RD,215.2726,712.8181,532.6585,2423.5714,1,94.32%,5.68%,4225
7280,7279,1474094,2328132,Risk 1 (High),60616,41.83468535,-87.63309454,1,0,0,License,1888,33RD,195.324,712.8181,532.6585,2423.5714,1,94.32%,5.68%,4226
2962,2961,1199326,1697132,Risk 1 (High),60611,41.89586295,-87.62325304,1,1,0,Canvass,1902,SUPERIOR,304.0376,693.059,580.1971,1748.4988,1,94.32%,5.68%,4227
6285,6284,1459302,2262462,Risk 2 (Medium),60622,41.90801679,-87.67400189,1,0,0,License,1889,MILWAUKEE,813.1543,328.6959,607.7354,1307.2844,1,94.32%,5.68%,4228
3101,3100,1447478,1767598,Risk 2 (Medium),60607,41.86888971,-87.63909893,1,1,0,Canvass,1941,CANAL,21087.1053,1224.0206,1165.5744,2511.1659,1,94.32%,5.68%,4229
2509,2508,1501438,1543101,Risk 2 (Medium),60601,41.8877503,-87.62441087,1,1,0,Canvass,1927,MICHIGAN,3085.0477,497.1917,596.9843,1454.1876,1,94.33%,5.67%,4230
5339,5338,1498168,2138469,Risk 2 (Medium),60611,41.89668041,-87.62012822,1,1,0,Canvass,1926,CHICAGO,404.9308,719.6749,502.8124,1210.2055,1,94.33%,5.67%,4231
536,535,1441207,23061,Risk 2 (Medium),60657,41.9398567,-87.65077339,1,1,0,Canvass,1930,CLARK,252.6306,304.7124,396.1127,216.8061,1,94.33%,5.67%,4232
1975,1974,1493727,1273140,Risk 1 (High),60616,41.8536473,-87.63346691,1,1,0,Canvass,1912,ARCHER,650.9075,278.7792,523.9298,1804.5047,1,94.33%,5.67%,4233
4432,4431,1491130,2027868,Risk 1 (High),60622,41.89758036,-87.66718641,1,1,0,Canvass,1889,ASHLAND,326.7645,286.4869,495.5042,1363.6126,1,94.33%,5.67%,4234
2024,2023,1434487,1300143,Risk 1 (High),60616,41.84534678,-87.64172616,1,1,0,Canvass,1888,WALLACE,663.0646,579.7524,321.9036,2004.3842,1,94.34%,5.66%,4235
820,819,1460010,33339,Risk 1 (High),60637,41.78786254,-87.60085932,1,1,0,Canvass,1929,59TH,171.8136,1476.7334,1954.6194,4124.9351,1,94.34%,5.66%,4236
3991,3990,1459603,1964668,Risk 1 (High),60619,41.75131458,-87.60977387,1,1,0,Canvass,1923,79TH,544.1903,393.5944,304.6476,2595.8117,1,94.34%,5.66%,4237
823,822,1151979,33346,Risk 1 (High),60637,41.78924933,-87.60110844,1,1,0,Canvass,1929,ELLIS,370.7442,1372.4437,2001.4537,4180.6286,1,94.34%,5.66%,4238
2977,2976,1493945,1716822,Risk 1 (High),60649,41.75844105,-87.55980371,1,1,0,Canvass,1953,EXCHANGE,1321.9405,381.6147,402.9097,2727.8938,1,94.34%,5.66%,4239
6411,6410,1490880,2271563,Risk 2 (Medium),60615,41.79966712,-87.58781452,1,1,0,Canvass,2013,53RD,518.7292,404.5029,320.1674,608.1482,1,94.34%,5.66%,4240
5208,5207,1434234,2129814,Risk 1 (High),60642,41.91072929,-87.65315262,1,1,0,Canvass,1906,NORTH,153.9565,638.6992,696.4275,1292.1159,1,94.34%,5.66%,4241
743,742,1453571,30724,Risk 2 (Medium),60605,41.87432705,-87.62935648,1,1,0,Canvass,1911,DEARBORN,448.3039,523.7102,458.011,1586.536,1,94.34%,5.66%,4242
6666,6665,1395778,2293480,Risk 3 (Low),60614,41.91804345,-87.65020283,1,1,0,License,1896,ARMITAGE,654.1303,735.4082,55.497,715.1263,1,94.34%,5.66%,4243
250,249,1496385,9211,Risk 1 (High),60601,41.88306562,-87.61545613,1,1,0,Canvass,1963,LAKE,419.3826,967.5446,1354.6158,1667.105,1,94.34%,5.66%,4244
6090,6089,1459942,2240918,Risk 1 (High),60615,41.79966079,-87.58819825,1,1,0,Complaint,2013,53RD,262.4976,390.4462,243.1863,506.6054,1,94.34%,5.66%,4245
5874,5873,1490976,2202278,Risk 1 (High),60620,41.75526283,-87.64430781,1,1,0,Canvass,1919,HALSTED,321.0341,336.8807,329.7532,2217.1838,1,94.34%,5.66%,4246
5632,5631,1490217,2172659,Risk 1 (High),60617,41.70348287,-87.55975999,1,1,1,Canvass,1955,TORRENCE,190.3798,624.8681,746.7194,1270.8611,1,94.35%,5.65%,4247
6539,6538,1395777,2284318,Risk 1 (High),60614,41.91804345,-87.65020283,1,1,0,License,1896,ARMITAGE,392.9372,735.4082,55.497,715.1263,1,94.35%,5.65%,4248
1792,1791,1498033,1145462,Risk 2 (Medium),60602,41.88310908,-87.62697603,1,1,0,Canvass,1913,WASHINGTON,236.8292,307.2446,364.2031,1400.6515,1,94.35%,5.65%,4249
6540,6539,1395776,2284319,Risk 3 (Low),60614,41.91804345,-87.65020283,1,1,0,License,1896,ARMITAGE,357.0888,735.4082,55.497,715.1263,1,94.35%,5.65%,4250
3405,3404,1447467,1847912,Risk 1 (High),60607,41.88429481,-87.6475797,1,1,0,Canvass,1879,RANDOLPH,244.7535,570.2473,280.8916,1698.1997,1,94.35%,5.65%,4251
5669,5668,1439318,2179116,Risk 1 (High),60611,41.89581257,-87.62658902,1,1,0,Canvass,1891,SUPERIOR,481.3451,138.2403,384.2985,1786.3242,1,94.35%,5.65%,4252
3691,3690,1372589,1909399,Risk 1 (High),60602,41.88331726,-87.63302428,1,1,0,Canvass,1905,WASHINGTON,242.1724,435.0203,349.3809,1462.7437,1,94.35%,5.65%,4253
4385,4384,1441392,2021552,Risk 1 (High),60657,41.93976821,-87.67150548,1,1,0,Canvass,1896,BELMONT,437.7634,556.2937,196.2317,418.2273,1,94.35%,5.65%,4254
5996,5995,1441232,2231808,Risk 1 (High),60657,41.93979302,-87.66961665,1,1,0,Complaint,1917,BELMONT,320.3204,420.2739,284.6106,128.7163,1,94.36%,5.64%,4255
6385,6384,1439223,2270517,Risk 1 (High),60611,41.89000134,-87.62143869,1,1,0,Canvass,1988,CITYFRONT,197.9206,737.2624,809.0965,391.7442,1,94.36%,5.64%,4256
4389,4388,1402091,2021937,Risk 2 (Medium),60642,41.90837835,-87.67456921,1,1,0,Canvass,1889,MILWAUKEE,192.2775,341.0728,652.9714,1377.0286,1,94.36%,5.64%,4257
6515,6514,1228421,2283610,Risk 1 (High),60604,41.87803443,-87.63117141,1,1,0,Canvass,1961,JACKSON,556.3636,675.8325,669.0318,784.1078,1,94.36%,5.64%,4258
2835,2834,1372556,1649359,Risk 1 (High),60601,41.88814015,-87.62469579,1,1,0,Canvass,1923,MICHIGAN,144.0599,584.9389,592.0027,1447.1629,1,94.36%,5.64%,4259
2076,2075,1460175,1332164,Risk 1 (High),60608,41.85228855,-87.67569748,1,1,0,Canvass,1894,DAMEN,196.8024,739.4591,373.2929,1438.6292,1,94.36%,5.64%,4260
1508,1507,1445234,77262,Risk 1 (High),60610,41.90962164,-87.62602012,1,1,0,Canvass,1932,LAKE,550.13,1282.1802,656.5738,1092.0927,1,94.37%,5.63%,4261
2541,2540,1387816,1545884,Risk 2 (Medium),60619,41.75111814,-87.62130733,1,1,0,Canvass,1941,79TH,423.4536,448.8075,313.5968,2122.9944,1,94.37%,5.63%,4262
7213,7212,1473258,2326582,Risk 2 (Medium),60615,41.80025516,-87.58810125,1,0,0,License,2013,HARPER,412.0283,354.3928,222.0466,526.0239,1,94.37%,5.63%,4263
7582,7581,1494062,2354134,Risk 1 (High),60622,41.90744256,-87.66745466,1,0,0,License,1892,ASHLAND,1559.4816,245.6118,370.1638,1161.3007,1,94.37%,5.63%,4264
4507,4506,1501279,2042188,Risk 2 (Medium),60614,41.9225874,-87.63881264,1,1,0,Canvass,1906,CLARK,257.3319,374.1747,326.1591,996.7227,1,94.37%,5.63%,4265
4196,4195,1435061,1992182,Risk 1 (High),60642,41.90767984,-87.67302076,1,1,0,Canvass,1889,MILWAUKEE,263.6728,311.5172,438.2055,1179.4095,1,94.38%,5.62%,4266
6143,6142,1325058,2246679,Risk 2 (Medium),60647,41.91172837,-87.68711088,1,1,0,Complaint,1884,WESTERN,98.5718,401.3772,579.7166,1213.1367,1,94.38%,5.62%,4267
5477,5476,1493446,2152678,Risk 1 (High),60610,41.90521531,-87.63016995,1,1,0,Canvass,1930,DEARBORN,21087.1053,716.6162,428.552,1744.2178,1,94.38%,5.62%,4268
4564,4563,1435004,2049410,Risk 1 (High),60654,41.88819879,-87.63236298,1,1,0,Canvass,1954,LA,518.4067,369.4871,714.2181,919.1511,1,94.38%,5.62%,4269
6483,6482,1493646,2279380,Risk 1 (High),60649,41.75177888,-87.57104769,1,1,0,Canvass,1964,79TH,240.5356,213.7342,429.4478,2482.5368,1,94.38%,5.62%,4270
7711,7710,1512278,2359748,Risk 1 (High),60622,41.90742473,-87.67307367,1,1,0,License,1883,MILWAUKEE,92.9679,324.0359,395.3328,1257.2781,1,94.39%,5.61%,4271
1499,1498,1434872,76517,Risk 2 (Medium),60642,41.91094876,-87.65315955,1,1,0,Canvass,1906,NORTH,642.5469,607.5036,640.3168,1313.691,1,94.39%,5.61%,4272
7035,7034,1401541,2313734,Risk 1 (High),60622,41.90301869,-87.68080307,1,1,0,License,1879,DIVISION,217.8101,386.1298,258.5523,1121.5583,1,94.39%,5.61%,4273
6625,6624,1412208,2289954,Risk 2 (Medium),60619,41.75103564,-87.61339829,1,1,0,Complaint,1923,79TH,1411.5134,189.9733,152.3887,2496.9975,1,94.39%,5.61%,4274
5924,5923,1395400,2203524,Risk 2 (Medium),60649,41.76094846,-87.58634092,1,1,0,Complaint,1988,STONY,255.1739,544.0746,695.9919,2012.3688,1,94.39%,5.61%,4275
49,48,1453321,1491,Risk 1 (High),60605,41.87236137,-87.6304672,1,1,0,Canvass,1952,CLARK,155.53,507.1179,499.3281,869.8671,1,94.39%,5.61%,4276
4560,4559,1325165,2049272,Risk 1 (High),60647,41.91023001,-87.68585037,1,0,0,Canvass,1879,NORTH,619.7965,258.499,430.5293,1225.0634,1,94.40%,5.60%,4277
7292,7291,1453335,2328339,Risk 3 (Low),60604,41.87896684,-87.62919336,1,0,0,License,1965,DEARBORN,480.1895,493.7999,381.2579,435.8978,1,94.40%,5.60%,4278
3814,3813,1439358,1933945,Risk 1 (High),60611,41.89581576,-87.62641646,1,1,0,Canvass,1891,SUPERIOR,361.0816,145.5429,352.2478,1810.2139,1,94.40%,5.60%,4279
6765,6764,1372357,2298975,Risk 3 (Low),60601,41.88775652,-87.62551819,1,0,0,License,1928,WACKER,366.1869,476.9441,640.1535,1468.9185,1,94.40%,5.60%,4280
1509,1508,1453477,77812,Risk 1 (High),60607,41.88404873,-87.66305613,1,1,0,Canvass,1930,RANDOLPH,239.1579,934.8177,1276.494,1693.9472,1,94.40%,5.60%,4281
6770,6769,1395500,2299042,Risk 1 (High),60622,41.90744256,-87.66745466,1,1,0,License,1892,ASHLAND,299.7262,245.6118,370.1638,1161.3007,1,94.41%,5.59%,4282
7695,7694,1482427,2359299,Risk 2 (Medium),60657,41.94004691,-87.65239336,1,1,0,License,1915,BELMONT,250.1274,356.5103,436.2259,651.4063,1,94.41%,5.59%,4283
1793,1792,1482320,1145509,Risk 1 (High),60640,41.9796508,-87.66010597,1,1,0,Canvass,1924,BROADWAY,316.5472,473.8676,559.0938,130.4757,1,94.41%,5.59%,4284
4807,4806,1496388,2083878,Risk 2 (Medium),60657,41.94004691,-87.65239336,1,1,0,Canvass,1915,BELMONT,157.4226,356.5103,436.2259,651.4063,1,94.41%,5.59%,4285
4703,4702,1447411,2069246,Risk 1 (High),60606,41.87992331,-87.63880254,1,1,0,Canvass,1965,RIVERSIDE,204.9438,1174.0758,779.152,741.3228,1,94.41%,5.59%,4286
4943,4942,1453283,2098829,Risk 2 (Medium),60601,41.88458627,-87.63101045,1,1,0,Canvass,1911,RANDOLPH,633.0964,689.9932,561.5061,1693.7912,1,94.42%,5.58%,4287
7817,7816,1512729,2368767,Risk 2 (Medium),60614,41.91821569,-87.65330987,1,1,0,License,1881,ARMITAGE,391.8868,255.5666,55.5165,1110.9924,1,94.42%,5.58%,4288
1685,1684,1393286,1094281,Risk 1 (High),60614,41.93003288,-87.64325433,1,1,0,Canvass,1901,CLARK,231.2307,561.1024,212.8302,885.6538,1,94.42%,5.58%,4289
7564,7563,1493749,2350245,Risk 1 (High),60601,41.88458627,-87.63101045,1,1,0,License,1911,RANDOLPH,458.0438,689.9932,561.5061,1693.7912,1,94.42%,5.58%,4290
7419,7418,1490303,2341012,Risk 1 (High),60601,41.88458627,-87.63101045,1,1,0,License,1911,RANDOLPH,434.8727,689.9932,561.5061,1693.7912,1,94.42%,5.58%,4291
3331,3330,1513152,1823780,Risk 2 (Medium),60619,41.73676764,-87.60417487,1,1,0,Complaint,1955,87TH,406.0692,254.4802,499.0721,2512.2637,1,94.42%,5.58%,4292
2694,2693,1372665,1596630,Risk 1 (High),60601,41.88458627,-87.63101045,1,1,0,Canvass,1911,RANDOLPH,391.6118,689.9932,561.5061,1693.7912,1,94.42%,5.58%,4293
4436,4435,1494152,2031433,Risk 1 (High),60603,41.88198598,-87.62537814,1,1,0,Canvass,1910,MADISON,136.741,205.7861,236.0005,1451.901,1,94.42%,5.58%,4294
4372,4371,1372687,2020844,Risk 2 (Medium),60601,41.88458627,-87.63101045,1,0,0,Canvass,1911,RANDOLPH,262.2263,689.9932,561.5061,1693.7912,1,94.43%,5.57%,4295
6839,6838,1395364,2304156,Risk 2 (Medium),60619,41.76468344,-87.6247422,1,1,0,License,1930,STATE,365.9335,577.1353,736.8111,2752.6946,1,94.43%,5.57%,4296
2620,2619,1473643,1578644,Risk 1 (High),60614,41.91190802,-87.64815272,1,1,0,Canvass,1886,HALSTED,146.2843,433.6155,320.1148,1445.071,1,94.43%,5.57%,4297
7095,7094,1459907,2314620,Risk 2 (Medium),60619,41.75103564,-87.61339829,1,1,0,License,1923,79TH,143.1805,189.9733,152.3887,2496.9975,1,94.43%,5.57%,4298
286,285,1435207,11030,Risk 1 (High),60614,41.91822112,-87.65297305,1,1,0,Canvass,1891,ARMITAGE,775.0934,254.041,133.1697,1036.8105,1,94.43%,5.57%,4299
4177,4176,1490890,1991299,Risk 1 (High),60614,41.92829664,-87.66357132,1,1,0,Canvass,1896,SOUTHPORT,608.379,446.3373,527.1174,1153.1616,1,94.43%,5.57%,4300
6648,6647,1490631,2293075,Risk 1 (High),60601,41.88642433,-87.62616828,1,1,0,Complaint,1912,WABASH,742.0835,494.1875,483.5093,1669.277,1,94.43%,5.57%,4301
3752,3751,1453543,1923013,Risk 1 (High),60607,41.8817605,-87.65532425,1,1,0,Canvass,1909,MADISON,2077.1974,598.0571,474.3832,1425.8287,1,94.43%,5.57%,4302
6107,6106,1447470,2245378,Risk 1 (High),60607,41.88451181,-87.64776052,1,1,0,Canvass,1879,RANDOLPH,266.4519,555.7704,233.2871,1753.6166,1,94.43%,5.57%,4303
5682,5681,1092894,2180056,Risk 2 (Medium),0,41.93792965,-87.65389287,1,1,0,Canvass,1881,SHEFFIELD,363.3144,587.1652,378.8595,1300.4183,1,94.43%,5.57%,4304
2599,2598,1401714,1576359,Risk 1 (High),60615,41.7994367,-87.58873126,1,1,1,Canvass,1910,53RD,316.271,366.7806,212.1161,402.2701,1,94.43%,5.57%,4305
4270,4269,1496853,2004248,Risk 1 (High),60654,41.88807428,-87.6349552,1,1,0,Canvass,1933,MERCHANDISE,1759.6441,719.74,799.9669,1520.8607,1,94.44%,5.56%,4306
7667,7666,1497237,2358884,Risk 2 (Medium),60619,41.7370237,-87.60468653,1,1,0,License,1957,COTTAGE,596.0639,258.4019,550.984,2556.5021,1,94.44%,5.56%,4307
1326,1325,1447443,58084,Risk 1 (High),60661,41.8781024,-87.64739071,1,1,0,Canvass,1950,HALSTED,455.982,301.425,722.4903,991.536,1,94.44%,5.56%,4308
1787,1786,1199560,1145143,Risk 2 (Medium),60614,41.93248247,-87.67089013,1,1,0,Canvass,1900,DIVERSEY,444.5714,751.7248,540.3338,936.5099,1,94.44%,5.56%,4309
2798,2797,1445237,1647557,Risk 1 (High),60610,41.88792073,-87.63235953,1,1,0,Canvass,1954,LA,155.1532,380.378,717.4325,993.4387,1,94.44%,5.56%,4310
7020,7019,1497024,2313657,Risk 3 (Low),60622,41.89967742,-87.67616546,1,0,0,License,1896,AUGUSTA,556.5592,203.5349,325.4992,1050.5452,1,94.44%,5.56%,4311
1169,1168,1467440,46817,Risk 1 (High),60607,41.8780521,-87.64756642,1,1,0,Canvass,1950,JACKSON,243.2526,310.5453,707.8647,971.1393,1,94.45%,5.55%,4312
2011,2010,1199459,1277921,Risk 1 (High),60661,41.88432104,-87.64342475,1,1,0,Canvass,1899,RANDOLPH,278.139,530.7048,643.3923,1918.0666,1,94.45%,5.55%,4313
2526,2525,1107133,1544856,Risk 1 (High),60640,41.970178,-87.65984901,1,1,0,Complaint,1915,BROADWAY,160.6699,484.1555,241.5933,76.7703,1,94.45%,5.55%,4314
7019,7018,1497022,2313656,Risk 1 (High),60622,41.89967742,-87.67616546,1,1,0,License,1896,AUGUSTA,393.8523,203.5349,325.4992,1050.5452,1,94.45%,5.55%,4315
6882,6881,1501364,2304706,Risk 3 (Low),60622,41.9066299,-87.67137624,0,0,0,License,1889,MILWAUKEE,392.3105,342.3058,410.1865,1283.9725,1,94.45%,5.55%,4316
6308,6307,1401535,2263047,Risk 1 (High),60611,41.8916713,-87.62522473,1,0,0,License,1932,RUSH,731.3784,767.6084,655.1233,1435.8213,1,94.45%,5.55%,4317
2733,2732,1501465,1619876,Risk 2 (Medium),60614,41.91800163,-87.65296722,0,1,0,Canvass,1889,ARMITAGE,297.3324,326.8381,133.051,1087.433,1,94.45%,5.55%,4318
4647,4646,1459215,2064494,Risk 2 (Medium),60642,41.9107384,-87.65262887,1,1,0,Canvass,1914,NORTH,682.034,705.0835,657.629,1268.4725,1,94.45%,5.55%,4319
6795,6794,1501361,2299427,Risk 1 (High),60622,41.9066299,-87.67137624,0,1,0,License,1889,MILWAUKEE,182.0511,342.3058,410.1865,1283.9725,1,94.46%,5.54%,4320
528,527,1501575,23041,Risk 2 (Medium),60601,41.88683151,-87.62655608,1,1,0,Canvass,1926,WACKER,229.8389,502.2562,564.7315,1487.4828,1,94.46%,5.54%,4321
3185,3184,1387449,1800583,Risk 1 (High),60619,41.74356768,-87.62295537,1,1,0,Canvass,1900,83RD,454.7235,386.3562,357.7305,3199.6682,1,94.46%,5.54%,4322
2341,2340,1107025,1475925,Risk 1 (High),60640,41.96912719,-87.66009534,1,1,0,Canvass,1906,LAWRENCE,409.4456,501.175,261.8114,319.1208,1,94.46%,5.54%,4323
1452,1451,1453377,70403,Risk 2 (Medium),60605,41.8665204,-87.6256632,1,1,0,Canvass,1909,WABASH,556.2203,407.3732,288.0648,1732.9876,1,94.46%,5.54%,4324
5295,5294,1497162,2137285,Risk 2 (Medium),60609,41.79439796,-87.64530953,1,1,0,Canvass,1933,HALSTED,403.6278,629.1838,641.1631,2072.3818,1,94.46%,5.54%,4325
6758,6757,1490330,2298875,Risk 1 (High),60654,41.88807428,-87.6349552,1,1,0,Suspected Food Poisoning,1933,MERCHANDISE,798.729,719.74,799.9669,1520.8607,1,94.47%,5.53%,4326
3848,3847,1490443,1942358,Risk 2 (Medium),60643,41.69224437,-87.64262038,1,1,0,Complaint,1954,111TH,324.8702,749.14,636.0974,2638.2657,1,94.47%,5.53%,4327
6599,6598,1459822,2289403,Risk 1 (High),60642,41.9107384,-87.65262887,1,1,0,Canvass,1914,NORTH,207.1923,705.0835,657.629,1268.4725,1,94.47%,5.53%,4328
2286,2285,1459807,1447978,Risk 1 (High),60640,41.96919271,-87.65982315,1,1,0,Canvass,1906,BROADWAY,260.9738,498.3647,238.2226,298.0947,1,94.47%,5.53%,4329
6309,6308,1401537,2263048,Risk 1 (High),60611,41.8916713,-87.62522473,1,0,0,License,1932,RUSH,98.2819,767.6084,655.1233,1435.8213,1,94.47%,5.53%,4330
2201,2200,1460093,1382495,Risk 1 (High),60654,41.88807428,-87.6349552,1,1,0,Canvass,1933,MERCHANDISE,660.7851,719.74,799.9669,1520.8607,1,94.47%,5.53%,4331
3609,3608,1496396,1898267,Risk 1 (High),60614,41.93297221,-87.64171516,1,1,0,Canvass,1893,DIVERSEY,343.0391,512.9467,261.6112,1179.3931,1,94.47%,5.53%,4332
5426,5425,1501300,2147218,Risk 2 (Medium),60654,41.88807428,-87.6349552,1,1,0,Canvass,1933,MERCHANDISE,642.5469,719.74,799.9669,1520.8607,1,94.47%,5.53%,4333
6405,6404,1447213,2271500,Risk 2 (Medium),60614,41.9270081,-87.64117431,1,1,0,Canvass,1891,CLARK,92.584,297.4321,132.3485,1136.1573,1,94.47%,5.53%,4334
1337,1336,1501264,59417,Risk 2 (Medium),60654,41.88807428,-87.6349552,1,1,0,Canvass,1933,MERCHANDISE,570.8691,719.74,799.9669,1520.8607,1,94.47%,5.53%,4335
7358,7357,1497777,2334221,Risk 2 (Medium),60657,41.94260283,-87.649207,0,1,0,License,1901,HALSTED,429.2497,345.9411,369.1756,972.7379,1,94.47%,5.53%,4336
3347,3346,1497026,1841496,Risk 1 (High),60657,41.94004451,-87.65253926,1,1,0,Canvass,1916,BELMONT,268.7121,382.566,413.6459,691.0686,1,94.47%,5.53%,4337
6433,6432,1497525,2278045,Risk 2 (Medium),60654,41.88807428,-87.6349552,1,1,0,Canvass,1933,MERCHANDISE,526.2252,719.74,799.9669,1520.8607,1,94.47%,5.53%,4338
4928,4927,1496863,2094580,Risk 1 (High),60654,41.88807428,-87.6349552,1,1,0,Canvass,1933,MERCHANDISE,517.5429,719.74,799.9669,1520.8607,1,94.47%,5.53%,4339
3425,3424,1107104,1868847,Risk 1 (High),60640,41.97270689,-87.65962161,1,1,0,Canvass,1891,BROADWAY,704.3693,341.4034,556.584,991.7866,1,94.47%,5.53%,4340
5437,5436,1152024,2147553,Risk 2 (Medium),60609,41.81459801,-87.66526819,1,1,0,Canvass,1889,ASHLAND,212.2803,591.6009,777.923,2689.281,1,94.47%,5.53%,4341
4558,4557,1473582,2049226,Risk 1 (High),60654,41.88807428,-87.6349552,1,1,0,Canvass,1933,MERCHANDISE,435.943,719.74,799.9669,1520.8607,1,94.48%,5.52%,4342
5444,5443,1493817,2147911,Risk 1 (High),60654,41.88807428,-87.6349552,1,1,0,Canvass,1933,MERCHANDISE,368.4206,719.74,799.9669,1520.8607,1,94.48%,5.52%,4343
7503,7502,1497069,2348868,Risk 1 (High),60614,41.93297686,-87.64149609,1,1,0,License,1893,DIVERSEY,140.8289,532.2432,238.8314,1158.6849,1,94.48%,5.52%,4344
5561,5560,1493840,2158119,Risk 2 (Medium),60622,41.90666398,-87.67142951,1,1,0,Canvass,1891,MILWAUKEE,426.1757,342.6333,402.9644,1276.4445,1,94.48%,5.52%,4345
2109,2108,1494204,1336364,Risk 1 (High),60654,41.88807428,-87.6349552,1,1,0,Canvass,1933,MERCHANDISE,298.2649,719.74,799.9669,1520.8607,1,94.48%,5.52%,4346
527,526,1498178,23039,Risk 2 (Medium),60654,41.88807428,-87.6349552,1,1,0,Canvass,1933,MERCHANDISE,285.9343,719.74,799.9669,1520.8607,1,94.48%,5.52%,4347
7238,7237,1408260,2327028,Risk 1 (High),60642,41.88903824,-87.65209006,1,1,0,License,1953,MORGAN,612.5087,752.6008,615.4724,668.3701,1,94.48%,5.52%,4348
6997,6996,1401360,2309126,Risk 1 (High),60654,41.88807428,-87.6349552,1,0,0,License,1933,MERCHANDISE,209.4462,719.74,799.9669,1520.8607,1,94.48%,5.52%,4349
7681,7680,1497398,2359079,Risk 2 (Medium),60654,41.88807428,-87.6349552,1,1,0,License,1933,MERCHANDISE,112.4316,719.74,799.9669,1520.8607,1,94.48%,5.52%,4350
2969,2968,1447210,1698639,Risk 1 (High),60614,41.92748853,-87.65140481,1,1,0,Canvass,1891,LINCOLN,399.2756,358.4794,104.2118,991.8464,1,94.49%,5.51%,4351
7581,7580,1497859,2354073,Risk 1 (High),60642,41.88903824,-87.65209006,1,0,0,License,1953,MORGAN,405.2149,752.6008,615.4724,668.3701,1,94.49%,5.51%,4352
2638,2637,1439340,1592157,Risk 1 (High),60611,41.89168852,-87.62430718,1,1,0,Canvass,1932,MICHIGAN,199.617,870.8222,530.9613,1324.4112,1,94.49%,5.51%,4353
3099,3098,1493468,1767369,Risk 1 (High),60615,41.80373103,-87.62254508,1,1,0,Canvass,1893,MICHIGAN,375.1301,276.6089,322.0624,2780.2508,1,94.49%,5.51%,4354
6052,6051,1439551,2233126,Risk 2 (Medium),60611,41.89168852,-87.62430718,1,1,0,Canvass,1932,MICHIGAN,150.5579,870.8222,530.9613,1324.4112,1,94.49%,5.51%,4355
6737,6736,1395779,2298539,Risk 1 (High),60614,41.9256713,-87.66984157,1,1,0,License,1891,CLYBOURN,21087.1053,561.9865,86.9385,1578.0227,1,94.49%,5.51%,4356
4835,4834,1493588,2087629,Risk 1 (High),60614,41.92184919,-87.65343023,1,1,0,Canvass,1896,WEBSTER,1050.7497,358.2273,271.7491,1151.3702,1,94.49%,5.51%,4357
6097,6096,1439244,2245207,Risk 1 (High),60611,41.89237092,-87.62741589,1,1,0,Canvass,1930,OHIO,229.126,441.0279,331.4859,1114.2541,1,94.49%,5.51%,4358
7239,7238,1408261,2327029,Risk 1 (High),60642,41.88903824,-87.65209006,1,0,0,License,1953,MORGAN,194.8347,752.6008,615.4724,668.3701,1,94.49%,5.51%,4359
4223,4222,1358294,1998619,Risk 1 (High),60608,41.85870916,-87.66060401,1,1,0,Canvass,1889,BLUE,1083.27,476.5759,404.7787,1955.4193,1,94.49%,5.51%,4360
4321,4320,1439296,2013184,Risk 1 (High),60611,41.89853034,-87.62177741,1,1,0,Canvass,1969,CHESTNUT,288.931,82.7345,628.2761,721.7976,1,94.49%,5.51%,4361
3974,3973,1325084,1963679,Risk 1 (High),60647,41.91022784,-87.68605644,1,1,0,Canvass,1889,NORTH,1134.5702,261.0293,439.0398,1191.465,1,94.50%,5.50%,4362
6208,6207,1447471,2252841,Risk 1 (High),60607,41.8835537,-87.64872613,1,1,0,Canvass,1908,GREEEN,151.2378,418.1329,305.8483,1340.6666,1,94.50%,5.50%,4363
458,457,1372627,20464,Risk 1 (High),60603,41.88018219,-87.63216718,1,1,0,Canvass,1974,LA,1118.6545,502.7861,570.1093,593.919,1,94.50%,5.50%,4364
616,615,1296783,25275,Risk 1 (High),60643,41.69231345,-87.65511686,1,1,0,Complaint,1922,111TH,303.1543,459.9784,769.616,3355.6837,1,94.50%,5.50%,4365
7007,7006,1372543,2309263,Risk 1 (High),60602,41.88333091,-87.62603979,1,0,0,License,1915,WASHINGTON,409.3654,256.8368,383.3805,1623.7207,1,94.50%,5.50%,4366
6239,6238,1372393,2256158,Risk 1 (High),60603,41.8807051,-87.63247631,1,1,0,Canvass,1965,LA,927.8175,458.0703,526.7939,721.6718,1,94.50%,5.50%,4367
1607,1606,1393308,1042399,Risk 1 (High),60614,41.92911995,-87.65359186,1,1,0,Canvass,1891,WRIGHTWOOD,1386.472,452.8737,119.1333,1028.6957,1,94.51%,5.49%,4368
5862,5861,1453268,2198202,Risk 1 (High),60611,41.89267842,-87.62211888,1,1,0,Canvass,1925,OHIO,1657.8912,503.2932,143.4715,1133.8147,1,94.51%,5.49%,4369
3992,3991,1496918,1964780,Risk 1 (High),60616,41.8383285,-87.63303202,1,1,0,Canvass,1928,31ST,76.225,366.3871,485.0599,1800.6036,1,94.51%,5.49%,4370
7741,7740,1501207,2363076,Risk 2 (Medium),60605,41.87596665,-87.62910276,1,1,0,License,1949,DEARBORN,463.9359,565.244,837.3671,1489.9725,1,94.51%,5.49%,4371
7140,7139,1387459,2320213,Risk 1 (High),60619,41.75143811,-87.60132074,1,1,0,License,1928,79TH,610.2307,159.6096,342.0055,2912.4834,1,94.51%,5.49%,4372
6636,6635,1459682,2290181,Risk 2 (Medium),60619,41.76581938,-87.61534677,1,1,0,License,1941,71ST,263.9532,177.3525,131.9705,2058.701,1,94.51%,5.49%,4373
4293,4292,1490603,2008618,Risk 1 (High),60614,41.92161984,-87.65405059,1,1,0,Canvass,1887,Webster,293.3272,317.1894,206.9293,1250.4998,1,94.51%,5.49%,4374
2003,2002,1387443,1276185,Risk 2 (Medium),60619,41.73855093,-87.60502361,1,1,0,Complaint,1958,COTTAGE,248.9173,377.0507,416.7648,2437.5424,1,94.51%,5.49%,4375
4151,4150,1453329,1986419,Risk 2 (Medium),60605,41.87399679,-87.6308055,1,1,0,Canvass,1911,Clark,314.3292,585.5455,177.6643,1472.9051,1,94.51%,5.49%,4376
713,712,1453290,29162,Risk 1 (High),60604,41.87948933,-87.62449812,1,1,0,Canvass,1958,MICHIGAN,609.48,1022.5327,770.6913,1239.0526,1,94.52%,5.48%,4377
1930,1929,1434240,1245191,Risk 1 (High),60622,41.91043411,-87.67365049,1,1,0,Canvass,1891,NORTH,381.0758,284.0584,184.9806,1006.1937,1,94.52%,5.48%,4378
3635,3634,1435227,1903228,Risk 1 (High),60614,41.92715143,-87.64157936,1,1,0,Canvass,1891,CLARK,178.2988,311.0241,68.0207,1123.5139,1,94.52%,5.48%,4379
3832,3831,1372628,1938023,Risk 1 (High),60603,41.88018219,-87.63216718,1,0,0,Canvass,1974,LA,331.613,502.7861,570.1093,593.919,1,94.52%,5.48%,4380
3113,3112,1497508,1768530,Risk 1 (High),60642,41.89120814,-87.65573434,1,1,0,Canvass,1879,GRAND,256.6545,407.5626,86.5918,1546.2474,1,94.52%,5.48%,4381
6039,6038,1497661,2232892,Risk 2 (Medium),60614,41.92723611,-87.64162904,1,1,0,Canvass,1891,CLARK,175.0554,320.2335,46.3405,1100.4422,1,94.52%,5.48%,4382
6596,6595,1372510,2289366,Risk 1 (High),60601,41.88700442,-87.62439466,1,0,0,License,1925,MICHIGAN,298.0716,325.9504,546.6665,1619.7655,1,94.52%,5.48%,4383
382,381,1497741,16106,Risk 1 (High),60611,41.89603605,-87.62413103,1,1,0,Canvass,1902,MICHIGAN,142.026,465.4958,412.2828,1830.7337,1,94.52%,5.48%,4384
1366,1365,1401485,61673,Risk 1 (High),60611,41.90164266,-87.6277734,1,1,0,Canvass,1941,RUSH,483.2578,493.6714,333.7266,851.9313,1,94.52%,5.48%,4385
7609,7608,1496363,2354653,Risk 1 (High),60609,41.81953313,-87.68487388,1,0,0,License,1894,WESTERN,21087.1053,577.6872,555.7663,2935.2444,1,94.52%,5.48%,4386
2000,1999,1372550,1275490,Risk 1 (High),60603,41.88059896,-87.62990739,1,1,0,Canvass,1978,MONROE,820.2341,768.8509,292.9442,219.7202,1,94.53%,5.47%,4387
5586,5585,1493675,2162749,Risk 1 (High),60614,41.92186654,-87.65242305,1,1,0,Canvass,1896,WEBSTER,408.5358,406.5437,70.7249,947.3878,1,94.53%,5.47%,4388
1344,1343,1401705,60020,Risk 1 (High),60617,41.70630823,-87.55949796,1,1,1,Canvass,1967,TORRENCE,239.619,1118.6391,850.9597,1352.262,1,94.53%,5.47%,4389
4961,4960,1453289,2099528,Risk 1 (High),60604,41.87948933,-87.62449812,1,1,0,Canvass,1958,MICHIGAN,164.2681,1022.5327,770.6913,1239.0526,1,94.53%,5.47%,4390
5393,5392,1459974,2146319,Risk 1 (High),60642,41.89120657,-87.65587219,1,1,0,Canvass,1879,GRAND,1186.2804,384.894,62.8117,1568.0054,1,94.53%,5.47%,4391
6669,6668,1482389,2293624,Risk 2 (Medium),60640,41.97879983,-87.66008349,1,1,0,Canvass,1925,BROADWAY,98.4091,536.6891,692.0476,437.9505,1,94.53%,5.47%,4392
7732,7731,1512451,2362789,Risk 2 (Medium),60637,41.7916258,-87.58970533,1,0,0,License,1934,57TH,565.9562,945.5635,716.5417,2984.6017,1,94.53%,5.47%,4393
441,440,1152004,19347,Risk 1 (High),60637,41.79161998,-87.59018904,1,1,0,Canvass,1934,57TH,318.8061,961.5636,753.5623,3011.4869,1,94.53%,5.47%,4394
5994,5993,1387360,2231773,Risk 1 (High),60619,41.76571673,-87.60558403,1,1,0,Canvass,1978,SOUTH,553.6726,1023.7135,626.8422,2013.5683,1,94.53%,5.47%,4395
6137,6136,1459329,2246383,Risk 2 (Medium),60622,41.90903765,-87.67514592,1,1,0,Complaint,1891,Milwaukee,284.4005,270.0341,496.8205,1397.8339,1,94.54%,5.46%,4396
2159,2158,1296833,1357606,Risk 1 (High),60643,41.70647332,-87.66935499,1,1,0,Canvass,1931,103RD,284.5924,149.8638,1055.3093,3264.4905,1,94.54%,5.46%,4397
5205,5204,1199371,2129727,Risk 2 (Medium),60611,41.89765154,-87.62672896,1,1,0,Canvass,1923,PEARSON,803.6393,344.4778,265.1272,1235.1099,1,94.54%,5.46%,4398
2586,2585,1372641,1575247,Risk 1 (High),60603,41.88167476,-87.63250419,1,0,0,Canvass,1949,LA,505.6889,292.1725,382.7439,915.1766,1,94.54%,5.46%,4399
2328,2327,1325144,1474562,Risk 1 (High),60647,41.91121698,-87.67733344,1,1,0,Canvass,1879,DAMEN,654.8537,306.4147,256.5404,1328.3034,1,94.54%,5.46%,4400
1361,1360,1460122,61314,Risk 1 (High),60608,41.85800746,-87.65994694,1,1,0,Canvass,1889,18TH,418.5709,267.3271,356.5097,1973.717,1,94.54%,5.46%,4401
5572,5571,1383378,2158564,Risk 1 (High),60607,41.88428084,-87.64845424,1,1,0,Canvass,1884,RANDOLPH,675.9741,465.1794,56.3874,1615.781,1,94.54%,5.46%,4402
7522,7521,1501749,2349247,Risk 2 (Medium),60637,41.78037142,-87.61435453,1,1,0,License,1912,63RD,43.9732,364.4325,374.4504,2846.3676,1,94.54%,5.46%,4403
628,627,1358268,25875,Risk 1 (High),60608,41.85594278,-87.67607275,1,1,0,Canvass,1881,19TH,158.7441,486.0439,573.4687,2179.2934,1,94.54%,5.46%,4404
2222,2221,1498198,1403530,Risk 1 (High),60614,41.92682183,-87.64138598,1,1,0,Canvass,1891,CLARK,586.3738,281.8885,93.6471,1218.0354,1,94.55%,5.45%,4405
477,476,1512530,21304,Risk 2 (Medium),60603,41.88167476,-87.63250419,1,1,0,Canvass,1949,LA,312.1654,292.1725,382.7439,915.1766,1,94.55%,5.45%,4406
2476,2475,1372592,1516668,Risk 1 (High),60602,41.88333198,-87.62545883,1,1,0,Canvass,1915,WASHINGTON,268.3323,303.4123,423.8017,1733.1185,1,94.55%,5.45%,4407
5869,5868,1372562,2202121,Risk 1 (High),60603,41.88167476,-87.63250419,1,1,0,Canvass,1949,LA,275.4555,292.1725,382.7439,915.1766,1,94.55%,5.45%,4408
2075,2074,1395323,1332161,Risk 1 (High),60608,41.85230417,-87.67458001,1,1,0,Canvass,1894,CERMAK,348.2487,750.8521,321.8937,1659.7922,1,94.55%,5.45%,4409
7837,7836,1515411,2373745,Risk 1 (High),60607,41.87694912,-87.63415934,1,1,0,License,1926,VAN,331.0031,689.9015,551.3673,1587.1935,1,94.55%,5.45%,4410
215,214,1307315,7574,Risk 2 (Medium),60636,41.76909653,-87.66378664,1,1,0,Complaint,1901,ASHLAND,346.6771,439.6961,243.7144,2387.5666,1,94.55%,5.45%,4411
2224,2223,1496754,1403652,Risk 1 (High),60616,41.85376672,-87.62566517,1,1,0,Canvass,1933,WABASH,195.6758,398.9522,687.782,1960.6578,1,94.55%,5.45%,4412
435,434,1445216,19011,Risk 1 (High),60610,41.8972544,-87.63286836,1,0,0,Canvass,1937,LA,500.27,392.069,589.6881,1269.2153,1,94.56%,5.44%,4413
358,357,1473528,14891,Risk 1 (High),60614,41.91313276,-87.64819574,1,1,0,Canvass,1891,HALSTED,801.9694,335.7923,485.9362,1748.0703,1,94.56%,5.44%,4414
6320,6319,1496445,2263338,Risk 1 (High),60614,41.9239063,-87.6392867,1,1,0,Canvass,1896,CLARK,3455.6611,387.1437,209.3417,1436.6852,1,94.56%,5.44%,4415
2504,2503,1496953,1542362,Risk 1 (High),60654,41.89058111,-87.62947503,1,1,0,Canvass,1998,DEARBORN,900.9795,470.8507,675.5816,255.4934,1,94.56%,5.44%,4416
6854,6853,1395407,2304353,Risk 2 (Medium),60649,41.75169395,-87.5777757,1,1,0,License,1953,79TH,775.1936,332.4183,433.4067,2893.7373,1,94.56%,5.44%,4417
438,437,1445218,19014,Risk 1 (High),60610,41.8972544,-87.63286836,1,0,0,Canvass,1937,LA,238.7123,392.069,589.6881,1269.2153,1,94.56%,5.44%,4418
439,438,1445217,19015,Risk 1 (High),60610,41.8972544,-87.63286836,1,0,0,Canvass,1937,LA,118.8387,392.069,589.6881,1269.2153,1,94.57%,5.43%,4419
6627,6626,1401973,2290013,Risk 1 (High),60657,41.9331015,-87.65968296,1,0,0,License,1891,LINCOLN,247.172,303.1618,261.1229,1133.5161,1,94.57%,5.43%,4420
6628,6627,1401975,2290014,Risk 3 (Low),60657,41.9331015,-87.65968296,1,0,0,License,1891,LINCOLN,243.2135,303.1618,261.1229,1133.5161,1,94.57%,5.43%,4421
3891,3890,1434527,1948511,Risk 1 (High),60654,41.88752864,-87.63264684,1,1,0,Canvass,1954,LA,705.058,403.4372,679.7189,1153.4794,1,94.57%,5.43%,4422
3366,3365,1497843,1843771,Risk 2 (Medium),60654,41.88963425,-87.6297443,1,1,0,Canvass,2008,DEARBORN,481.3451,452.0544,756.5351,150.3736,1,94.57%,5.43%,4423
3935,3934,1434532,1958966,Risk 1 (High),60654,41.88752864,-87.63264684,1,1,0,Canvass,1954,LA,609.9951,403.4372,679.7189,1153.4794,1,94.57%,5.43%,4424
181,180,1460148,6509,Risk 1 (High),60608,41.84738506,-87.68536343,1,1,0,Canvass,1897,WESTERN,146.1884,408.776,421.9079,1679.7058,1,94.58%,5.42%,4425
3433,3432,1497846,1869250,Risk 2 (Medium),60654,41.88963425,-87.6297443,1,1,0,Canvass,2008,DEARBORN,224.6825,452.0544,756.5351,150.3736,1,94.58%,5.42%,4426
2698,2697,1471242,1597174,Risk 1 (High),60647,41.9121566,-87.69719096,1,1,0,Canvass,1896,CALIFORNIA,798.5772,493.0013,542.7514,1096.4785,1,94.58%,5.42%,4427
4176,4175,1493884,1991237,Risk 1 (High),60654,41.89071888,-87.63058658,1,1,1,Canvass,1876,ILLINOIS,187.7437,402.2332,572.7949,306.8192,1,94.58%,5.42%,4428
5133,5132,1497451,2124410,Risk 2 (Medium),60637,41.79152143,-87.59950057,1,1,0,Canvass,1923,57TH,1204.3829,715.1451,1418.3302,4032.1081,1,94.58%,5.42%,4429
819,818,1497443,33337,Risk 2 (Medium),60637,41.78942347,-87.60005953,1,1,0,Canvass,1929,58TH,880.3157,1113.0321,1785.088,4321.679,1,94.58%,5.42%,4430
5541,5540,1434533,2157400,Risk 1 (High),60654,41.88752864,-87.63264684,1,1,0,Canvass,1954,LA,252.2801,403.4372,679.7189,1153.4794,1,94.58%,5.42%,4431
413,412,1393285,17961,Risk 1 (High),60614,41.92909093,-87.64271729,1,1,0,Canvass,1909,CLARK,216.7251,625.6208,79.2852,810.2554,1,94.58%,5.42%,4432
2508,2507,1480215,1542935,Risk 1 (High),60623,41.85167176,-87.70397303,1,1,0,Canvass,1904,CERMAK,579.314,310.833,553.8738,1445.8537,1,94.58%,5.42%,4433
7605,7604,1447445,2354617,Risk 2 (Medium),60606,41.87853128,-87.63942746,1,0,0,License,1972,CANAL,725.4562,867.3054,844.0556,970.5025,1,94.59%,5.41%,4434
5075,5074,1497360,2115082,Risk 1 (High),60616,41.85110748,-87.61286663,1,1,0,Canvass,1960,LAKE,406.2191,2282.6424,2005.9977,3109.6536,1,94.59%,5.41%,4435
3766,3765,1497164,1926869,Risk 1 (High),60616,41.85110748,-87.61286663,1,1,0,Canvass,1960,LAKE,375.9332,2282.6424,2005.9977,3109.6536,1,94.59%,5.41%,4436
7812,7811,1512626,2368554,Risk 1 (High),60616,41.83781289,-87.63545683,1,0,0,License,1944,SHIELDS,231.2307,523.0649,408.6528,1472.4077,1,94.59%,5.41%,4437
548,547,1447481,23093,Risk 2 (Medium),60606,41.88055703,-87.63713178,1,1,0,Canvass,1962,WACKER,488.6139,1049.7767,728.0066,1036.2033,1,94.59%,5.41%,4438
4734,4733,1435021,2073795,Risk 2 (Medium),60642,41.90046315,-87.66218861,1,1,0,Canvass,1889,MILWAUKEE,274.9797,416.9275,297.5473,1527.7038,1,94.59%,5.41%,4439
6252,6251,1447356,2256574,Risk 2 (Medium),60606,41.87853128,-87.63942746,1,1,0,Canvass,1972,CANAL,376.7502,867.3054,844.0556,970.5025,1,94.60%,5.40%,4440
2633,2632,1474166,1579825,Risk 1 (High),60614,41.93075676,-87.65597842,1,1,0,Canvass,1900,LINCOLN,120.1344,593.6321,337.3938,1128.562,1,94.60%,5.40%,4441
5655,5654,1401469,2177751,Risk 2 (Medium),60642,41.90542878,-87.65946302,1,1,0,Canvass,1917,ELSTON,415.9171,1000.9577,932.1751,1672.2083,1,94.60%,5.40%,4442
345,344,1387377,14136,Risk 2 (Medium),60628,41.68721693,-87.64236462,1,1,0,Complaint,1956,HALSTED,107.3321,552.1562,560.4056,2752.1603,1,94.60%,5.40%,4443
1652,1651,1151991,1047724,Risk 1 (High),60637,41.79136762,-87.59345688,1,1,0,Canvass,1912,57TH,457.9511,639.4357,534.6038,3283.9146,1,94.60%,5.40%,4444
7682,7681,1447494,2359081,Risk 2 (Medium),60606,41.87853128,-87.63942746,1,1,0,License,1972,CANAL,289.9268,867.3054,844.0556,970.5025,1,94.60%,5.40%,4445
4009,4008,1402194,1969233,Risk 1 (High),60622,41.90642912,-87.67151421,1,1,0,Canvass,1894,MILWAUKEE,340.5315,326.6246,384.5948,1364.9915,1,94.60%,5.40%,4446
5804,5803,1490552,2192995,Risk 1 (High),60647,41.91028581,-87.70137268,1,1,0,Canvass,1910,NORTH,101.7421,336.0327,209.4804,387.8934,1,94.60%,5.40%,4447
5940,5939,1434955,2204120,Risk 1 (High),60649,41.75868882,-87.58295046,0,1,0,Canvass,1966,75TH,127.0117,302.1064,461.2671,2555.6775,1,94.60%,5.40%,4448
6783,6782,1493659,2299287,Risk 1 (High),60608,41.83118366,-87.64597308,1,1,0,Complaint,1956,HALSTED,241.7087,255.1315,404.6205,1179.2279,1,94.60%,5.40%,4449
6512,6511,1151970,2283533,Risk 1 (High),60637,41.78961185,-87.60508472,1,1,0,License,1972,MARYLAND,760.1826,1916.3377,2214.9211,3859.9201,1,94.60%,5.40%,4450
3189,3188,1473706,1801293,Risk 1 (High),60622,41.90588472,-87.67066509,1,1,0,Canvass,1879,MILWAUKEE,993.4828,184.9408,202.1632,1510.5444,1,94.60%,5.40%,4451
1197,1196,1325121,48364,Risk 1 (High),60647,41.91045086,-87.68577178,1,1,0,Canvass,1891,NORTH,524.9967,285.1419,410.7254,1246.0192,1,94.60%,5.40%,4452
4812,4811,1447322,2084056,Risk 1 (High),60606,41.87853128,-87.63942746,1,1,0,Canvass,1972,CANAL,147.3699,867.3054,844.0556,970.5025,1,94.60%,5.40%,4453
2006,2005,1497959,1276342,Risk 2 (Medium),60622,41.90319559,-87.66996531,1,1,0,Canvass,1889,DIVISION,455.7284,405.6054,302.8738,1427.5621,1,94.60%,5.40%,4454
6065,6064,1372649,2234215,Risk 1 (High),60654,41.89151604,-87.63097642,1,1,0,Canvass,1978,CLARK,671.5199,524.6593,615.2557,613.1081,1,94.61%,5.39%,4455
6343,6342,1459784,2264047,Risk 1 (High),60632,41.80122255,-87.68674543,1,1,0,Complaint,1921,51ST,88.9474,684.4438,337.8115,1532.6623,1,94.61%,5.39%,4456
2489,2488,1496948,1518594,Risk 1 (High),60657,41.93321848,-87.65942137,1,1,0,Canvass,1891,LINCOLN,317.0261,348.8398,248.9629,1183.3791,1,94.61%,5.39%,4457
3521,3520,1441289,1883543,Risk 1 (High),60657,41.94216017,-87.65228987,1,1,0,Canvass,1909,CLARK,324.323,450.1566,403.0009,1003.9054,1,94.61%,5.39%,4458
1946,1945,1152126,1248608,Risk 2 (Medium),60637,41.79136675,-87.59353805,1,1,0,Canvass,1912,57TH,194.2434,624.9012,532.3531,3290.6398,1,94.61%,5.39%,4459
2214,2213,1493250,1383544,Risk 1 (High),60614,41.92984238,-87.65512664,1,1,0,Canvass,1881,LINCOLN,151.2378,497.0287,136.1201,1327.3883,1,94.61%,5.39%,4460
6674,6673,1435024,2293785,Risk 1 (High),60622,41.90017742,-87.68710513,1,1,0,License,1904,WESTERN,658.1885,390.6089,364.9137,1019.7005,1,94.61%,5.39%,4461
5900,5899,1460079,2202779,Risk 1 (High),60654,41.89172459,-87.63198777,1,1,0,Canvass,1967,GRAND,151.4688,527.4707,630.0201,829.4041,1,94.61%,5.39%,4462
287,286,1496345,11126,Risk 1 (High),60614,41.92180767,-87.65606255,1,1,0,Canvass,1891,WEBSTER,869.895,426.4094,424.6537,1569.1289,1,94.61%,5.39%,4463
7563,7562,1493609,2350236,Risk 1 (High),60611,41.89227497,-87.62009879,1,0,0,License,1969,FAIRBANKS,113.5711,376.8215,526.1795,829.464,1,94.62%,5.38%,4464
989,988,1305508,38025,Risk 2 (Medium),60623,41.84443751,-87.70262831,1,1,0,Canvass,1901,26TH,469.7481,369.2562,995.2733,2159.3345,1,94.62%,5.38%,4465
5151,5150,1498099,2125004,Risk 2 (Medium),60603,41.88180696,-87.62954312,1,1,0,Canvass,1969,DEARBORN,267.479,724.569,426.9265,670.129,1,94.62%,5.38%,4466
3539,3538,1439479,1884675,Risk 1 (High),60611,41.89291767,-87.62555144,1,1,0,Canvass,1929,RUSH,1255.444,874.6225,550.7813,1611.7274,1,94.62%,5.38%,4467
105,104,1396195,3642,Risk 1 (High),60637,41.79136503,-87.59370039,1,1,0,Canvass,1912,57TH,367.298,596.9494,529.8565,3304.4872,1,94.62%,5.38%,4468
6201,6200,1372482,2252618,Risk 1 (High),60603,41.88180696,-87.62954312,1,0,0,License,1969,DEARBORN,200.704,724.569,426.9265,670.129,1,94.62%,5.38%,4469
3629,3628,1445233,1899408,Risk 1 (High),60610,41.90959014,-87.63324548,1,1,0,Canvass,1929,LA,766.7752,808.0028,178.2356,895.981,1,94.62%,5.38%,4470
7709,7708,1512889,2359724,Risk 3 (Low),60607,41.88424444,-87.65052712,1,0,0,License,1915,RANDOLPH,601.8192,415.0185,460.228,1553.3663,1,94.62%,5.38%,4471
3570,3569,1434247,1891849,Risk 1 (High),60610,41.89519143,-87.63431031,1,1,0,Canvass,1875,WELLS,163.5232,656.1052,177.1435,2108.962,1,94.62%,5.38%,4472
827,826,1152173,33353,Risk 1 (High),60637,41.78869023,-87.59949849,1,1,0,Canvass,1929,GREENWOOD,349.7082,1195.8854,1714.8515,4289.0049,1,94.62%,5.38%,4473
5674,5673,1496427,2179543,Risk 2 (Medium),60616,41.83611698,-87.64577013,1,1,0,Complaint,1913,W,322.6817,725.1254,484.8073,2115.3652,1,94.62%,5.38%,4474
5642,5641,1497381,2177147,Risk 1 (High),60617,41.738691,-87.58510331,1,1,0,Canvass,1962,STONY,371.0568,556.3698,644.102,3048.9336,1,94.62%,5.38%,4475
5767,5766,1493465,2189415,Risk 1 (High),60642,41.90925382,-87.64837877,1,1,0,Canvass,1926,HALSTED,310.2302,1219.1063,601.1015,1229.7826,1,94.63%,5.37%,4476
5887,5886,1401512,2202593,Risk 1 (High),60622,41.90302249,-87.68057589,1,1,0,Canvass,1896,DIVISION,721.8278,388.0786,230.4341,1112.5301,1,94.63%,5.37%,4477
531,530,1072727,23047,Risk 2 (Medium),60606,41.88166429,-87.63888744,1,1,0,Canvass,1965,RIVERSIDE,421.2475,1058.4043,767.1808,1041.3951,1,94.63%,5.37%,4478
6222,6221,1155210,2254157,Risk 1 (High),60622,41.91027897,-87.67761701,1,1,0,Canvass,1889,DAMEN,371.7341,262.8709,232.3612,1224.2985,1,94.63%,5.37%,4479
3802,3801,1401665,1932996,Risk 1 (High),60622,41.9062437,-87.66986228,1,1,0,Canvass,1889,PAULINA,546.0044,323.9824,232.2065,1369.3524,1,94.63%,5.37%,4480
7708,7707,1512883,2359723,Risk 1 (High),60607,41.88424444,-87.65052712,1,1,0,License,1915,RANDOLPH,141.9553,415.0185,460.228,1553.3663,1,94.63%,5.37%,4481
3649,3648,1199499,1904207,Risk 1 (High),60661,41.88583206,-87.6476263,1,1,0,Canvass,1909,HALSTED,296.8839,602.6979,423.131,1650.6562,1,94.64%,5.36%,4482
2124,2123,1459648,1351957,Risk 1 (High),60657,41.94345707,-87.653356,1,1,0,Complaint,1891,CLARK,272.3371,414.393,547.1543,1555.8955,1,94.64%,5.36%,4483
1290,1289,1401611,55254,Risk 2 (Medium),60654,41.88807038,-87.62969226,1,1,0,Canvass,1987,DEARBORN,262.1114,419.3748,774.9502,708.1521,1,94.64%,5.36%,4484
1441,1440,1497139,69711,Risk 1 (High),60617,41.7364379,-87.5515553,1,1,1,Canvass,1898,COMMERCIAL,329.9774,314.6395,332.4126,2180.4286,1,94.64%,5.36%,4485
2134,2133,1401241,1353734,Risk 1 (High),60614,41.91468061,-87.63885012,1,1,0,Canvass,1886,SEDGWICK,999.9241,348.0529,226.6492,1780.036,1,94.64%,5.36%,4486
5310,5309,1493953,2137764,Risk 1 (High),60654,41.89042506,-87.63094679,1,1,1,Canvass,1881,CLARK,465.9351,291.9447,561.5761,300.7575,1,94.64%,5.36%,4487
5908,5907,1474125,2202944,Risk 2 (Medium),60622,41.90302881,-87.68019724,1,1,0,Canvass,1896,DIVISION,237.1539,367.8304,218.9003,1105.0362,1,94.64%,5.36%,4488
2175,2174,1496542,1379677,Risk 1 (High),60620,41.75006593,-87.67748987,1,1,0,Canvass,1959,79TH,506.9823,842.0628,670.7668,1828.604,1,94.64%,5.36%,4489
7664,7663,1501349,2358835,Risk 2 (Medium),60619,41.74600079,-87.60523691,1,1,0,License,1964,COTTAGE,635.5694,269.1475,324.1075,2352.5089,1,94.65%,5.35%,4490
2699,2698,1372608,1597223,Risk 1 (High),60602,41.88280623,-87.6292815,1,1,0,Canvass,1966,DEARBORN,514.6041,658.6551,642.4036,1041.1739,1,94.65%,5.35%,4491
6717,6716,1395934,2294414,Risk 2 (Medium),60622,41.9099952,-87.67759909,1,1,0,License,1889,DAMEN,415.9171,285.8622,208.422,1219.5315,1,94.65%,5.35%,4492
7516,7515,1498006,2349145,Risk 3 (Low),60622,41.90570957,-87.67039084,1,0,0,License,1873,MILWAUKEE,364.5635,186.9953,107.8894,1567.0979,1,94.65%,5.35%,4493
4082,4081,1296754,1979637,Risk 1 (High),60620,41.75015172,-87.67076672,1,1,0,Canvass,1958,79TH,349.7181,553.5684,443.9996,1682.3678,1,94.65%,5.35%,4494
1380,1379,1434762,63983,Risk 1 (High),60614,41.91800028,-87.6530511,1,1,0,Canvass,1901,ARMITAGE,352.9495,324.4292,111.5948,1104.8175,1,94.65%,5.35%,4495
822,821,1152157,33342,Risk 1 (High),60637,41.79133584,-87.59822018,1,1,0,Complaint,1923,UNIVERSITY,206.6456,500.0921,1197.9643,3872.1022,1,94.65%,5.35%,4496
4636,4635,1393294,2064114,Risk 1 (High),60614,41.92747773,-87.64144978,1,1,0,Canvass,1906,CLARK,237.4372,375.8729,54.9608,1000.2436,1,94.66%,5.34%,4497
2533,2532,1493515,1545075,Risk 1 (High),60601,41.8868758,-87.62468519,1,1,0,Canvass,1929,MICHIGAN,261.5708,296.9771,527.3961,1709.9026,1,94.66%,5.34%,4498
727,726,1496760,29962,Risk 1 (High),60654,41.89546344,-87.63559949,1,1,0,Canvass,1891,SUPERIOR,205.8405,714.5566,404.5053,2083.0915,1,94.66%,5.34%,4499
3569,3568,1473806,1891826,Risk 2 (Medium),60647,41.91759366,-87.68021179,1,1,0,Canvass,1902,ARMITAGE,21087.1053,333.238,154.0106,1634.4017,1,94.66%,5.34%,4500
3865,3864,1480282,1943409,Risk 1 (High),60623,41.84785765,-87.72479531,1,1,0,Canvass,1900,PULASKI,696.2349,595.4934,687.3823,1541.3677,1,94.66%,5.34%,4501
1000,999,1471271,38547,Risk 1 (High),60647,41.91036402,-87.67806272,1,1,0,Canvass,1889,NORTH,252.8483,312.2307,196.5928,1205.7452,1,94.66%,5.34%,4502
7139,7138,1092889,2320212,Risk 1 (High),60657,41.9436623,-87.65350281,1,1,0,License,1889,CLARK,463.6915,429.06,550.4536,1639.9319,1,94.66%,5.34%,4503
1030,1029,1152167,39999,Risk 1 (High),60637,41.791325,-87.59758766,1,1,0,Canvass,1923,57TH,526.9033,437.2718,1087.3614,3778.1757,1,94.66%,5.34%,4504
4442,4441,1453439,2031682,Risk 2 (Medium),60605,41.87556911,-87.62938323,1,1,0,Canvass,1949,DEARBORN,935.2871,560.5945,743.4638,1623.3801,1,94.66%,5.34%,4505
6459,6458,1473691,2278794,Risk 1 (High),60610,41.8904973,-87.63094921,1,1,1,Canvass,1881,447,129.6144,311.0408,559.2096,315.6637,1,94.66%,5.34%,4506
6266,6265,1471289,2261834,Risk 1 (High),60647,41.91020513,-87.68770229,1,1,0,Complaint,1914,NORTH,684.5277,181.1697,463.5173,923.505,1,94.66%,5.34%,4507
2443,2442,1372414,1495532,Risk 1 (High),60614,41.92868792,-87.64248467,1,1,0,Canvass,1915,CLARK,492.003,668.2205,82.8878,828.1197,1,94.66%,5.34%,4508
6786,6785,1228436,2299308,Risk 1 (High),60605,41.87556911,-87.62938323,1,0,0,License,1949,DEARBORN,814.0608,560.5945,743.4638,1623.3801,1,94.67%,5.33%,4509
3420,3419,1372625,1868587,Risk 1 (High),60601,41.88770538,-87.62058814,1,1,0,Canvass,1979,WACKER,1002.3651,961.1491,625.1169,851.386,1,94.67%,5.33%,4510
2334,2333,1490601,1475377,Risk 1 (High),60608,41.83394023,-87.64603822,1,1,0,Canvass,1913,HALSTED,373.0808,430.2268,131.468,1796.5216,1,94.67%,5.33%,4511
3538,3537,1474146,1884666,Risk 1 (High),60611,41.89319672,-87.62591385,1,1,0,Canvass,1929,ONTARIO,530.125,857.2537,517.8051,1610.876,1,94.67%,5.33%,4512
6408,6407,1372429,2271537,Risk 1 (High),60611,41.8901115,-87.62210388,1,1,0,Canvass,1996,CITYFRONT,479.9672,769.6932,723.6397,574.3085,1,94.67%,5.33%,4513
1947,1946,1493570,1248767,Risk 1 (High),60614,41.93276414,-87.65293896,1,1,0,Canvass,1891,DIVERSEY,218.2896,327.376,188.3843,1286.1618,1,94.67%,5.33%,4514
1445,1444,1372428,70194,Risk 1 (High),60611,41.8901115,-87.62210388,1,1,0,Canvass,1996,CITYFRONT,451.5119,769.6932,723.6397,574.3085,1,94.67%,5.33%,4515
1958,1957,1497094,1249926,Risk 1 (High),60647,41.92007574,-87.67785213,1,1,0,Canvass,1891,DAMEN,70.154,437.9309,306.5714,1206.027,1,94.67%,5.33%,4516
3136,3135,1286355,1770896,Risk 2 (Medium),60606,41.87858156,-87.63857867,1,1,0,Canvass,1972,RIVERSIDE,402.279,1034.2818,771.5341,995.1693,1,94.67%,5.33%,4517
3289,3288,1439585,1820650,Risk 2 (Medium),60611,41.89369131,-87.62692024,1,1,0,Canvass,1929,WABASH,643.1219,692.6479,493.6782,1585.1342,1,94.67%,5.33%,4518
2056,2055,1296862,1329753,Risk 1 (High),60620,41.75032239,-87.64418241,1,1,1,Canvass,1902,HALSTED,273.0223,462.1052,638.0414,1147.3452,1,94.67%,5.33%,4519
2155,2154,1434930,1357345,Risk 1 (High),60614,41.92247791,-87.64439905,1,1,0,Canvass,1886,LINCOLN,1119.6537,293.5969,66.7706,1499.5875,1,94.67%,5.33%,4520
7454,7453,1447543,2341239,Risk 2 (Medium),60606,41.87858156,-87.63857867,1,1,0,License,1972,RIVERSIDE,257.3837,1034.2818,771.5341,995.1693,1,94.67%,5.33%,4521
3513,3512,1372680,1879785,Risk 2 (Medium),60602,41.88331715,-87.63291657,1,1,0,Canvass,1929,WASHINGTON,199.9352,447.0445,356.0188,1446.3978,1,94.68%,5.32%,4522
2718,2717,1460091,1617746,Risk 1 (High),60614,41.92895659,-87.64263975,1,1,0,Canvass,1915,CLARK,350.4572,638.7593,62.9532,812.7654,1,94.68%,5.32%,4523
3226,3225,1459987,1803861,Risk 1 (High),60622,41.91064557,-87.67420059,1,1,0,Canvass,1892,NORTH,423.8701,325.8054,147.9153,1167.3682,1,94.68%,5.32%,4524
6409,6408,1372430,2271544,Risk 2 (Medium),60611,41.8901115,-87.62210388,1,1,0,Canvass,1996,CITYFRONT,148.7215,769.6932,723.6397,574.3085,1,94.68%,5.32%,4525
2712,2711,1307359,1616560,Risk 1 (High),60636,41.7868486,-87.66489347,1,1,0,Canvass,1928,59TH,163.6814,141.0244,366.7027,1997.8796,1,94.68%,5.32%,4526
2894,2893,1372691,1678255,Risk 2 (Medium),60601,41.88770538,-87.62058814,1,1,0,Canvass,1979,WACKER,572.6801,961.1491,625.1169,851.386,1,94.68%,5.32%,4527
6267,6266,1459399,2261875,Risk 2 (Medium),60653,41.8094021,-87.62248348,1,1,1,Complaint,1908,47TH,21087.1053,492.3482,568.7016,1520.9974,1,94.68%,5.32%,4528
6577,6576,1092914,2288724,Risk 1 (High),60657,41.93980828,-87.65360564,1,1,0,Canvass,1906,BELMONT,917.5357,458.2413,225.0504,983.5037,1,94.68%,5.32%,4529
2516,2515,1447366,1543419,Risk 1 (High),60606,41.87941085,-87.63710396,1,1,0,Canvass,1969,WACKER,265.9764,1170.9477,751.6453,1043.2212,1,94.68%,5.32%,4530
1681,1680,1459632,1093231,Risk 1 (High),60614,41.92900137,-87.64266559,1,1,0,Canvass,1915,CLARK,126.6451,634.1,65.1292,811.539,1,94.68%,5.32%,4531
1608,1607,1441320,1042664,Risk 1 (High),60657,41.94286932,-87.6528628,1,1,0,Canvass,1903,CLARK,321.5102,402.9549,474.4426,1303.8378,1,94.68%,5.32%,4532
3745,3744,1490408,1921939,Risk 1 (High),60622,41.90315323,-87.67258598,1,1,0,Canvass,1884,DIVISION,694.7921,353.3981,235.5189,1542.5846,1,94.68%,5.32%,4533
6487,6486,1358296,2279520,Risk 1 (High),60608,41.85873595,-87.66023238,1,1,0,Canvass,1905,BLUE,129.4849,410.0756,408.5552,1881.1753,1,94.68%,5.32%,4534
5003,5002,1152074,2108568,Risk 2 (Medium),60637,41.78034997,-87.61556531,1,1,0,Canvass,1914,63RD,415.2323,277.0572,368.5747,3006.7962,1,94.68%,5.32%,4535
5275,5274,1513137,2134720,Risk 2 (Medium),60653,41.80921386,-87.62030818,1,1,1,Canvass,1883,47TH,210.2271,354.6767,608.236,1275.6679,1,94.68%,5.32%,4536
709,708,1199377,28886,Risk 1 (High),60611,41.89560412,-87.62597725,1,1,0,Canvass,1900,SUPERIOR,580.5351,273.6046,262.5767,1940.5297,1,94.68%,5.32%,4537
2921,2920,1502199,1681011,Risk 2 (Medium),60601,41.8845953,-87.62886826,1,1,0,Canvass,1926,RANDOLPH,192.2775,494.3259,474.1681,1702.7061,1,94.69%,5.31%,4538
5816,5815,1372650,2196310,Risk 3 (Low),60654,41.8913716,-87.63097245,1,0,0,Canvass,1985,CLARK,456.7952,488.7793,597.0351,565.6324,1,94.69%,5.31%,4539
529,528,1501454,23043,Risk 2 (Medium),60614,41.9179944,-87.65341562,1,1,0,Canvass,1896,ARMITAGE,385.4076,329.2076,45.6341,1182.5242,1,94.69%,5.31%,4540
2828,2827,1296795,1649310,Risk 1 (High),60620,41.72223201,-87.62520901,1,1,0,Complaint,1985,LAFAYETTE,939.8475,682.6791,572.7832,2230.2425,1,94.69%,5.31%,4541
3365,3364,1307526,1843730,Risk 1 (High),60636,41.76867001,-87.66326319,1,1,0,Canvass,1899,69TH,468.3934,492.6751,53.5594,2420.422,1,94.69%,5.31%,4542
3540,3539,1474153,1884681,Risk 1 (High),60611,41.89313081,-87.62555906,1,1,0,Canvass,1929,RUSH,461.7237,907.4231,528.9727,1662.4788,1,94.69%,5.31%,4543
2639,2638,1497652,1592158,Risk 2 (Medium),60610,41.8911505,-87.63126028,1,1,0,Canvass,1985,CLARK,153.7867,413.378,575.5535,541.7887,1,94.69%,5.31%,4544
7217,7216,1305570,2326704,Risk 1 (High),60608,41.85275518,-87.64657986,1,1,0,License,1959,CERMAK,143.2384,1087.4917,1205.2839,1941.7521,1,94.70%,5.30%,4545
1141,1140,1473830,45044,Risk 1 (High),60622,41.89594582,-87.68145004,1,1,0,Canvass,1891,CHICAGO,643.1219,473.8676,374.8484,1529.2225,1,94.70%,5.30%,4546
2856,2855,1498164,1675140,Risk 1 (High),60614,41.93231273,-87.66853724,1,1,0,Canvass,1895,ASHLAND,207.1923,641.9903,114.9475,932.0563,1,94.70%,5.30%,4547
5565,5564,1418280,2158281,Risk 1 (High),60657,41.9339798,-87.64601179,1,1,0,Canvass,1886,CLARK,120.2786,434.6467,451.9201,1811.3826,1,94.70%,5.30%,4548
6138,6137,1439225,2246390,Risk 1 (High),60611,41.88793874,-87.62703564,1,1,0,Canvass,1973,WABASH,586.4815,514.6112,757.1718,1102.6193,1,94.70%,5.30%,4549
7800,7799,1502200,2364478,Risk 2 (Medium),60628,41.72177135,-87.62843656,1,1,0,License,1960,95TH,165.0245,321.1815,522.4589,2646.6998,1,94.70%,5.30%,4550
1292,1291,1441322,55325,Risk 1 (High),60657,41.94026958,-87.66923761,1,1,0,Canvass,1933,LINCOLN,927.707,392.2749,206.4497,229.5162,1,94.70%,5.30%,4551
2979,2978,1453394,1716955,Risk 2 (Medium),60605,41.87248659,-87.62739892,1,0,0,Canvass,1984,STATE,50.7271,520.7772,882.6623,1150.2202,1,94.70%,5.30%,4552
1083,1082,1305559,42618,Risk 2 (Medium),60608,41.83703579,-87.65126549,1,1,0,Complaint,1888,MORGAN,386.8451,329.9065,400.6371,2586.9879,1,94.70%,5.30%,4553
1140,1139,1480268,44964,Risk 2 (Medium),60623,41.84442296,-87.72001231,1,1,0,Canvass,1904,26TH,294.8932,142.2394,879.3112,1864.0864,1,94.70%,5.30%,4554
6060,6059,1439217,2233306,Risk 1 (High),60611,41.88793874,-87.62703564,1,1,0,Canvass,1973,WABASH,379.9269,514.6112,757.1718,1102.6193,1,94.70%,5.30%,4555
1884,1883,1497623,1223719,Risk 2 (Medium),60614,41.92858516,-87.64242391,1,1,0,Canvass,1915,CLARK,228.577,664.7625,51.5729,837.2035,1,94.70%,5.30%,4556
2332,2331,1494064,1475173,Risk 1 (High),60657,41.94376902,-87.65357886,1,1,0,Canvass,1889,CLARK,223.2281,441.1723,543.9496,1683.6148,1,94.70%,5.30%,4557
5478,5477,1441323,2152712,Risk 1 (High),60657,41.93296422,-87.66372953,1,1,0,Canvass,1887,SOUTHPORT,966.4243,553.0418,348.6747,1482.1519,1,94.70%,5.30%,4558
7720,7719,1497941,2359956,Risk 1 (High),60602,41.88205759,-87.63353327,0,0,0,License,1940,MADISON,215.5609,275.2479,304.2477,1219.8653,1,94.70%,5.30%,4559
3410,3409,1494039,1848417,Risk 1 (High),60657,41.94411462,-87.65385602,1,1,0,Canvass,1881,CLARK,1068.9717,477.2958,507.2392,1830.0018,1,94.71%,5.29%,4560
4661,4660,1199544,2065088,Risk 2 (Medium),60614,41.92136586,-87.67292078,1,1,0,Canvass,1891,WEBSTER,407.3397,826.2501,531.6939,1569.1168,1,94.71%,5.29%,4561
1134,1133,1497824,44826,Risk 1 (High),60657,41.9381354,-87.6538991,1,1,0,Canvass,1900,SHEFFIELD,279.1037,576.8952,338.6558,1259.8265,1,94.71%,5.29%,4562
1839,1838,1493433,1171723,Risk 1 (High),60613,41.94878847,-87.65422912,1,1,0,Canvass,1906,SHEFFIELD,21087.1053,330.9605,577.4734,2180.2968,1,94.71%,5.29%,4563
417,416,1496860,18174,Risk 1 (High),60657,41.93411787,-87.64612385,1,1,0,Canvass,1886,CLARK,324.3977,448.9228,451.2354,1834.2093,1,94.71%,5.29%,4564
6106,6105,1439288,2245370,Risk 1 (High),60611,41.88793874,-87.62703564,1,1,0,Canvass,1973,WABASH,119.3269,514.6112,757.1718,1102.6193,1,94.71%,5.29%,4565
3227,3226,1467484,1803943,Risk 1 (High),60607,41.88537249,-87.65821234,1,1,0,Canvass,1930,LAKE,175.1778,617.6322,1072.2369,1964.9606,1,94.71%,5.29%,4566
2651,2650,1498137,1593087,Risk 2 (Medium),60611,41.89740695,-87.62575403,1,0,0,Canvass,1927,Rush,578.9543,361.4339,334.1424,1493.056,1,94.71%,5.29%,4567
4815,4814,1401624,2084162,Risk 1 (High),60620,41.74862471,-87.66325181,1,1,0,Canvass,1929,ASHLAND,200.2328,314.4242,324.1173,2350.5251,1,94.71%,5.29%,4568
995,994,1092882,38279,Risk 1 (High),60657,41.93301205,-87.6491695,1,1,0,Canvass,1911,2810,395.2569,520.5249,304.9341,1120.656,1,94.71%,5.29%,4569
7336,7335,1199391,2333632,Risk 1 (High),60611,41.89272874,-87.61902535,1,0,0,License,1974,OHIO,141.9553,343.761,648.6405,1029.1913,1,94.71%,5.29%,4570
6980,6979,1490722,2308844,Risk 2 (Medium),60622,41.91430953,-87.66466131,1,0,0,License,1889,ELSTON,320.14,780.9142,720.538,2018.9435,1,94.71%,5.29%,4571
1824,1823,1494196,1168000,Risk 1 (High),60657,41.94285564,-87.65319557,1,1,0,Canvass,1906,CLARK,252.2801,393.1588,535.6193,1356.0336,1,94.71%,5.29%,4572
5221,5220,1296849,2130144,Risk 1 (High),60643,41.72146477,-87.65167725,1,1,0,Canvass,1963,95TH,273.869,1003.4452,580.6712,2331.7729,1,94.71%,5.29%,4573
7835,7834,1515482,2373706,Risk 1 (High),60643,41.72129868,-87.66447048,0,1,0,License,1948,95TH,233.5216,716.7548,677.1481,2607.8039,1,94.71%,5.29%,4574
2836,2835,1372613,1649360,Risk 1 (High),60602,41.88331838,-87.6335146,1,1,0,Canvass,1927,WASHINGTON,496.377,380.2527,345.5844,1542.1998,1,94.71%,5.29%,4575
4518,4517,1459922,2042858,Risk 1 (High),60654,41.88808735,-87.63088807,1,1,0,Canvass,1988,CLARK,256.1234,447.351,732.9693,737.7496,1,94.72%,5.28%,4576
5086,5085,1387560,2119751,Risk 2 (Medium),60628,41.67816957,-87.62036637,1,1,0,Complaint,1913,MICHIGAN,253.1018,587.828,405.1409,4005.0254,1,94.72%,5.28%,4577
3940,3939,1494079,1959387,Risk 2 (Medium),60622,41.89870607,-87.68677252,1,1,0,Canvass,1902,WESTERN,294.2297,505.7684,332.783,1178.3943,1,94.72%,5.28%,4578
6088,6087,1401478,2240867,Risk 1 (High),60608,41.8517996,-87.69490413,1,1,0,Canvass,1907,CERMAK,371.4594,419.8798,409.7315,1516.6553,1,94.72%,5.28%,4579
278,277,1459482,10559,Risk 1 (High),60622,41.90324287,-87.66706205,1,1,0,Canvass,1890,DIVISION,190.238,371.2106,287.6886,1592.9195,1,94.72%,5.28%,4580
2524,2523,1473281,1544705,Risk 1 (High),60614,41.91348383,-87.64820624,1,1,0,Canvass,1897,HALSTED,61.6728,331.003,441.9896,1785.8221,1,94.72%,5.28%,4581
7393,7392,1441266,2340636,Risk 1 (High),60657,41.94378575,-87.64952689,1,1,0,License,1893,HALSTED,505.2575,353.9547,280.8194,1385.5742,1,94.72%,5.28%,4582
6166,6165,1395746,2247153,Risk 1 (High),60622,41.8960047,-87.6779379,1,1,0,Canvass,1884,CHICAGO,247.3679,279.0536,206.9695,1560.4238,1,94.73%,5.27%,4583
6391,6390,1199366,2270795,Risk 1 (High),60614,41.92208685,-87.63772276,1,1,0,Canvass,1919,WEBSTER,110.2383,528.8923,101.3747,981.0418,1,94.73%,5.27%,4584
6659,6658,1459543,2293434,Risk 1 (High),60654,41.88932859,-87.63054785,1,1,0,License,2010,KINZIE,484.1522,317.3202,709.1189,286.5603,1,94.73%,5.27%,4585
3711,3710,1459659,1913868,Risk 2 (Medium),60617,41.73536134,-87.58501433,1,1,0,Complaint,2005,STONY,131.6635,556.1087,637.9466,2340.6477,1,94.73%,5.27%,4586
1247,1246,1199503,51664,Risk 1 (High),60661,41.88432041,-87.6436014,1,1,0,Canvass,1917,RANDOLPH,572.8916,512.7624,615.7798,1941.9705,1,94.73%,5.27%,4587
6921,6920,1199379,2308021,Risk 1 (High),60611,41.88987479,-87.62425976,1,1,0,License,1963,MICHIGAN,330.6828,948.9432,611.4659,1160.797,1,94.73%,5.27%,4588
248,247,1393313,9118,Risk 1 (High),60614,41.91436383,-87.64851532,1,1,0,Suspected Food Poisoning,1891,HALSTED,385.5004,433.2703,365.2507,1821.7761,1,94.73%,5.27%,4589
4967,4966,1325083,2102586,Risk 1 (High),60647,41.91015015,-87.69271466,1,1,0,Canvass,1904,NORTH,313.6857,371.4865,344.6849,989.5441,1,94.73%,5.27%,4590
7603,7602,1496376,2354615,Risk 1 (High),60609,41.8089645,-87.6344335,1,1,0,License,1926,47TH,236.2782,1287.0207,555.3008,2460.0217,1,94.73%,5.27%,4591
6923,6922,1199380,2308023,Risk 1 (High),60611,41.88987479,-87.62425976,1,1,0,License,1963,MICHIGAN,241.8855,948.9432,611.4659,1160.797,1,94.73%,5.27%,4592
2296,2295,1496565,1473101,Risk 1 (High),60654,41.89068474,-87.627885,1,1,0,Canvass,1992,STATE,477.9341,207.1746,653.7811,627.6289,1,94.73%,5.27%,4593
6657,6656,1459534,2293432,Risk 1 (High),60654,41.88932859,-87.63054785,1,1,0,License,2010,KINZIE,209.2847,317.3202,709.1189,286.5603,1,94.73%,5.27%,4594
634,633,1434231,26247,Risk 1 (High),60622,41.91247698,-87.67361847,1,1,0,Canvass,1891,WABANSIA,93.5786,220.7489,212.4708,1335.9952,1,94.73%,5.27%,4595
6658,6657,1459537,2293433,Risk 1 (High),60654,41.88932859,-87.63054785,1,1,0,License,2010,KINZIE,181.9205,317.3202,709.1189,286.5603,1,94.73%,5.27%,4596
7526,7525,1493441,2349342,Risk 1 (High),60623,41.8369238,-87.7303689,1,0,0,License,1911,31ST,21087.1053,355.1992,807.2896,2451.0596,1,94.73%,5.27%,4597
2466,2465,1453372,1515016,Risk 2 (Medium),60605,41.86757102,-87.63058647,1,1,0,Canvass,2005,CLARK,423.4536,793.6352,982.9551,899.4455,1,94.74%,5.26%,4598
77,76,1372652,1955,Risk 1 (High),60654,41.8906843,-87.63939528,1,1,0,Canvass,2006,KINGSBURY,682.4167,751.8773,765.7099,298.8252,1,94.74%,5.26%,4599
1923,1922,1439420,1243941,Risk 1 (High),60611,41.89111636,-87.62006596,1,1,0,Canvass,2001,ILLINOIS,287.488,367.0387,548.4259,407.2119,1,94.74%,5.26%,4600
1237,1236,1473853,51109,Risk 2 (Medium),60608,41.83782799,-87.65431773,1,1,0,Complaint,1885,31ST,292.1563,157.7071,522.1597,2816.404,1,94.74%,5.26%,4601
7683,7682,1372670,2359084,Risk 2 (Medium),60601,41.885027,-87.62807021,1,1,0,License,1917,STATE,451.709,473.6915,388.8606,1886.8704,1,94.74%,5.26%,4602
6510,6509,1199435,2283437,Risk 1 (High),60661,41.88085876,-87.6474788,1,1,0,Canvass,1968,HALSTED,486.4715,915.294,517.3281,754.5568,1,94.74%,5.26%,4603
1919,1918,1439371,1243549,Risk 1 (High),60611,41.89029965,-87.62425466,1,1,0,Canvass,1963,MICHIGAN,733.5875,939.5808,584.8685,1163.6421,1,94.74%,5.26%,4604
6571,6570,1490496,2284900,Risk 2 (Medium),60620,41.75038811,-87.66943852,1,1,0,Complaint,1953,79TH,684.8019,585.1675,273.9196,1753.5127,1,94.74%,5.26%,4605
4411,4410,1453492,2026847,Risk 1 (High),60661,41.88429952,-87.64721332,1,1,0,Canvass,1909,RANDOLPH,309.7945,599.5564,343.2738,1740.901,1,94.75%,5.25%,4606
997,996,1471243,38379,Risk 1 (High),60647,41.91234422,-87.67765394,1,1,0,Complaint,1879,DAMEN,203.3326,367.4623,209.0074,1540.638,1,94.75%,5.25%,4607
4245,4244,1447398,2002999,Risk 1 (High),60606,41.88670788,-87.63431855,1,1,0,Canvass,1928,Wacker,1183.5907,503.426,453.9032,1679.9032,1,94.75%,5.25%,4608
5520,5519,1387519,2156663,Risk 1 (High),60628,41.68756845,-87.62111015,1,1,1,Canvass,1885,MICHIGAN,482.2849,499.1806,609.4318,2485.789,1,94.75%,5.25%,4609
7424,7423,1490262,2341038,Risk 2 (Medium),60622,41.89559836,-87.69016095,1,1,0,License,1888,CHICAGO,2057.4046,307.2216,424.6845,1691.7939,1,94.75%,5.25%,4610
4838,4837,1473719,2087698,Risk 1 (High),60608,41.85232923,-87.69531189,1,1,0,Canvass,1899,CALIFORNIA,193.9848,382.578,308.4859,1591.2748,1,94.75%,5.25%,4611
56,55,1493422,1650,Risk 1 (High),60614,41.92872348,-87.64902258,1,1,0,Canvass,1979,HALSTED,21087.1053,482.7935,183.7925,535.8533,1,94.75%,5.25%,4612
1510,1509,1325041,78121,Risk 1 (High),60647,41.91758599,-87.6805892,1,1,0,Canvass,1865,ARMITAGE,484.9625,369.9666,107.2306,1631.9629,1,94.75%,5.25%,4613
5527,5526,1459690,2156804,Risk 1 (High),60640,41.98068393,-87.66013495,1,1,0,License,1937,BROADWAY,179.5075,489.7519,470.582,251.922,1,94.76%,5.24%,4614
447,446,1493608,19765,Risk 2 (Medium),60609,41.81944143,-87.66537554,1,1,0,Canvass,1909,ASHLAND,955.0338,1643.436,1355.675,3297.4719,1,94.76%,5.24%,4615
7143,7142,1434629,2320292,Risk 1 (High),60622,41.89902107,-87.68677928,1,1,0,License,1907,WESTERN,343.9553,456.7169,331.9395,1133.266,1,94.76%,5.24%,4616
7093,7092,1199467,2314564,Risk 1 (High),60661,41.88432009,-87.64368972,1,0,0,License,1917,RANDOLPH,246.6331,513.2123,602.6448,1954.2558,1,94.76%,5.24%,4617
3560,3559,1459286,1887987,Risk 1 (High),60622,41.90338676,-87.67174027,1,1,0,Canvass,1891,DIVISION,305.8322,317.0458,266.1351,1548.7999,1,94.76%,5.24%,4618
1528,1527,1496880,79650,Risk 1 (High),60616,41.83098586,-87.61813057,1,1,0,Canvass,1908,35TH,216.8707,936.1265,234.2589,2514.5921,1,94.76%,5.24%,4619
1802,1801,1441319,1165635,Risk 1 (High),60657,41.93405979,-87.66376415,1,1,0,Canvass,1881,SOUTHPORT,47.7343,453.6916,476.4718,1799.4109,1,94.76%,5.24%,4620
2723,2722,1480207,1618318,Risk 2 (Medium),60623,41.85883568,-87.71772086,1,1,0,Complaint,1909,16TH,375.1301,382.5299,293.5609,1030.7394,1,94.76%,5.24%,4621
7094,7093,1199466,2314565,Risk 3 (Low),60661,41.88432009,-87.64368972,1,0,0,License,1917,RANDOLPH,118.9455,513.2123,602.6448,1954.2558,1,94.76%,5.24%,4622
4039,4038,1494136,1970385,Risk 1 (High),60614,41.93299009,-87.64086757,1,1,0,Canvass,1912,DIVERSEY,348.8438,612.2343,167.8032,1114.9125,1,94.76%,5.24%,4623
979,978,1401752,37811,Risk 1 (High),60614,41.92170972,-87.66630972,1,1,0,Canvass,1881,WEBSTER,418.3463,554.0781,427.017,1840.1996,1,94.76%,5.24%,4624
7216,7215,1459417,2326697,Risk 1 (High),60617,41.74774921,-87.58603742,1,0,0,License,1992,STONY,208.8416,531.1787,995.5433,2963.458,1,94.77%,5.23%,4625
3580,3579,1453582,1892673,Risk 2 (Medium),60605,41.87262868,-87.62740312,1,1,1,Canvass,1875,STATE,207.8535,510.7829,885.874,1190.7582,1,94.77%,5.23%,4626
6598,6597,1387806,2289386,Risk 2 (Medium),60619,41.7383178,-87.60472451,1,1,0,Canvass,1978,COTTAGE,463.7724,309.3225,418.7318,2432.4828,1,94.77%,5.23%,4627
1645,1644,1441242,1046054,Risk 1 (High),60657,41.93819157,-87.66681156,1,1,0,Canvass,1916,LINCOLN,238.174,598.7904,536.1993,1089.4441,1,94.77%,5.23%,4628
3314,3313,1474093,1822894,Risk 1 (High),60628,41.69107683,-87.64249046,1,1,0,Canvass,1974,HALSTED,333.9648,818.594,575.0361,2612.7608,1,94.77%,5.23%,4629
3567,3566,1496469,1889078,Risk 1 (High),60614,41.93246181,-87.65783275,1,1,0,Canvass,1915,DIVERSEY,428.1493,435.9139,342.8373,1073.599,1,94.77%,5.23%,4630
1908,1907,1497404,1227983,Risk 1 (High),60657,41.94153946,-87.66401206,1,1,0,Canvass,1891,SOUTHPORT,362.3708,390.2662,532.9114,1623.9025,1,94.77%,5.23%,4631
3360,3359,1286359,1843203,Risk 2 (Medium),60606,41.88205499,-87.6338999,1,1,0,Canvass,1940,MADISON,314.2124,308.4464,288.3766,1299.5243,1,94.77%,5.23%,4632
3554,3553,1497271,1887750,Risk 2 (Medium),60657,41.93981892,-87.65281971,1,0,0,Canvass,1931,BELMONT,385.0402,435.2595,365.4668,770.0166,1,94.77%,5.23%,4633
3415,3414,1493603,1868314,Risk 2 (Medium),60609,41.81944143,-87.66537554,1,1,0,Canvass,1909,ASHLAND,288.2914,1643.436,1355.675,3297.4719,1,94.77%,5.23%,4634
7615,7614,1496414,2354720,Risk 2 (Medium),60609,41.8235215,-87.63202843,1,1,0,License,1975,PERSHING,253.0031,395.9339,1576.9826,2703.2444,1,94.78%,5.22%,4635
6629,6628,1453241,2290052,Risk 1 (High),60605,41.86403564,-87.61929707,1,0,0,License,2006,LAKE,295.7295,1078.1818,1301.866,1483.0446,1,94.78%,5.22%,4636
154,153,1474169,5449,Risk 2 (Medium),60618,41.93949682,-87.69898121,1,1,0,Canvass,1902,BELMONT,667.2815,448.3533,346.5389,755.9737,1,94.78%,5.22%,4637
7112,7111,1434798,2319762,Risk 1 (High),60628,41.72150568,-87.63180759,1,0,0,License,1960,95TH,684.8019,353.0851,911.007,3215.7388,1,94.78%,5.22%,4638
1009,1008,1490968,39120,Risk 1 (High),60614,41.92614518,-87.65862914,1,1,0,Canvass,1891,RACINE,442.4116,253.2117,184.9732,1453.4381,1,94.78%,5.22%,4639
6356,6355,1434714,2269546,Risk 1 (High),60654,41.88959047,-87.63092289,1,1,0,Canvass,2010,CLARK,706.4445,215.5633,634.6618,292.2698,1,94.78%,5.22%,4640
3292,3291,1447367,1820895,Risk 1 (High),60606,41.87813818,-87.637065,1,1,0,Canvass,1958,WACKER,387.52,1138.1608,586.5144,1246.7859,1,94.78%,5.22%,4641
7717,7716,1497808,2359889,Risk 1 (High),60614,41.93135051,-87.64412118,1,1,0,License,1906,CLARK,498.3328,662.1511,149.5011,1224.686,1,94.78%,5.22%,4642
2335,2334,1490667,1475501,Risk 2 (Medium),60622,41.90679511,-87.66773167,1,1,0,Canvass,1912,ASHLAND,188.5969,215.1015,381.0682,1321.0808,1,94.79%,5.21%,4643
5952,5951,1474082,2220915,Risk 1 (High),60614,41.92387941,-87.64678377,1,1,0,Canvass,1895,LINCOLN,247.7134,320.3839,284.8047,1662.7531,1,94.79%,5.21%,4644
5990,5989,1199437,2231712,Risk 2 (Medium),60661,41.88104149,-87.64748384,1,0,0,Canvass,1968,HALSTED,414.232,905.0351,490.8842,783.3151,1,94.79%,5.21%,4645
5943,5942,1434683,2204174,Risk 2 (Medium),60654,41.89013639,-87.63065655,1,1,0,Short Form Complaint,2013,HUBBARD,689.725,270.8183,597.0223,185.5534,1,94.79%,5.21%,4646
7700,7699,1441486,2359431,Risk 1 (High),60657,41.94306979,-87.64921661,1,1,0,License,1911,HALSTED,176.1367,356.2706,300.9104,1138.7994,1,94.79%,5.21%,4647
535,534,1372699,23059,Risk 2 (Medium),60602,41.88332003,-87.63030327,1,1,0,Canvass,1965,WASHINGTON,407.8125,623.6097,606.3765,1212.6729,1,94.79%,5.21%,4648
7098,7097,1434914,2314721,Risk 1 (High),60616,41.83827011,-87.63746078,1,0,0,License,1998,31ST,249.6634,846.9959,677.2315,936.0506,1,94.79%,5.21%,4649
7697,7696,1497674,2359338,Risk 1 (High),60654,41.89244528,-87.63275537,1,1,0,License,1968,LA,623.615,667.7219,712.1475,1164.8674,1,94.79%,5.21%,4650
7027,7026,1434710,2313691,Risk 1 (High),60654,41.88959047,-87.63092289,1,1,0,License,2010,CLARK,337.2905,215.5633,634.6618,292.2698,1,94.79%,5.21%,4651
3000,2999,1459728,1718300,Risk 1 (High),60642,41.90450211,-87.64826687,1,1,0,Canvass,1947,HALSTED,313.6945,1352.3853,1119.3013,1707.1215,1,94.79%,5.21%,4652
4328,4327,1395329,2013325,Risk 2 (Medium),60642,41.90450211,-87.64826687,1,1,0,Complaint,1947,HALSTED,305.4233,1352.3853,1119.3013,1707.1215,1,94.79%,5.21%,4653
6348,6347,1471250,2269460,Risk 1 (High),60647,41.91728802,-87.7073727,1,1,0,Canvass,1883,ARMITAGE,316.9122,384.5083,313.7359,1219.8385,1,94.80%,5.20%,4654
2493,2492,1199444,1519128,Risk 1 (High),60661,41.88046315,-87.64080388,1,1,0,Canvass,1983,MONROE,606.8647,1063.1597,606.5245,723.1602,1,94.80%,5.20%,4655
5216,5215,1372694,2130009,Risk 2 (Medium),60603,41.87988544,-87.62921159,1,0,0,Canvass,2003,DEARBORN,269.646,641.9563,380.121,218.7321,1,94.80%,5.20%,4656
4404,4403,1199441,2026584,Risk 1 (High),60661,41.88046315,-87.64080388,1,1,0,Canvass,1983,MONROE,603.0519,1063.1597,606.5245,723.1602,1,94.80%,5.20%,4657
4122,4121,1441349,1981094,Risk 1 (High),60657,41.93720097,-87.64415793,1,1,0,Canvass,1886,BROADWAY,585.8463,392.7615,312.0703,1815.579,1,94.80%,5.20%,4658
4290,4289,1482254,2008501,Risk 2 (Medium),60640,41.97806215,-87.65820552,1,1,0,Canvass,1918,Berwyn,296.9337,616.9082,560.5062,858.3608,1,94.80%,5.20%,4659
2619,2618,1447406,1578633,Risk 1 (High),60606,41.88331956,-87.63437966,1,1,0,Canvass,1927,WASHINGTON,306.2958,344.8444,382.6229,1698.7859,1,94.80%,5.20%,4660
2820,2819,1372378,1648986,Risk 2 (Medium),60603,41.87988544,-87.62921159,1,1,0,Canvass,2003,DEARBORN,121.6704,641.9563,380.121,218.7321,1,94.80%,5.20%,4661
5740,5739,1459884,2185421,Risk 1 (High),60618,41.9414762,-87.68837416,1,1,0,Canvass,1891,WESTERN,80.7217,817.0275,297.7652,1025.3776,1,94.80%,5.20%,4662
6747,6746,1395474,2298687,Risk 1 (High),60622,41.89966419,-87.67578655,1,1,0,License,1915,WINCHESTER,637.2795,152.9112,284.3201,1153.6144,1,94.80%,5.20%,4663
3550,3549,1441238,1887559,Risk 2 (Medium),60657,41.9331996,-87.64917618,1,1,0,Canvass,1916,N,744.5795,521.1501,320.298,1187.3331,1,94.80%,5.20%,4664
968,967,1110421,37548,Risk 1 (High),60614,41.91817961,-87.65585984,1,1,0,Canvass,1893,ARMITAGE,231.3172,528.3169,210.9731,1559.4264,1,94.80%,5.20%,4665
558,557,1447507,23126,Risk 2 (Medium),60606,41.87961627,-87.63976452,1,1,0,Canvass,1999,CANAL,909.1423,1024.0011,786.0932,655.6502,1,94.80%,5.20%,4666
6445,6444,1493572,2278279,Risk 1 (High),60616,41.849954,-87.6320942,1,1,0,Canvass,1961,WENTWORTH,527.2459,624.1389,253.6113,1191.0562,1,94.80%,5.20%,4667
7689,7688,1497428,2359249,Risk 2 (Medium),60637,41.78975805,-87.59789009,1,1,0,License,1927,UNIVERSITY,313.4719,671.3237,1315.2857,4166.8488,1,94.80%,5.20%,4668
2933,2932,1460009,1682584,Risk 1 (High),60654,41.89324648,-87.6378703,0,0,0,Canvass,1939,ONTARIO,350.9354,510.1351,388.5036,1317.5305,1,94.80%,5.20%,4669
6525,6524,1325088,2283811,Risk 1 (High),60647,41.91024957,-87.68463449,1,1,0,Canvass,1894,NORTH,382.085,191.035,274.3323,1344.2202,1,94.80%,5.20%,4670
6437,6436,1439427,2278086,Risk 1 (High),60611,41.89019628,-87.62673545,1,0,0,Canvass,1991,HUBBARD,800.6128,359.094,747.581,891.782,1,94.81%,5.19%,4671
6864,6863,1401641,2304451,Risk 1 (High),60622,41.89966419,-87.67578655,1,1,0,License,1915,WINCHESTER,483.8284,152.9112,284.3201,1153.6144,1,94.81%,5.19%,4672
650,649,1395495,26855,Risk 1 (High),60614,41.91421884,-87.63495182,1,1,0,Canvass,1881,WELLS,708.2223,557.9523,128.7207,2044.5952,1,94.81%,5.19%,4673
3261,3260,1439348,1817131,Risk 1 (High),60611,41.89113974,-87.61880637,1,1,0,Canvass,1989,ILLINOIS,435.7261,380.6945,339.7869,527.3872,1,94.81%,5.19%,4674
1461,1460,1110422,71667,Risk 1 (High),60610,41.91104754,-87.63538198,1,1,0,Canvass,1928,NORTH,431.147,565.7203,338.8063,1353.7673,1,94.81%,5.19%,4675
3628,3627,1497899,1899388,Risk 2 (Medium),60611,41.89271058,-87.62013066,1,1,0,Canvass,1976,OHIO,374.0008,448.3136,531.3865,988.41,1,94.81%,5.19%,4676
2477,2476,1496591,1516815,Risk 1 (High),60614,41.92965482,-87.64312759,1,1,0,Canvass,1928,CLARK,134.487,551.2339,166.3791,860.332,1,94.81%,5.19%,4677
7475,7474,1439542,2341874,Risk 2 (Medium),60611,41.8982271,-87.62731078,1,1,0,License,1952,CHESTNUT,229.1156,523.6121,243.4262,976.4448,1,94.81%,5.19%,4678
416,415,1441367,18172,Risk 1 (High),60657,41.94342007,-87.65436004,1,1,0,Canvass,1896,SHEFFIELD,262.5928,332.4082,555.8388,1720.6076,1,94.81%,5.19%,4679
2668,2667,1496750,1594780,Risk 1 (High),60657,41.93388147,-87.6607731,1,1,0,Canvass,1891,LINCOLN,277.1197,283.6482,218.4001,1430.0183,1,94.81%,5.19%,4680
1791,1790,1228476,1145429,Risk 1 (High),60614,41.9261909,-87.65001746,1,1,0,Canvass,1894,LINCOLN,685.1466,401.6399,47.567,1388.0961,1,94.81%,5.19%,4681
466,465,1092818,20873,Risk 1 (High),60657,41.93700636,-87.66841861,1,1,0,Canvass,1891,ASHLAND,583.7743,759.849,129.7278,1172.709,1,94.81%,5.19%,4682
4266,4265,1199367,2004104,Risk 1 (High),60614,41.93272875,-87.64298721,1,1,0,Canvass,1921,DIVERSEY,209.6338,490.0431,416.9576,1284.3575,1,94.81%,5.19%,4683
3212,3211,1372593,1803058,Risk 1 (High),60602,41.88415864,-87.6325772,1,1,0,Canvass,1926,LA,1053.3927,443.8325,290.5477,1670.0848,1,94.81%,5.19%,4684
2830,2829,1493983,1649317,Risk 1 (High),60603,41.87967604,-87.62950228,1,1,1,Canvass,1895,DEARBORN,679.0706,623.7514,390.2019,179.7492,1,94.82%,5.18%,4685
6205,6204,1441404,2252720,Risk 1 (High),60657,41.93903281,-87.64494165,1,1,0,Canvass,1899,BRIAR,282.5282,471.9729,214.3353,1414.5475,1,94.82%,5.18%,4686
3683,3682,1387322,1909082,Risk 2 (Medium),60619,41.72930683,-87.60479254,1,1,0,Short Form Complaint,1925,COTTAGE,86.5548,253.1267,297.5007,3516.0598,1,94.82%,5.18%,4687
1281,1280,1329747,54441,Risk 2 (Medium),60639,41.90991058,-87.73269824,1,1,0,Canvass,1900,NORTH,248.9296,341.734,393.1155,735.1941,1,94.82%,5.18%,4688
524,523,1439601,23031,Risk 2 (Medium),60611,41.8933413,-87.61758915,1,0,0,Canvass,1974,ONTARIO,274.8974,400.0192,797.3727,1383.2898,1,94.82%,5.18%,4689
1013,1012,1447387,39265,Risk 1 (High),60606,41.88670922,-87.6347109,1,1,0,Canvass,1928,WACKER,242.9862,553.3017,470.0473,1756.0133,1,94.82%,5.18%,4690
5472,5471,1439388,2152581,Risk 1 (High),60611,41.8933413,-87.61758915,1,1,0,Canvass,1974,ONTARIO,241.97,400.0192,797.3727,1383.2898,1,94.82%,5.18%,4691
6148,6147,1453396,2246746,Risk 1 (High),60605,41.86535433,-87.62563916,1,1,0,Canvass,1912,WABASH,458.7931,231.313,160.1794,2068.0837,1,94.82%,5.18%,4692
2707,2706,1493547,1598177,Risk 1 (High),60647,41.92105542,-87.67788657,1,1,0,Canvass,1902,DAMEN,378.2058,452.2267,371.728,1287.3991,1,94.82%,5.18%,4693
3237,3236,1372690,1816513,Risk 2 (Medium),60603,41.87967604,-87.62950228,1,1,1,Canvass,1895,DEARBORN,501.1784,623.7514,390.2019,179.7492,1,94.82%,5.18%,4694
4892,4891,1372685,2093237,Risk 2 (Medium),60603,41.87975888,-87.62950352,1,1,1,Canvass,1895,DEARBORN,293.5315,639.5798,381.8365,161.2514,1,94.82%,5.18%,4695
4295,4294,1494052,2008652,Risk 1 (High),60654,41.88896196,-87.63090677,1,1,0,Canvass,2008,CLARK,317.0589,340.9171,700.476,451.7245,1,94.82%,5.18%,4696
547,546,1447513,23089,Risk 2 (Medium),60606,41.87949547,-87.63382966,1,1,0,Canvass,1985,ADAMS,430.1474,681.5131,782.5312,1059.033,1,94.83%,5.17%,4697
6707,6706,1155223,2294216,Risk 1 (High),60622,41.90308796,-87.6768564,1,1,0,Canvass,1896,Division,434.7541,304.9919,198.9237,1413.7511,1,94.83%,5.17%,4698
4728,4727,1490881,2069995,Risk 1 (High),60657,41.94081095,-87.66961181,1,1,0,Canvass,1938,LINCOLN,167.8699,414.3212,227.8086,313.8277,1,94.83%,5.17%,4699
6914,6913,1434514,2308003,Risk 1 (High),60614,41.92912424,-87.65333792,1,1,0,License,1916,WRIGHTWOOD,349.5407,442.3648,115.1371,962.7583,1,94.83%,5.17%,4700
6915,6914,1434518,2308004,Risk 1 (High),60614,41.92912424,-87.65333792,1,0,0,License,1916,WRIGHTWOOD,272.3658,442.3648,115.1371,962.7583,1,94.83%,5.17%,4701
651,650,1199478,26857,Risk 1 (High),60661,41.88558837,-87.64407985,1,1,0,Canvass,1926,LAKE,1130.0144,340.7013,626.9391,1954.1584,1,94.84%,5.16%,4702
2459,2458,1439397,1514664,Risk 1 (High),60611,41.89532082,-87.6256201,1,1,0,Canvass,1900,RUSH,134.1243,411.9131,198.0542,2080.7514,1,94.84%,5.16%,4703
4962,4961,1401374,2099561,Risk 1 (High),60620,41.73586034,-87.66601509,1,1,0,Canvass,1924,87TH,67.2029,511.0354,446.4893,2868.0903,1,94.84%,5.16%,4704
7178,7177,1434862,2320978,Risk 1 (High),60617,41.73685248,-87.58226144,1,1,0,License,1963,87TH,389.196,451.3653,69.6883,2737.3393,1,94.85%,5.15%,4705
1347,1346,1228470,60468,Risk 1 (High),60614,41.92606441,-87.64984102,1,1,0,Canvass,1894,N,177.3111,403.4973,54.7377,1434.8351,1,94.85%,5.15%,4706
7745,7744,1501288,2363293,Risk 1 (High),60618,41.93925593,-87.70226968,1,0,0,License,1896,BELMONT,201.8349,488.9205,383.0869,963.6825,1,94.85%,5.15%,4707
2505,2504,1401849,1542479,Risk 1 (High),60647,41.91744057,-87.67775724,1,1,0,Complaint,1879,DAMEN,708.6432,196.9498,139.4279,1592.0511,1,94.85%,5.15%,4708
6676,6675,1199429,2293822,Risk 1 (High),60661,41.87917056,-87.64179614,1,1,0,Canvass,1989,ADAMS,678.63,729.0034,775.8957,910.9145,1,94.85%,5.15%,4709
5053,5052,1474015,2114508,Risk 1 (High),60622,41.91044395,-87.67305724,1,1,0,Canvass,1924,NORTH,435.6355,201.232,184.5525,847.7741,1,94.85%,5.15%,4710
5114,5113,1493387,2120863,Risk 1 (High),60607,41.86936297,-87.65333596,1,1,0,Canvass,1869,TAYLOR,151.2066,969.4422,713.833,3190.6969,1,94.85%,5.15%,4711
7429,7428,1490953,2341070,Risk 2 (Medium),60614,41.93062311,-87.64401133,0,1,0,License,1912,CLARK,166.4095,536.8554,70.2563,1114.9314,1,94.85%,5.15%,4712
6294,6293,1496793,2262617,Risk 2 (Medium),60614,41.92268911,-87.64469334,1,1,0,Canvass,1891,LINCOLN,485.846,283.7088,43.6775,1609.9295,1,94.85%,5.15%,4713
7324,7323,1460151,2333366,Risk 3 (Low),60611,41.89209414,-87.61156988,1,1,0,License,1967,GRAND,630.9071,616.0097,1420.9223,2418.9496,1,94.85%,5.15%,4714
615,614,1493611,25257,Risk 1 (High),60618,41.93561351,-87.69260311,1,1,0,Canvass,1894,ELSTON,534.2906,644.4361,928.8869,1831.6614,1,94.85%,5.15%,4715
4234,4233,1296804,2002577,Risk 1 (High),60643,41.72103624,-87.66754505,1,1,0,Canvass,1943,95TH,475.9835,988.6758,733.1661,2943.7664,1,94.86%,5.14%,4716
3515,3514,1434883,1880021,Risk 1 (High),60649,41.76599,-87.57378734,1,1,1,Canvass,1918,71ST,793.237,334.1109,535.6041,1789.6588,1,94.86%,5.14%,4717
7811,7810,1512336,2368425,Risk 1 (High),60610,41.90153198,-87.63152607,1,1,0,License,1989,CLARK,390.7734,810.4101,666.8102,695.9031,1,94.86%,5.14%,4718
5542,5541,1464381,2157451,Risk 1 (High),60626,42.00869233,-87.66634975,1,1,0,Canvass,1921,GLENWOOD,21087.1053,390.4025,354.1047,1100.5927,1,94.86%,5.14%,4719
6804,6803,1393261,2299531,Risk 1 (High),60614,41.91336686,-87.65305079,1,1,0,License,1891,SHEFFIELD,173.4493,471.6777,228.5707,1790.7747,1,94.86%,5.14%,4720
622,621,1459491,25602,Risk 1 (High),60614,41.9136838,-87.65359204,1,1,0,Canvass,1886,CLYBOURN,385.0402,430.0101,213.1556,1876.8543,1,94.86%,5.14%,4721
6678,6677,1395792,2293828,Risk 1 (High),60618,41.94332514,-87.67851443,1,0,0,License,1891,ROSCOE,21087.1053,298.5328,217.7784,2020.1058,1,94.86%,5.14%,4722
5194,5193,1496735,2129491,Risk 1 (High),60657,41.9344143,-87.64602065,1,1,0,Canvass,1891,CLARK,266.9295,444.0718,435.5687,1939.1277,1,94.86%,5.14%,4723
4296,4295,1296836,2008699,Risk 1 (High),60643,41.72103846,-87.66739768,1,1,0,Canvass,1943,95TH,176.4105,968.8134,720.1758,2926.6134,1,94.86%,5.14%,4724
4832,4831,1092779,2084927,Risk 1 (High),60657,41.94002652,-87.65388932,1,1,0,Canvass,1911,BELMONT,246.8337,426.9703,169.3293,1058.2447,1,94.86%,5.14%,4725
618,617,1473907,25496,Risk 1 (High),60611,41.89209414,-87.61156988,1,1,0,Canvass,1967,GRAND,389.2074,616.0097,1420.9223,2418.9496,1,94.86%,5.14%,4726
7305,7304,1459913,2328610,Risk 2 (Medium),60611,41.89209414,-87.61156988,1,1,0,License,1967,GRAND,374.7105,616.0097,1420.9223,2418.9496,1,94.86%,5.14%,4727
7334,7333,1473261,2333610,Risk 1 (High),60640,41.9689839,-87.65467275,1,1,0,License,1906,SHERIDAN,444.0035,590.759,547.0738,1323.6179,1,94.86%,5.14%,4728
3928,3927,1441250,1954681,Risk 1 (High),60657,41.94343231,-87.66891276,1,1,0,Complaint,1896,Ashland,552.1567,360.6334,280.96,1285.2836,1,94.86%,5.14%,4729
739,738,1496745,30543,Risk 1 (High),60614,41.91732376,-87.65824745,1,1,0,Canvass,1881,CLYBOURN,173.2094,804.8547,253.479,1902.707,1,94.86%,5.14%,4730
663,662,1441355,27298,Risk 1 (High),60657,41.94239785,-87.66374117,1,1,0,Canvass,1881,SOUTHPORT,78.1558,371.1948,404.2934,1799.473,1,94.86%,5.14%,4731
4202,4201,1473932,1992573,Risk 1 (High),60608,41.85262495,-87.65491858,1,1,0,Canvass,1935,CERMAK,275.4306,1223.963,882.1204,2189.1058,1,94.86%,5.14%,4732
2970,2969,1439313,1698732,Risk 2 (Medium),60611,41.89209414,-87.61156988,1,1,0,Canvass,1967,GRAND,252.7627,616.0097,1420.9223,2418.9496,1,94.86%,5.14%,4733
3014,3013,1439330,1737477,Risk 2 (Medium),60611,41.89209414,-87.61156988,1,0,0,Canvass,1967,GRAND,235.0361,616.0097,1420.9223,2418.9496,1,94.86%,5.14%,4734
623,622,1441353,25671,Risk 1 (High),60657,41.93720667,-87.65902155,1,1,0,Canvass,1901,RACINE,21087.1053,458.8411,368.0269,2322.1687,1,94.87%,5.13%,4735
4776,4775,1402172,2079224,Risk 1 (High),60614,41.93272356,-87.64324938,1,1,0,Canvass,1921,DIVERSEY,195.9789,491.4598,377.0802,1329.2428,1,94.88%,5.12%,4736
1379,1378,1497208,63936,Risk 1 (High),60614,41.93299476,-87.64064048,1,1,0,Canvass,1921,DIVERSEY,447.9978,643.196,160.3075,1105.1621,1,94.88%,5.12%,4737
4980,4979,1393301,2103725,Risk 2 (Medium),60614,41.92557754,-87.64777376,1,1,0,Canvass,1891,FULLERTON,382.3661,585.7707,182.1983,1721.7137,1,94.88%,5.12%,4738
6631,6630,1402038,2290074,Risk 1 (High),60637,41.78994306,-87.59627578,1,0,0,License,1927,WOODLAWN,310.5651,565.9281,1045.3655,3988.3781,1,94.88%,5.12%,4739
3048,3047,1473849,1740805,Risk 2 (Medium),60643,41.70645424,-87.67053217,1,1,0,Canvass,1957,103RD,358.6419,284.6687,1132.0384,3315.9591,1,94.88%,5.12%,4740
1012,1011,1393290,39259,Risk 1 (High),60614,41.92557595,-87.64785831,1,1,0,Canvass,1891,FULLERTON,247.7134,582.8373,178.4958,1714.2977,1,94.88%,5.12%,4741
5810,5809,1497288,2196162,Risk 2 (Medium),60609,41.81593298,-87.66529633,1,1,0,Canvass,1913,ASHLAND,239.8565,639.9753,791.12,2806.514,1,94.88%,5.12%,4742
3633,3632,1393318,1903208,Risk 1 (High),60614,41.93271736,-87.6435639,1,1,0,Canvass,1918,DIVERSEY,1333.0981,487.2589,330.1233,1386.0313,1,94.88%,5.12%,4743
3383,3382,1307379,1846423,Risk 1 (High),60629,41.77932168,-87.68688342,1,1,0,Canvass,1922,63RD,267.4143,195.9166,200.2194,2013.6045,1,94.88%,5.12%,4744
3007,3006,1439504,1718928,Risk 1 (High),60611,41.89790609,-87.62703233,1,1,0,Canvass,1952,WABASH,583.1648,427.2853,240.607,1111.3235,1,94.88%,5.12%,4745
3213,3212,1395541,1803060,Risk 1 (High),60601,41.88436319,-87.63257407,1,1,0,Canvass,1926,RANDOLPH,477.5681,426.1534,274.7706,1737.6615,1,94.89%,5.11%,4746
1011,1010,1496785,39237,Risk 1 (High),60614,41.93174093,-87.65735328,1,1,0,Canvass,1919,2749,208.8838,535.8579,170.0578,959.792,1,94.89%,5.11%,4747
3620,3619,1467458,1898506,Risk 1 (High),60607,41.86888971,-87.63909893,1,1,0,Canvass,1941,CANAL,683.9334,1224.0206,1165.5744,2511.1659,1,94.89%,5.11%,4748
7065,7064,1512899,2314185,Risk 1 (High),60601,41.88582829,-87.62613826,1,0,0,License,1928,WABASH,1038.5133,559.6738,329.2256,1848.4696,1,94.89%,5.11%,4749
6404,6403,1199423,2271476,Risk 1 (High),60661,41.88069925,-87.63972503,1,1,0,Canvass,1991,MONROE,182.1921,1139.3989,652.6559,744.6063,1,94.89%,5.11%,4750
1462,1461,1462209,71700,Risk 1 (High),60625,41.96854378,-87.68607229,1,1,0,Canvass,1898,LAWRENCE,423.4536,820.9238,623.6582,1192.7106,1,94.89%,5.11%,4751
2626,2625,1447438,1579365,Risk 1 (High),60661,41.88069925,-87.63972503,1,1,0,Canvass,1991,MONROE,175.3156,1139.3989,652.6559,744.6063,1,94.89%,5.11%,4752
6129,6128,1385309,2245953,Risk 2 (Medium),60639,41.90970245,-87.73180042,1,1,0,Canvass,1913,NORTH,311.4383,302.574,309.207,501.934,1,94.89%,5.11%,4753
7537,7536,1480219,2349597,Risk 1 (High),60623,41.84418037,-87.72159139,1,0,0,License,1908,26TH,574.1129,150.355,767.8025,1932.2958,1,94.89%,5.11%,4754
4364,4363,1493514,2017847,Risk 1 (High),60614,41.93253118,-87.65370948,1,1,0,Canvass,1916,DIVERSEY,2824.0275,430.7875,324.7883,1367.3772,1,94.89%,5.11%,4755
1044,1043,1439445,40668,Risk 1 (High),60611,41.90148853,-87.62801242,1,1,0,Canvass,1971,RUSH,48.7434,495.727,326.9513,766.1864,1,94.89%,5.11%,4756
7558,7557,1385750,2350122,Risk 2 (Medium),60639,41.90970245,-87.73180042,1,1,0,License,1913,NORTH,202.4579,302.574,309.207,501.934,1,94.89%,5.11%,4757
7074,7073,1512885,2314236,Risk 1 (High),60601,41.88582829,-87.62613826,1,0,0,License,1928,WABASH,755.1602,559.6738,329.2256,1848.4696,1,94.89%,5.11%,4758
2739,2738,1155214,1620385,Risk 1 (High),60622,41.91596941,-87.66995938,1,1,0,Canvass,1891,CORTLAND,499.4173,502.6404,463.6641,1892.7462,1,94.89%,5.11%,4759
1647,1646,1325126,1047032,Risk 2 (Medium),60647,41.91737388,-87.69784151,1,1,0,Complaint,1879,Armitage,938.7909,390.9847,115.7109,1366.1244,1,94.90%,5.10%,4760
2355,2354,1473296,1477723,Risk 1 (High),60622,41.91005984,-87.67719123,1,1,0,Canvass,1908,MILWAUKEE,915.489,261.495,212.8299,1241.9686,1,94.90%,5.10%,4761
5732,5731,1441452,2185077,Risk 1 (High),60616,41.84880484,-87.63177773,1,1,0,Canvass,1974,WENTWORTH,445.8403,819.3991,339.0647,1170.0891,1,94.90%,5.10%,4762
3675,3674,1473243,1908616,Risk 1 (High),60654,41.88994931,-87.62837357,1,1,1,Canvass,1911,HUBBARD,749.3333,360.8438,831.4379,443.2488,1,94.90%,5.10%,4763
6637,6636,1480238,2290196,Risk 2 (Medium),60623,41.84417514,-87.72204722,1,1,0,Canvass,1904,26TH,544.669,184.6374,726.2314,1965.0057,1,94.90%,5.10%,4764
7073,7072,1512902,2314234,Risk 1 (High),60601,41.88582829,-87.62613826,1,0,0,License,1928,WABASH,626.2066,559.6738,329.2256,1848.4696,1,94.90%,5.10%,4765
4590,4589,1358276,2055118,Risk 1 (High),60608,41.86287332,-87.68663464,1,1,0,Canvass,1894,14TH,121.7788,1518.8951,453.5591,2024.9607,1,94.90%,5.10%,4766
5509,5508,1467449,2153463,Risk 1 (High),60607,41.86888971,-87.63909893,1,1,0,Canvass,1941,CANAL,195.0449,1224.0206,1165.5744,2511.1659,1,94.90%,5.10%,4767
3262,3261,1439449,1817133,Risk 1 (High),60611,41.89506079,-87.62350751,1,1,0,Canvass,1926,HURON,148.5402,766.3455,523.6321,2037.5529,1,94.90%,5.10%,4768
7068,7067,1512900,2314219,Risk 1 (High),60601,41.88582829,-87.62613826,0,1,0,License,1928,WABASH,541.8308,559.6738,329.2256,1848.4696,1,94.90%,5.10%,4769
7076,7075,1512884,2314239,Risk 1 (High),60601,41.88582829,-87.62613826,1,0,0,License,1928,WABASH,533.8304,559.6738,329.2256,1848.4696,1,94.90%,5.10%,4770
2523,2522,1401713,1544559,Risk 1 (High),60643,41.70263855,-87.68164578,1,1,0,Canvass,1931,WESTERN,670.6964,1220.399,1825.4469,4545.4687,1,94.90%,5.10%,4771
298,297,1490849,12016,Risk 2 (Medium),60643,41.72093183,-87.65094179,1,1,0,Complaint,1985,VINCENNES,164.5714,1010.832,770.988,2409.4318,1,94.90%,5.10%,4772
222,221,1473578,8014,Risk 1 (High),60642,41.90345826,-87.65311798,1,1,0,Canvass,1956,DIVISION,307.7684,1650.6,1038.3097,1519.4462,1,94.90%,5.10%,4773
7069,7068,1512898,2314220,Risk 1 (High),60601,41.88582829,-87.62613826,1,0,0,License,1928,WABASH,398.5991,559.6738,329.2256,1848.4696,1,94.90%,5.10%,4774
7079,7078,1512882,2314249,Risk 1 (High),60601,41.88582829,-87.62613826,1,0,0,License,1928,WABASH,383.6663,559.6738,329.2256,1848.4696,1,94.90%,5.10%,4775
1218,1217,1453240,49694,Risk 1 (High),60604,41.8775935,-87.62858706,1,1,0,Canvass,1990,PLYMOUTH,463.1435,433.891,594.0421,957.6651,1,94.90%,5.10%,4776
972,971,1439490,37655,Risk 1 (High),60611,41.89953903,-87.623989,1,1,0,Canvass,1972,MICHIGAN,1023.0276,388.5289,506.3417,1098.9225,1,94.91%,5.09%,4777
7070,7069,1512897,2314229,Risk 1 (High),60601,41.88582829,-87.62613826,1,0,0,License,1928,WABASH,348.2487,559.6738,329.2256,1848.4696,1,94.91%,5.09%,4778
3062,3061,1325130,1742271,Risk 1 (High),60647,41.91761294,-87.69591487,1,1,0,Canvass,1889,ARMITAGE,67.3699,443.384,394.1434,1495.3142,1,94.91%,5.09%,4779
7072,7071,1512886,2314233,Risk 1 (High),60601,41.88582829,-87.62613826,1,0,0,License,1928,WABASH,289.8599,559.6738,329.2256,1848.4696,1,94.91%,5.09%,4780
6693,6692,1473279,2294011,Risk 1 (High),60622,41.91014406,-87.67687503,1,1,0,Canvass,1908,MILWAUKEE,515.1143,269.1969,224.7784,1260.2124,1,94.91%,5.09%,4781
7149,7148,1512906,2320391,Risk 1 (High),60601,41.88582829,-87.62613826,1,0,0,License,1928,WABASH,279.4618,559.6738,329.2256,1848.4696,1,94.91%,5.09%,4782
1125,1124,1473828,44517,Risk 1 (High),60654,41.89075095,-87.62818127,1,1,1,Canvass,1894,STATE,339.1766,228.9099,639.9193,565.8025,1,94.91%,5.09%,4783
393,392,1441256,17147,Risk 1 (High),60657,41.93972219,-87.66367245,1,1,0,Canvass,1891,SOUTHPORT,268.7964,347.8918,303.8895,1580.5151,1,94.91%,5.09%,4784
7082,7081,1512881,2314275,Risk 1 (High),60601,41.88582829,-87.62613826,1,0,0,License,1928,WABASH,240.9,559.6738,329.2256,1848.4696,1,94.91%,5.09%,4785
7081,7080,1512904,2314274,Risk 1 (High),60601,41.88582829,-87.62613826,1,0,0,License,1928,WABASH,236.023,559.6738,329.2256,1848.4696,1,94.91%,5.09%,4786
6189,6188,1460177,2252373,Risk 1 (High),60622,41.90992611,-87.67653436,1,1,0,Canvass,1907,MILWAUKEE,458.3664,283.7073,216.2613,1277.8075,1,94.91%,5.09%,4787
7071,7070,1512901,2314230,Risk 1 (High),60601,41.88582829,-87.62613826,1,0,0,License,1928,WABASH,179.1491,559.6738,329.2256,1848.4696,1,94.91%,5.09%,4788
7080,7079,1512907,2314250,Risk 1 (High),60601,41.88582829,-87.62613826,1,0,0,License,1928,WABASH,177.6027,559.6738,329.2256,1848.4696,1,94.91%,5.09%,4789
7075,7074,1512903,2314238,Risk 1 (High),60601,41.88582829,-87.62613826,0,1,0,License,1928,WABASH,115.9985,559.6738,329.2256,1848.4696,1,94.91%,5.09%,4790
7215,7214,1418297,2326696,Risk 2 (Medium),60657,41.94319768,-87.65405955,1,1,0,License,1911,SHEFFIELD,214.5495,321.756,582.4852,1605.5452,1,94.91%,5.09%,4791
7807,7806,1512208,2368190,Risk 1 (High),60614,41.92705136,-87.66835948,0,1,0,License,1908,ASHLAND,259.6382,304.1911,186.9858,1163.5711,1,94.91%,5.09%,4792
6234,6233,1402023,2254325,Risk 1 (High),60654,41.88887789,-87.6326624,1,1,0,Canvass,1989,LA,382.9345,289.2345,589.6236,832.3273,1,94.91%,5.09%,4793
541,540,1447500,23071,Risk 2 (Medium),60606,41.87856015,-87.63652387,1,1,0,Canvass,1974,WACKER,525.938,1059.1697,672.0239,1236.4,1,94.91%,5.09%,4794
6996,6995,1513154,2309118,Risk 2 (Medium),60611,41.89894854,-87.62397499,1,1,0,License,1969,MICHIGAN,1710.8957,404.3009,457.1987,1148.0283,1,94.91%,5.09%,4795
3771,3770,1447272,1927165,Risk 1 (High),60606,41.87748908,-87.63504471,1,1,0,Canvass,1989,FRANKLIN,21087.1053,765.6199,517.6153,1634.516,1,94.92%,5.08%,4796
1142,1141,1447306,45113,Risk 1 (High),60606,41.87856015,-87.63652387,1,1,0,Canvass,1974,WACKER,423.4536,1059.1697,672.0239,1236.4,1,94.92%,5.08%,4797
3003,3002,1453509,1718674,Risk 1 (High),60607,41.8843278,-87.65845724,1,1,0,Canvass,1958,RANDOLPH,134.9475,604.8719,998.2189,1632.0965,1,94.92%,5.08%,4798
915,914,1473282,34828,Risk 1 (High),60622,41.90978082,-87.67630724,1,1,0,Canvass,1910,MILWAUKEE,1284.4909,274.6553,234.7106,1292.5053,1,94.92%,5.08%,4799
5061,5060,1447315,2114629,Risk 1 (High),60606,41.88376064,-87.63402031,1,1,0,Canvass,1927,WELLS,197.8043,313.8612,275.7216,1754.0574,1,94.92%,5.08%,4800
5556,5555,1434463,2158031,Risk 1 (High),60614,41.9330041,-87.64018629,1,0,0,License,1929,DIVERSEY,906.6741,691.1917,213.2326,1095.91,1,94.92%,5.08%,4801
2460,2459,1473429,1514750,Risk 1 (High),60614,41.91364779,-87.65292395,1,1,0,Canvass,1891,WILLOW,422.9092,471.1162,196.7231,1865.7176,1,94.92%,5.08%,4802
5989,5988,1401405,2231682,Risk 1 (High),60622,41.90520009,-87.66957875,1,1,0,Canvass,1890,MILWAUKEE,360.8231,139.6492,183.7817,1752.8973,1,94.93%,5.07%,4803
973,972,1439491,37656,Risk 1 (High),60611,41.89953903,-87.623989,1,0,0,Canvass,1972,MICHIGAN,244.7577,388.5289,506.3417,1098.9225,1,94.93%,5.07%,4804
1029,1028,1501355,39994,Risk 2 (Medium),60614,41.93271525,-87.64367133,1,1,0,Canvass,1918,DIVERSEY,811.3991,484.8505,307.9861,1406.0995,1,94.93%,5.07%,4805
5999,5998,1092900,2231862,Risk 1 (High),60657,41.93603915,-87.65382872,1,1,0,Canvass,1897,SHEFFIELD,421.3627,404.1181,409.3981,1780.0582,1,94.93%,5.07%,4806
605,604,1459383,25098,Risk 1 (High),60614,41.92173964,-87.66436142,1,1,0,Canvass,1881,CLYBOURN,1371.3521,433.5303,164.5177,1849.5716,1,94.93%,5.07%,4807
4718,4717,1435205,2069691,Risk 1 (High),60632,41.80922222,-87.70416556,1,1,0,Canvass,1955,KEDZIE,145.4029,324.1331,837.3298,1645.8624,1,94.93%,5.07%,4808
5819,5818,1496766,2196365,Risk 1 (High),60614,41.91794496,-87.65687914,1,1,0,Canvass,1889,ARMITAGE,464.5118,602.9629,72.3643,1662.8537,1,94.93%,5.07%,4809
5189,5188,1496326,2129321,Risk 1 (High),60614,41.92176244,-87.65932632,1,0,0,Canvass,1881,1224,169.7075,556.5263,145.2911,1838.1121,1,94.93%,5.07%,4810
3875,3874,1459496,1947809,Risk 1 (High),60610,41.89964611,-87.63480845,1,1,0,Canvass,1959,WALTON,741.3827,765.0664,585.4291,1315.4372,1,94.93%,5.07%,4811
6424,6423,1307321,2277702,Risk 2 (Medium),60629,41.77909968,-87.68705997,1,1,0,Canvass,1926,63RD,580.9735,245.0172,209.1966,2027.6461,1,94.93%,5.07%,4812
7325,7324,1447458,2333405,Risk 2 (Medium),60606,41.88270035,-87.63663756,1,0,0,License,1962,WACKER,540.7785,550.3573,657.9969,1486.9602,1,94.93%,5.07%,4813
6527,6526,1447475,2283871,Risk 1 (High),60607,41.88227153,-87.66589351,1,1,0,Canvass,1934,WARREN,704.3693,542.4649,621.6163,1640.0515,1,94.93%,5.07%,4814
6070,6069,1325141,2240033,Risk 1 (High),60647,41.91034991,-87.67885054,1,1,0,Canvass,1913,NORTH,905.7886,413.6384,217.5548,1167.736,1,94.93%,5.07%,4815
4768,4767,1473824,2078888,Risk 1 (High),60616,41.83100809,-87.63493249,1,1,0,Canvass,1989,35TH,21087.1053,1226.3162,1394.2842,3120.5842,1,94.93%,5.07%,4816
5223,5222,1387349,2130210,Risk 2 (Medium),60619,41.73652664,-87.60581268,1,1,0,Canvass,1992,87TH,470.4341,237.3144,668.7925,2710.2882,1,94.93%,5.07%,4817
2684,2683,1497635,1595847,Risk 2 (Medium),60602,41.88216119,-87.62771794,1,1,1,Canvass,1906,MADISON,21087.1053,446.1746,409.0972,1003.2364,1,94.94%,5.06%,4818
6389,6388,1387376,2270677,Risk 1 (High),60628,41.72180414,-87.61399412,1,1,0,Canvass,1951,DR,560.0018,895.3703,288.2188,3088.2708,1,94.94%,5.06%,4819
1338,1337,1512617,59444,Risk 2 (Medium),60614,41.9241881,-87.65492898,1,1,0,Canvass,1896,KENMORE,312.0397,854.6587,533.7105,2031.9345,1,94.94%,5.06%,4820
7814,7813,1512721,2368646,Risk 1 (High),60608,41.85777101,-87.67611957,1,1,0,License,1879,18TH,355.989,539.2114,191.1434,2346.8899,1,94.94%,5.06%,4821
7192,7191,1408227,2321211,Risk 1 (High),60622,41.90398223,-87.66723402,1,1,0,License,1894,MILWAUKEE,655.0982,449.573,219.5555,1771.6458,1,94.94%,5.06%,4822
5555,5554,1434459,2158028,Risk 1 (High),60614,41.9330041,-87.64018629,1,1,0,License,1929,DIVERSEY,209.6189,691.1917,213.2326,1095.91,1,94.94%,5.06%,4823
5986,5985,1453320,2230617,Risk 1 (High),60605,41.87360829,-87.63050029,1,0,0,License Re-Inspection,1952,CLARK,206.7483,523.294,205.5882,1321.942,1,94.94%,5.06%,4824
5809,5808,1473970,2196054,Risk 1 (High),60625,41.96825393,-87.68817247,1,1,0,Canvass,1911,LINCOLN,733.5875,649.4387,451.5356,807.392,1,94.94%,5.06%,4825
637,636,1459507,26266,Risk 1 (High),60614,41.92185463,-87.65309487,1,1,0,Canvass,1927,WEBSTER,110.0156,386.8676,201.5173,1079.9272,1,94.94%,5.06%,4826
1004,1003,1305573,38805,Risk 1 (High),60608,41.85791848,-87.66550671,1,1,0,Canvass,1879,18th,430.3772,481.5068,533.5222,2907.503,1,94.94%,5.06%,4827
3749,3748,1107146,1922783,Risk 1 (High),60640,41.97314767,-87.65895612,1,1,0,Canvass,1914,ARGYLE,280.7263,332.8985,526.5029,1181.6665,1,94.95%,5.05%,4828
1111,1110,1493409,43804,Risk 1 (High),60613,41.96150784,-87.66733112,1,1,0,Canvass,1911,MONTROSE,148.7215,326.9028,638.4032,1373.5802,1,94.95%,5.05%,4829
6521,6520,1434921,2283739,Risk 1 (High),60614,41.92611888,-87.64949251,1,1,0,Canvass,1906,LINCOLN,1090.0962,373.3615,83.7042,1421.0597,1,94.95%,5.05%,4830
6011,6010,1152057,2232185,Risk 2 (Medium),60636,41.79344425,-87.67388413,1,1,0,Complaint,1925,GARFIELD,290.8128,596.9217,345.2453,2239.7871,1,94.95%,5.05%,4831
2227,2226,1473963,1422517,Risk 1 (High),60625,41.96840533,-87.68827182,1,1,0,Canvass,1914,LINCOLN,353.7813,658.4867,461.4073,747.3867,1,94.95%,5.05%,4832
6589,6588,1107106,2289027,Risk 1 (High),60640,41.97221356,-87.6596091,1,1,0,Canvass,1932,BROADWAY,546.621,318.9352,508.944,813.6309,1,94.95%,5.05%,4833
6677,6676,1439424,2293826,Risk 1 (High),60611,41.89186605,-87.62294533,1,1,0,Canvass,1966,GRAND,468.1326,626.8399,263.7815,1051.4682,1,94.95%,5.05%,4834
3721,3720,1447505,1914443,Risk 2 (Medium),60606,41.87767514,-87.63970129,1,1,0,Canvass,1989,CANAL,424.1968,650.6928,883.242,1235.7911,1,94.95%,5.05%,4835
4317,4316,1497247,2009449,Risk 2 (Medium),60601,41.88459085,-87.62923601,1,1,0,Canvass,1949,RANDOLPH,205.9653,530.4845,514.2613,1685.8464,1,94.96%,5.04%,4836
5179,5178,1307353,2129036,Risk 2 (Medium),60636,41.78685601,-87.66442912,1,1,0,Complaint,1953,59TH,479.9689,203.5074,437.8848,2011.8953,1,94.96%,5.04%,4837
3157,3156,1152162,1798436,Risk 2 (Medium),60637,41.77870862,-87.60554714,1,1,0,Canvass,1997,64th,527.1686,393.6187,638.0433,2197.1236,1,94.96%,5.04%,4838
3350,3349,1501274,1842214,Risk 2 (Medium),60611,41.89593592,-87.61887289,1,1,0,Canvass,1973,SUPERIOR,933.323,1092.0279,761.2912,1512.461,1,94.96%,5.04%,4839
4508,4507,1447369,2042226,Risk 1 (High),60606,41.87797514,-87.63842217,1,1,0,Canvass,1983,RIVERSIDE,387.52,961.7385,725.1291,1164.9949,1,94.96%,5.04%,4840
7651,7650,1497163,2358535,Risk 2 (Medium),60614,41.9248928,-87.6481984,1,1,0,License,1891,LINCOLN,466.9076,649.0322,186.6175,1849.1889,1,94.96%,5.04%,4841
7226,7225,1459462,2326845,Risk 2 (Medium),60618,41.94011054,-87.69958255,1,1,0,License,1928,ELSTON,437.5468,451.2323,466.299,617.9089,1,94.96%,5.04%,4842
3286,3285,1491029,1820524,Risk 1 (High),60637,41.77868683,-87.6057456,1,1,0,Canvass,1997,COTTAGE,560.5552,366.4111,618.4236,2178.4386,1,94.96%,5.04%,4843
136,135,1493664,3914,Risk 1 (High),60623,41.844456,-87.71747987,1,1,0,Canvass,1904,26TH,461.7237,140.5717,612.5782,1985.4742,1,94.96%,5.04%,4844
5118,5117,1402002,2120975,Risk 2 (Medium),60647,41.92981811,-87.70886554,1,1,0,Canvass,1900,MILWAUKEE,512.8407,390.2821,445.5347,1154.807,1,94.96%,5.04%,4845
4796,4795,1494225,2083412,Risk 1 (High),60623,41.85178469,-87.69610494,1,1,0,Canvass,1909,CERMAK,451.9768,420.3653,96.2532,1461.174,1,94.96%,5.04%,4846
6741,6740,1434925,2298604,Risk 1 (High),60614,41.92611888,-87.64949251,1,0,0,License,1906,LINCOLN,481.3451,373.3615,83.7042,1421.0597,1,94.96%,5.04%,4847
5071,5070,1496609,2114968,Risk 1 (High),60622,41.91038975,-87.67665877,1,1,0,Canvass,1909,NORTH,383.3907,291.6513,189.2087,1279.5541,1,94.96%,5.04%,4848
4911,4910,1493757,2093910,Risk 2 (Medium),60620,41.73633471,-87.62864522,1,1,0,Canvass,1974,87TH,480.0205,403.6785,874.0793,3057.908,1,94.96%,5.04%,4849
534,533,1439594,23055,Risk 2 (Medium),60611,41.89071448,-87.62426987,1,1,0,Canvass,1976,MICHIGAN,300.3492,900.022,553.817,1191.4419,1,94.97%,5.03%,4850
2821,2820,1324940,1649129,Risk 1 (High),60612,41.87884869,-87.6774065,1,1,0,Canvass,1871,ADAMS,338.1075,851.6683,736.0152,2969.402,1,94.97%,5.03%,4851
6357,6356,1408229,2269608,Risk 1 (High),60642,41.8908595,-87.65902419,1,1,0,Canvass,1891,OGDEN,338.1641,540.427,190.4572,2063.8027,1,94.97%,5.03%,4852
3777,3776,1491194,1927470,Risk 1 (High),60614,41.93277107,-87.65250565,1,1,0,Complaint,1921,DIVERSEY,2602.8886,307.0711,163.0997,1218.4477,1,94.98%,5.02%,4853
275,274,1228468,10468,Risk 1 (High),60614,41.92603756,-87.64937908,1,1,0,Canvass,1906,LINCOLN,196.7687,385.763,99.9574,1453.8199,1,94.98%,5.02%,4854
1103,1102,1372460,43599,Risk 1 (High),60611,41.89189708,-87.62401629,1,1,0,Complaint,1966,MICHIGAN,970.7679,841.0515,438.7175,1293.7762,1,94.98%,5.02%,4855
3488,3487,1473449,1875095,Risk 1 (High),60614,41.93236972,-87.66362491,1,1,0,Canvass,1914,DIVERSEY,177.5175,612.331,337.3621,1310.9948,1,94.98%,5.02%,4856
6466,6465,1325237,2278955,Risk 2 (Medium),60612,41.87623716,-87.70093102,1,1,0,Complaint,1899,SACRAMENTO,915.489,390.362,765.7989,2216.0654,1,94.98%,5.02%,4857
338,337,1439494,13685,Risk 1 (High),60611,41.89571882,-87.61873143,1,1,0,Canvass,1973,SUPERIOR,363.1762,1083.2811,817.9657,1597.8907,1,94.98%,5.02%,4858
2136,2135,1092941,1354173,Risk 1 (High),60657,41.93979963,-87.66916367,1,1,0,Complaint,1957,BELMONT,209.927,430.3964,282.5279,238.9757,1,94.98%,5.02%,4859
5938,5937,1447317,2204045,Risk 2 (Medium),60607,41.88156707,-87.65401752,1,1,0,Canvass,1951,MADISON,305.1978,547.879,384.9646,1234.157,1,94.98%,5.02%,4860
6825,6824,1396172,2303853,Risk 1 (High),60606,41.88575873,-87.63378405,1,1,0,License,1930,WELLS,631.5589,215.8181,325.0232,1857.5541,1,94.98%,5.02%,4861
1915,1914,1490911,1243021,Risk 1 (High),60632,41.80089564,-87.69414412,1,1,0,Canvass,1965,CALIFORNIA,21087.1053,476.9267,549.1396,2233.742,1,94.98%,5.02%,4862
5692,5691,1497693,2183765,Risk 2 (Medium),60601,41.88436188,-87.63316454,1,0,0,Canvass,1926,RANDOLPH,1998.5619,295.8029,155.0478,1808.1045,1,94.98%,5.02%,4863
6852,6851,1395730,2304342,Risk 2 (Medium),60628,41.72180876,-87.62524189,1,1,0,License,2005,95TH,136.4741,728.3989,576.2673,2247.4531,1,94.98%,5.02%,4864
620,619,1473660,25582,Risk 1 (High),60608,41.85201491,-87.69513126,1,1,0,Canvass,1923,CERMAK,1089.2479,408.0536,342.5684,1541.3488,1,94.98%,5.02%,4865
2414,2413,1493774,1492765,Risk 2 (Medium),60608,41.83794297,-87.65099272,1,1,0,Canvass,1903,MORGAN,178.2988,334.5764,512.8305,2838.9686,1,94.98%,5.02%,4866
818,817,1473896,33214,Risk 1 (High),60614,41.92192497,-87.66461957,1,1,0,Canvass,1881,CLYBOURN,328.0317,431.8581,140.3109,1865.3474,1,94.99%,5.01%,4867
3394,3393,1512932,1847197,Risk 2 (Medium),60632,41.81484955,-87.70323939,1,1,0,Canvass,1923,ARCHER,999.9241,261.7235,507.9849,1995.2984,1,94.99%,5.01%,4868
6481,6480,1498011,2279248,Risk 2 (Medium),60623,41.85174586,-87.69874325,1,1,0,Canvass,1918,CERMAK,222.6242,612.7747,231.7847,1419.7537,1,94.99%,5.01%,4869
5435,5434,1434490,2147539,Risk 1 (High),60654,41.88907284,-87.63295047,1,1,0,Canvass,1989,KINZIE,257.412,306.4928,536.1277,871.5489,1,94.99%,5.01%,4870
6458,6457,1459570,2278792,Risk 2 (Medium),60642,41.89622326,-87.66472119,1,1,0,Canvass,1889,Chicago,716.9885,450.9956,128.0371,1947.2058,1,94.99%,5.01%,4871
4887,4886,1494214,2092998,Risk 1 (High),60623,41.84634103,-87.71328711,1,1,0,Canvass,1907,25TH,643.1219,525.7334,624.8718,2000.5622,1,94.99%,5.01%,4872
1834,1833,1474138,1169962,Risk 1 (High),60641,41.94008298,-87.7295461,1,1,0,Canvass,1927,MELROSE,93.9865,456.5883,339.0654,127.1436,1,94.99%,5.01%,4873
4123,4122,1445244,1981196,Risk 1 (High),60614,41.93275204,-87.65364479,1,1,0,Canvass,1916,DIVERSEY,670.4081,402.3419,303.5214,1410.4766,1,94.99%,5.01%,4874
7816,7815,1512791,2368719,Risk 1 (High),60649,41.75663165,-87.57594788,1,1,0,License,1961,JEFFERY,206.7483,404.2869,266.5362,3131.0139,1,94.99%,5.01%,4875
2223,2222,1490843,1403566,Risk 1 (High),60614,41.91793927,-87.65722394,1,1,0,Complaint,1896,ARMITAGE,112.7252,634.3439,147.2208,1688.902,1,94.99%,5.01%,4876
5519,5518,1453428,2156643,Risk 2 (Medium),60605,41.87624813,-87.62441918,1,1,1,Canvass,1890,MICHIGAN,474.0044,989.5639,1392.2362,1821.4802,1,94.99%,5.01%,4877
3361,3360,1439295,1843205,Risk 2 (Medium),60611,41.89903098,-87.62819227,1,1,0,Canvass,1988,DELAWARE,302.989,545.3902,327.2071,605.7347,1,94.99%,5.01%,4878
677,676,1228445,27947,Risk 1 (High),60604,41.87758853,-87.62888073,1,1,1,Canvass,1926,PLYMOUTH,21087.1053,443.4296,588.9967,930.1332,1,94.99%,5.01%,4879
428,427,1439516,18779,Risk 1 (High),60611,41.90168208,-87.62744193,1,1,0,Canvass,1974,BELLEVUE,245.7969,471.688,366.4967,927.7608,1,94.99%,5.01%,4880
6551,6550,1447447,2284599,Risk 1 (High),60606,41.88575873,-87.63378405,1,1,0,Canvass,1930,WELLS,112.9123,215.8181,325.0232,1857.5541,1,95.00%,5.00%,4881
6423,6422,1324927,2277659,Risk 1 (High),60612,41.89089761,-87.67908103,1,1,0,Canvass,1891,GRAND,143.1292,460.4876,214.8595,1859.9913,1,95.00%,5.00%,4882
6209,6208,1473707,2252847,Risk 1 (High),60613,41.94678888,-87.67594703,1,1,0,Canvass,1891,ADDISON,116.1669,491.4618,728.1351,1983.5023,1,95.00%,5.00%,4883
1808,1807,1372454,1166476,Risk 1 (High),60602,41.8819923,-87.63250663,1,1,0,Canvass,1978,LA,98.1708,256.5544,377.5018,996.5365,1,95.00%,5.00%,4884
6191,6190,1480233,2252378,Risk 1 (High),60623,41.85174455,-87.69882322,1,1,0,Canvass,1918,CERMAK,309.4754,618.2948,214.1629,1421.8313,1,95.00%,5.00%,4885
602,601,1473801,25051,Risk 1 (High),60613,41.94989452,-87.65851084,1,1,0,Canvass,1901,CLARK,21087.1053,483.5543,244.5473,2257.8958,1,95.00%,5.00%,4886
5853,5852,1435244,2197078,Risk 1 (High),60614,41.92575784,-87.66831374,1,1,0,Canvass,1891,ASHLAND,144.3963,502.6988,161.1186,1612.5666,1,95.00%,5.00%,4887
3372,3371,1434539,1844663,Risk 1 (High),60617,41.72238444,-87.57333027,1,1,0,Canvass,2005,95TH,747.3404,225.4929,561.7458,2998.7429,1,95.00%,5.00%,4888
991,990,1393271,38125,Risk 1 (High),60614,41.93275508,-87.6534881,1,1,0,Complaint,1916,DIVERSEY,194.2415,379.5716,275.6853,1381.6327,1,95.00%,5.00%,4889
1275,1274,1199508,53945,Risk 1 (High),60610,41.89173502,-87.63120169,1,1,1,Canvass,1891,GRAND,50.4863,564.4608,652.772,711.9124,1,95.01%,4.99%,4890
1606,1605,1467316,1042390,Risk 1 (High),60607,41.86920687,-87.66308737,1,1,0,Canvass,1911,TAYLOR,21087.1053,439.2278,576.2945,3170.1895,1,95.01%,4.99%,4891
5308,5307,1467353,2137675,Risk 1 (High),60607,41.86959707,-87.65234902,1,1,0,Canvass,1884,TAYLOR,537.022,1100.3658,804.7279,3262.0778,1,95.01%,4.99%,4892
2656,2655,1490530,1593783,Risk 1 (High),60632,41.81561616,-87.70198943,1,1,0,Canvass,1911,ARCHER,242.9698,276.8626,314.3778,2031.1644,1,95.01%,4.99%,4893
2179,2178,1325153,1379914,Risk 1 (High),60647,41.91001789,-87.7244784,1,1,0,Canvass,1913,NORTH,21087.1053,505.1565,209.3801,1503.0149,1,95.02%,4.98%,4894
2881,2880,1453623,1676996,Risk 2 (Medium),60605,41.87686736,-87.6275033,1,1,0,Canvass,1998,STATE,1128.3921,521.6585,858.0888,1328.7281,1,95.02%,4.98%,4895
4071,4070,1494120,1979165,Risk 1 (High),60647,41.92911001,-87.707239,1,1,0,Canvass,1896,MILWAUKEE,337.301,404.4307,399.1746,1289.5657,1,95.02%,4.98%,4896
6220,6219,1493400,2253874,Risk 1 (High),60611,41.89826162,-87.62516469,1,0,0,License,1993,CHESTNUT,21087.1053,541.051,348.2213,1460.9208,1,95.02%,4.98%,4897
6725,6724,1471261,2298288,Risk 1 (High),60647,41.93199057,-87.71957718,1,1,0,Canvass,1905,DIVERSEY,536.0755,344.4246,232.3087,734.4536,1,95.02%,4.98%,4898
4993,4992,1494027,2108013,Risk 2 (Medium),60622,41.89602423,-87.67691073,1,1,0,Canvass,1902,CHICAGO,223.2281,248.0858,214.7086,1675.2497,1,95.02%,4.98%,4899
6121,6120,1494219,2245731,Risk 1 (High),60623,41.84464481,-87.70349686,1,1,0,Canvass,1924,26TH,349.9167,354.7712,899.3858,2181.5656,1,95.02%,4.98%,4900
3479,3478,1490898,1874709,Risk 1 (High),60647,41.92453325,-87.71386844,1,1,0,Canvass,1902,FULLERTON,21087.1053,618.328,398.6529,1958.9247,1,95.02%,4.98%,4901
6578,6577,1497726,2288766,Risk 1 (High),60654,41.89541608,-87.63937317,1,1,0,Canvass,1932,SUPERIOR,758.1998,474.8793,352.5762,1739.5149,1,95.03%,4.97%,4902
5748,5747,1325185,2188923,Risk 2 (Medium),60647,41.91185069,-87.67734896,1,1,0,Canvass,1907,DAMEN,309.6049,292.041,224.7036,1437.0334,1,95.03%,4.97%,4903
3789,3788,1473310,1932046,Risk 1 (High),60622,41.89085551,-87.6683029,1,1,0,Canvass,1879,GRAND,228.577,626.7761,406.8188,2520.8525,1,95.03%,4.97%,4904
7525,7524,1493354,2349338,Risk 1 (High),60622,41.91039495,-87.67633341,1,0,0,License,1912,NORTH,404.7737,317.5845,166.1389,1297.0239,1,95.03%,4.97%,4905
3225,3224,1439415,1803821,Risk 1 (High),60611,41.88946533,-87.62650927,1,1,0,Canvass,2005,WABASH,429.2173,558.8209,775.6997,970.2656,1,95.03%,4.97%,4906
1770,1769,1441244,1143169,Risk 2 (Medium),60657,41.93751375,-87.6660191,1,1,0,Canvass,1912,GREENVIEW,349.8541,605.7262,381.2561,1412.1131,1,95.03%,4.97%,4907
4417,4416,1447344,2027070,Risk 2 (Medium),60606,41.88140721,-87.63715509,1,1,0,Canvass,1987,WACKER,391.5652,857.6522,683.5495,1146.2555,1,95.03%,4.97%,4908
2833,2832,1199434,1649352,Risk 1 (High),60661,41.88199434,-87.63975868,1,1,0,Canvass,1988,MADISON,2866.5224,1096.3383,654.4124,1134.8121,1,95.03%,4.97%,4909
3573,3572,1439593,1891899,Risk 1 (High),60611,41.89214078,-87.62431278,1,1,0,Canvass,1966,MICHIGAN,949.893,901.2815,472.3067,1409.8285,1,95.03%,4.97%,4910
4451,4450,1447345,2032123,Risk 1 (High),60606,41.88140721,-87.63715509,1,1,0,Canvass,1987,WACKER,383.003,857.6522,683.5495,1146.2555,1,95.03%,4.97%,4911
2173,2172,1447230,1379435,Risk 1 (High),60606,41.88562094,-87.63506653,1,1,0,Canvass,1924,LAKE,94.7086,402.4722,387.4084,2085.9545,1,95.03%,4.97%,4912
5136,5135,1395318,2124498,Risk 2 (Medium),60617,41.73671471,-87.58506135,1,1,0,Complaint,2008,STONY,259.6382,446.8153,513.1876,2603.7677,1,95.03%,4.97%,4913
2033,2032,1441369,1301621,Risk 1 (High),60657,41.93992587,-87.66025188,1,1,0,Canvass,1901,BELMONT,51.8005,363.0534,744.2,2136.6448,1,95.04%,4.96%,4914
1121,1120,1490916,44264,Risk 1 (High),60638,41.79237076,-87.78608432,1,1,0,Canvass,1918,ARCHER,120.1665,1281.9994,827.3537,1572.3863,1,95.04%,4.96%,4915
4645,4644,1395962,2064460,Risk 1 (High),60654,41.89070475,-87.63161066,1,1,0,Canvass,2009,ILLINOIS,188.5147,308.8681,507.1968,508.2295,1,95.04%,4.96%,4916
1744,1743,1493526,1140213,Risk 1 (High),60610,41.8901587,-87.62900058,1,1,1,Canvass,1925,HUBBARD,239.1579,436.3063,776.9588,278.2108,1,95.04%,4.96%,4917
4765,4764,1329763,2078819,Risk 1 (High),60647,41.93196914,-87.70013312,1,1,0,Canvass,1905,DIVERSEY,1378.4341,386.6403,301.3773,1130.6264,1,95.04%,4.96%,4918
4247,4246,1199546,2003009,Risk 2 (Medium),60661,41.88418751,-87.64111967,1,0,0,Canvass,2000,clinton,21087.1053,799.3478,698.9896,1672.9061,1,95.04%,4.96%,4919
4235,4234,1434803,2002586,Risk 2 (Medium),60649,41.76635936,-87.57539888,1,1,1,Complaint,1926,71ST,1001.3713,393.5523,507.3309,1857.5611,1,95.04%,4.96%,4920
3613,3612,1473675,1898377,Risk 1 (High),60647,41.91811082,-87.6774867,1,1,0,Canvass,1902,DAMEN,138.6942,311.9432,185.7239,1442.6113,1,95.04%,4.96%,4921
7236,7235,1473687,2327007,Risk 3 (Low),60608,41.85621052,-87.69298503,1,1,0,License,1894,WASHTENAW,387.7722,740.0057,374.0749,2195.4024,1,95.04%,4.96%,4922
6123,6122,1490432,2245884,Risk 1 (High),60642,41.89622765,-87.66443518,1,1,0,Canvass,1889,CHICAGO,324.8702,469.5595,80.132,1959.3429,1,95.04%,4.96%,4923
7234,7233,1473686,2327004,Risk 3 (Low),60608,41.85621052,-87.69298503,1,1,0,License,1894,WASHTENAW,334.6289,740.0057,374.0749,2195.4024,1,95.04%,4.96%,4924
7391,7390,1199568,2340599,Risk 1 (High),60661,41.88110007,-87.64131524,1,1,0,License,1985,CLINTON,147.9199,1074.0741,504.1055,909.8405,1,95.04%,4.96%,4925
7235,7234,1473682,2327006,Risk 1 (High),60608,41.85621052,-87.69298503,1,1,0,License,1894,WASHTENAW,247.4506,740.0057,374.0749,2195.4024,1,95.04%,4.96%,4926
3132,3131,1092886,1770566,Risk 1 (High),60657,41.93858895,-87.64449727,1,1,0,Canvass,1901,BROADWAY,171.0489,458.0704,43.1179,1531.8824,1,95.04%,4.96%,4927
6736,6735,1395781,2298538,Risk 1 (High),60614,41.9256713,-87.66984157,1,0,0,License,1891,CLYBOURN,376.7573,561.9865,86.9385,1578.0227,1,95.04%,4.96%,4928
4871,4870,1401887,2089159,Risk 1 (High),60647,41.91804839,-87.67748461,1,1,0,Canvass,1902,DAMEN,202.5901,303.0245,184.9284,1455.3507,1,95.05%,4.95%,4929
3983,3982,1494112,1964310,Risk 1 (High),60618,41.95956999,-87.68272231,1,1,0,Canvass,1891,LINCOLN,848.8375,798.6798,917.6817,2085.4496,1,95.05%,4.95%,4930
5983,5982,1372619,2229547,Risk 1 (High),60602,41.88269467,-87.63253143,1,1,0,Canvass,1974,LA,1118.6885,364.2136,391.364,1199.795,1,95.05%,4.95%,4931
3028,3027,1467537,1739275,Risk 2 (Medium),60607,41.8778613,-87.65933207,1,1,0,Canvass,2006,JACKSON,1083.27,385.4662,862.6177,800.3104,1,95.05%,4.95%,4932
703,702,1391413,28690,Risk 2 (Medium),60660,41.98352906,-87.65915456,1,1,0,Canvass,1914,BRYN,154.6445,569.2881,595.9578,1306.4313,1,95.05%,4.95%,4933
2570,2569,1199376,1573661,Risk 1 (High),60611,41.90248777,-87.62798727,1,1,0,Canvass,1965,CEDAR,351.9628,523.8094,261.198,1059.3074,1,95.05%,4.95%,4934
2914,2913,1372681,1680146,Risk 2 (Medium),60602,41.88269467,-87.63253143,1,1,0,Canvass,1974,LA,1068.9717,364.2136,391.364,1199.795,1,95.05%,4.95%,4935
1576,1575,1490469,84425,Risk 2 (Medium),60641,41.93918261,-87.72876044,1,1,0,Canvass,1932,Belmont,157.8744,541.179,600.9244,449.9628,1,95.05%,4.95%,4936
1515,1514,1493267,78375,Risk 2 (Medium),60610,41.91095447,-87.63455748,1,1,0,Complaint,1950,WELLS,352.3506,561.4218,337.8472,1288.4051,1,95.05%,4.95%,4937
3549,3548,1325147,1887555,Risk 1 (High),60647,41.9172515,-87.71020613,1,1,0,Canvass,1900,ARMITAGE,321.1131,602.3198,134.838,1003.1526,1,95.05%,4.95%,4938
367,366,1453578,15491,Risk 2 (Medium),60604,41.87805765,-87.62926894,1,1,1,Canvass,1891,JACKSON,608.0601,469.7945,456.4828,735.2826,1,95.05%,4.95%,4939
3181,3180,1199427,1800575,Risk 1 (High),60661,41.8793928,-87.64162618,1,0,0,Canvass,2005,ADAMS,413.2852,782.4492,749.68,854.292,1,95.05%,4.95%,4940
853,852,1401691,34114,Risk 1 (High),60622,41.91059435,-87.67732926,1,1,0,Complaint,1921,NORTH,532.6278,250.9374,259.9154,1257.8494,1,95.05%,4.95%,4941
1573,1572,1401739,83988,Risk 1 (High),60643,41.70201547,-87.68162963,1,1,0,Canvass,1939,WESTERN,298.7579,1255.4283,1758.6294,4530.6694,1,95.05%,4.95%,4942
2054,2053,1497303,1305900,Risk 2 (Medium),60603,41.87961221,-87.62678578,1,1,1,Canvass,1878,ADAMS,385.0402,597.1031,357.4763,886.6785,1,95.05%,4.95%,4943
7002,7001,1491020,2309202,Risk 2 (Medium),60614,41.91252212,-87.63460539,1,1,0,License,1929,WELLS,217.6284,411.0363,205.4457,1554.423,1,95.05%,4.95%,4944
3742,3741,1372472,1920830,Risk 1 (High),60611,41.89498361,-87.6241062,1,1,0,Complaint,1926,Michigan,428.1713,686.7903,390.5774,2132.6514,1,95.05%,4.95%,4945
565,564,1459793,23246,Risk 1 (High),60640,41.97270252,-87.65991573,1,1,0,Canvass,1936,BROADWAY,271.2261,346.2555,596.2729,985.108,1,95.06%,4.94%,4946
3562,3561,1372426,1888343,Risk 1 (High),60602,41.88269467,-87.63253143,1,1,0,Canvass,1974,LA,691.3691,364.2136,391.364,1199.795,1,95.06%,4.94%,4947
342,341,1296748,14012,Risk 2 (Medium),60643,41.70446536,-87.68141545,1,1,0,Complaint,1951,WESTERN,182.8577,1093.23,2029.9448,4606.7742,1,95.06%,4.94%,4948
952,951,1493897,36760,Risk 1 (High),60618,41.9594798,-87.68265873,1,1,0,Canvass,1891,LINCOLN,787.4371,791.6417,895.7934,2079.5132,1,95.06%,4.94%,4949
1712,1711,1459896,1120539,Risk 1 (High),60613,41.94731749,-87.65641795,1,1,0,Canvass,1921,ADDISON,21087.1053,615.1289,488.1986,2281.7518,1,95.06%,4.94%,4950
1541,1540,1493217,80711,Risk 1 (High),60654,41.89464565,-87.63678754,1,1,0,Canvass,1930,HURON,148.5402,639.9152,403.6472,1905.5449,1,95.06%,4.94%,4951
3268,3267,1497309,1817424,Risk 1 (High),60616,41.8589963,-87.62410567,1,1,1,Canvass,1903,MICHIGAN,534.2293,427.1041,807.5962,1176.7588,1,95.06%,4.94%,4952
5865,5864,1325105,2198324,Risk 1 (High),60647,41.91060814,-87.67757728,1,1,0,Canvass,1921,MILWAUKEE,488.384,266.5432,241.1469,1247.204,1,95.06%,4.94%,4953
2851,2850,1372549,1649883,Risk 1 (High),60603,41.88193667,-87.62925348,1,1,0,Canvass,2005,DEARBORN,740.9407,740.7491,503.4817,734.4431,1,95.06%,4.94%,4954
161,160,1497144,6010,Risk 1 (High),60617,41.70258228,-87.52694018,1,1,1,Canvass,1958,106TH,80.2376,907.4973,1020.2388,3030.7156,1,95.06%,4.94%,4955
3948,3947,1497198,1959609,Risk 1 (High),60616,41.8379936,-87.64164283,1,1,1,Canvass,1888,31ST,241.6377,513.4553,322.1301,857.3214,1,95.06%,4.94%,4956
6976,6975,1501557,2308806,Risk 1 (High),60654,41.89458902,-87.63550637,1,0,0,License,1925,FRANKLIN,3895.5206,662.3538,313.0405,2072.1004,1,95.07%,4.93%,4957
6541,6540,1401812,2284346,Risk 1 (High),60622,41.89933654,-87.68678817,1,1,0,Complaint,1931,WESTERN,249.4304,401.6388,313.4416,1098.5449,1,95.07%,4.93%,4958
7827,7826,1515543,2369237,Risk 1 (High),60607,41.88546689,-87.65254469,0,1,0,License,1924,LAKE,638.5478,360.0215,268.6593,1791.358,1,95.07%,4.93%,4959
3245,3244,1387363,1816810,Risk 2 (Medium),60619,41.74355671,-87.61457538,1,1,0,Complaint,1967,DR,685.8098,303.9719,323.2774,2838.8371,1,95.07%,4.93%,4960
2736,2735,1496286,1620284,Risk 1 (High),60617,41.70258057,-87.52664793,1,1,1,Canvass,1958,106TH,559.6287,943.4315,1048.3648,3092.7749,1,95.07%,4.93%,4961
6172,6171,1471210,2247259,Risk 1 (High),60647,41.93196861,-87.7002119,1,1,0,Canvass,1905,DIVERSEY,445.5273,391.5286,289.4758,1127.4408,1,95.07%,4.93%,4962
2778,2777,1493818,1645741,Risk 2 (Medium),60622,41.91087554,-87.65827824,1,1,0,Canvass,2005,NORTH,6747.0403,1085.6624,723.4331,566.9649,1,95.07%,4.93%,4963
7593,7592,1445256,2354304,Risk 1 (High),60610,41.91062675,-87.63454716,1,1,0,License,1950,WELLS,648.0215,622.4996,278.3542,1258.6574,1,95.07%,4.93%,4964
517,516,1199598,23009,Risk 2 (Medium),60614,41.93270228,-87.64432682,1,0,0,Canvass,1913,DIVERSEY,220.399,500.1167,168.2529,1534.9239,1,95.07%,4.93%,4965
5867,5866,1490829,2202081,Risk 1 (High),60613,41.96170895,-87.66875485,1,1,0,Canvass,1919,MONTROSE,623.0364,373.276,644.9211,1409.865,1,95.07%,4.93%,4966
7738,7737,1498089,2362956,Risk 1 (High),60617,41.73890075,-87.58583792,1,1,0,License,1988,STONY,677.6935,569.4724,568.4758,3113.3426,1,95.07%,4.93%,4967
2989,2988,1325164,1717608,Risk 1 (High),60647,41.91785728,-87.67812035,1,1,0,Canvass,1898,ARMITAGE,955.0338,185.263,90.7892,1497.6873,1,95.07%,4.93%,4968
4896,4895,1498055,2093522,Risk 2 (Medium),60654,41.89645776,-87.63609804,1,1,0,Canvass,1956,CHICAGO,533.6133,568.5541,700.668,1758.016,1,95.07%,4.93%,4969
896,895,1473444,34305,Risk 1 (High),60647,41.91764756,-87.6777646,1,1,0,Canvass,1897,DAMEN,430.226,203.8125,123.783,1542.9392,1,95.07%,4.93%,4970
6955,6954,1501273,2308410,Risk 2 (Medium),60647,41.91786175,-87.67789763,1,1,0,License,1898,ARMITAGE,272.5459,204.0989,108.8807,1494.5797,1,95.07%,4.93%,4971
7646,7645,1453612,2355411,Risk 1 (High),60605,41.86539976,-87.62593557,1,1,0,License,1937,WABASH,1967.0986,220.6358,156.1227,2008.9553,1,95.07%,4.93%,4972
967,966,1439324,37527,Risk 1 (High),60611,41.89198012,-87.61616593,1,1,0,Canvass,1986,GRAND,215.8413,431.4691,548.9697,1269.0763,1,95.07%,4.93%,4973
717,716,1305495,29348,Risk 1 (High),60608,41.85694295,-87.66211998,1,1,0,Complaint,1889,BLUE,175.1778,531.7212,208.1686,2559.4262,1,95.07%,4.93%,4974
7795,7794,1515430,2364283,Risk 2 (Medium),60629,41.77911845,-87.68575152,1,1,0,License,1940,63RD,57.5602,235.2631,159.8136,1905.1165,1,95.07%,4.93%,4975
7592,7591,1445255,2354303,Risk 1 (High),60610,41.91062675,-87.63454716,1,1,0,License,1950,WELLS,480.3902,622.4996,278.3542,1258.6574,1,95.07%,4.93%,4976
5115,5114,1401998,2120919,Risk 1 (High),60642,41.89235758,-87.66215459,1,1,0,Canvass,1878,NOBLE,236.3136,516.9647,241.2668,2490.8423,1,95.07%,4.93%,4977
434,433,1228444,18994,Risk 1 (High),60605,41.87588847,-87.63188472,1,1,0,Canvass,1983,LA,445.4432,688.8724,811.6436,1583.7719,1,95.07%,4.93%,4978
2256,2255,1307392,1444847,Risk 1 (High),60636,41.78010496,-87.68381066,1,1,0,Canvass,1950,WESTERN,383.0671,394.2815,150.8624,1712.2902,1,95.08%,4.92%,4979
829,828,1152159,33355,Risk 1 (High),60637,41.79354153,-87.59989314,1,0,0,Complaint,1960,GREENWOOD,359.2834,873.017,1092.2268,3580.0661,1,95.08%,4.92%,4980
7757,7756,1408274,2363671,Risk 2 (Medium),60647,41.91079711,-87.6773247,1,0,0,License,1921,DAMEN,69.6395,261.9838,261.0971,1276.3567,1,95.08%,4.92%,4981
3470,3469,1199520,1874310,Risk 2 (Medium),60661,41.88199434,-87.63975868,1,1,0,Canvass,1988,MADISON,1152.9491,1096.3383,654.4124,1134.8121,1,95.08%,4.92%,4982
6032,6031,1401229,2232620,Risk 1 (High),60609,41.81953313,-87.68487388,1,1,0,Complaint,1894,WESTERN,257.2934,577.6872,555.7663,2935.2444,1,95.08%,4.92%,4983
4931,4930,1473332,2097931,Risk 2 (Medium),60637,41.78727838,-87.62405731,1,1,0,Canvass,1916,59TH,21087.1053,55.2217,606.8103,4540.5684,1,95.08%,4.92%,4984
2627,2626,1453247,1579370,Risk 1 (High),60605,41.87693801,-87.62443662,1,1,0,Canvass,2007,MICHIGAN,223.2097,1044.5779,1222.0435,1644.6855,1,95.08%,4.92%,4985
4791,4790,1372587,2079974,Risk 1 (High),60603,41.879397,-87.62663087,0,1,0,Canvass,1990,ADAMS,356.0011,605.4057,355.8423,943.4799,1,95.08%,4.92%,4986
7529,7528,1496244,2349434,Risk 1 (High),60622,41.89580311,-87.67698748,1,1,0,License,1904,CHICAGO,294.8932,296.6763,219.9854,1735.4337,1,95.08%,4.92%,4987
3325,3324,1493218,1823622,Risk 1 (High),60618,41.96112142,-87.68396862,1,1,0,Canvass,1911,LEAVITT,2649.0932,727.3924,1239.9004,2164.1073,1,95.08%,4.92%,4988
2410,2409,1441325,1492585,Risk 1 (High),60657,41.94487707,-87.64926679,1,1,0,Canvass,1901,HALSTED,682.034,346.5226,285.8061,1788.4354,1,95.08%,4.92%,4989
6265,6264,1401817,2261809,Risk 1 (High),60614,41.92157698,-87.65672652,1,1,0,Canvass,1925,WEBSTER,351.6381,325.0039,424.1192,1575.3317,1,95.08%,4.92%,4990
4720,4719,1459636,2069755,Risk 1 (High),60622,41.89580775,-87.67675213,1,1,0,Canvass,1904,CHICAGO,45.0149,292.2331,248.4179,1765.1554,1,95.08%,4.92%,4991
7644,7643,1453613,2355408,Risk 1 (High),60605,41.86539976,-87.62593557,1,0,0,License,1937,WABASH,1559.4816,220.6358,156.1227,2008.9553,1,95.08%,4.92%,4992
2081,2080,1497376,1332646,Risk 2 (Medium),60603,41.87939908,-87.62655911,1,1,0,Canvass,1990,ADAMS,611.3022,617.0939,359.2259,962.3233,1,95.08%,4.92%,4993
1369,1368,1473586,61757,Risk 1 (High),60638,41.79216385,-87.78540566,1,1,0,Canvass,1923,ARCHER,314.6117,1259.8845,818.3627,1556.9449,1,95.09%,4.91%,4994
5222,5221,1396107,2130208,Risk 1 (High),60653,41.81627253,-87.60655226,1,1,0,License,2009,COTTAGE,313.7883,619.7263,988.3261,2183.9801,1,95.09%,4.91%,4995
5395,5394,1488211,2146383,Risk 1 (High),60608,41.85771387,-87.66454238,1,1,0,Complaint,1883,18TH,379.095,412.7676,349.2563,2852.0349,1,95.09%,4.91%,4996
4576,4575,1494224,2053906,Risk 2 (Medium),60623,41.83703592,-87.72083831,1,1,0,Canvass,1909,AVERS,522.0736,576.0002,650.1764,2129.4432,1,95.09%,4.91%,4997
3712,3711,1493414,1913870,Risk 2 (Medium),60620,41.75075,-87.62979224,1,1,0,Canvass,1987,79TH,338.3202,680.6061,400.8685,2249.8221,1,95.09%,4.91%,4998
5303,5302,1441439,2137481,Risk 2 (Medium),60657,41.9422082,-87.64461373,1,1,0,Canvass,1922,BROADWAY,582.2887,394.7292,438.8168,1635.7033,1,95.09%,4.91%,4999
2869,2868,1473563,1676321,Risk 1 (High),60610,41.89669631,-87.63554464,1,1,0,Complaint,1956,CHICAGO,268.5604,657.5436,681.1779,1753.3864,1,95.09%,4.91%,5000
7096,7095,1434729,2314690,Risk 2 (Medium),60608,41.85762084,-87.67071095,1,1,0,License,1879,18TH,254.8713,596.7353,352.5596,2844.3425,1,95.09%,4.91%,5001
1836,1835,1490295,1170410,Risk 1 (High),60622,41.90961625,-87.67758847,1,1,0,Canvass,1916,DAMEN,913.3097,345.0998,86.5574,1230.8411,1,95.09%,4.91%,5002
7394,7393,1474158,2340640,Risk 1 (High),60616,41.83807689,-87.63543911,1,1,0,License,1989,31ST,764.6739,504.8375,476.2157,1426.8371,1,95.09%,4.91%,5003
3154,3153,1471287,1798044,Risk 1 (High),60647,41.91720372,-87.71205206,1,1,0,Canvass,1909,KIMBALL,543.2135,595.4529,376.3429,1162.0139,1,95.09%,4.91%,5004
6566,6565,1493389,2284861,Risk 1 (High),60608,41.86501289,-87.68584883,0,1,0,Canvass,1889,WESTERN,790.191,771.7427,292.4736,2310.8654,1,95.09%,4.91%,5005
5558,5557,1441255,2158065,Risk 1 (High),60657,41.94225385,-87.64461496,1,1,0,Canvass,1922,BROADWAY,556.7151,397.6404,441.9157,1643.7902,1,95.09%,4.91%,5006
2920,2919,1199548,1681005,Risk 2 (Medium),60661,41.88199434,-87.63975868,1,1,0,Canvass,1988,MADISON,445.2361,1096.3383,654.4124,1134.8121,1,95.09%,4.91%,5007
2016,2015,1435218,1299745,Risk 1 (High),60614,41.92918048,-87.64276898,1,1,0,Complaint,1949,CLARK,424.4781,618.3635,98.5878,810.5285,1,95.09%,4.91%,5008
826,825,1152119,33352,Risk 1 (High),60637,41.78581387,-87.60167148,1,1,0,Canvass,1958,60TH,165.2394,840.7545,1291.639,3934.4904,1,95.10%,4.90%,5009
45,44,1441379,1425,Risk 1 (High),60657,41.93546443,-87.65410203,1,1,0,Canvass,1896,SHEFFIELD,371.435,323.8875,342.677,1994.3782,1,95.10%,4.90%,5010
6051,6050,1401525,2233090,Risk 1 (High),60642,41.89114238,-87.6618779,1,1,0,Canvass,1877,GRAND,789.5674,257.0872,188.1791,2538.4899,1,95.10%,4.90%,5011
955,954,1473598,36908,Risk 1 (High),60610,41.90186736,-87.62849215,1,1,0,Canvass,1979,STATE,118.505,585.781,229.675,794.7207,1,95.10%,4.90%,5012
7694,7693,1497361,2359294,Risk 2 (Medium),60661,41.88199434,-87.63975868,1,0,0,License,1988,MADISON,300.1726,1096.3383,654.4124,1134.8121,1,95.10%,4.90%,5013
1642,1641,1199521,1045770,Risk 2 (Medium),60661,41.88199434,-87.63975868,1,1,0,Canvass,1988,MADISON,242.6702,1096.3383,654.4124,1134.8121,1,95.10%,4.90%,5014
3220,3219,1199462,1803498,Risk 1 (High),60661,41.88199434,-87.63975868,1,1,0,Canvass,1988,MADISON,240.6212,1096.3383,654.4124,1134.8121,1,95.10%,4.90%,5015
6396,6395,1496501,2271173,Risk 2 (Medium),60613,41.95848356,-87.65321449,1,1,0,Canvass,1919,BROADWAY,209.5028,461.0276,262.0587,1212.7818,1,95.10%,4.90%,5016
2535,2534,1447290,1545138,Risk 1 (High),60606,41.88075716,-87.6347093,1,1,0,Canvass,1970,MONROE,335.6309,633.1108,398.4826,1311.8407,1,95.10%,4.90%,5017
5998,5997,1447323,2231832,Risk 1 (High),60661,41.88199434,-87.63975868,1,1,0,Canvass,1988,MADISON,155.133,1096.3383,654.4124,1134.8121,1,95.10%,4.90%,5018
7713,7712,1497954,2359772,Risk 1 (High),60616,41.85686665,-87.63905376,1,1,0,License,2005,CANAL,316.2635,1140.3614,1281.5646,1789.5171,1,95.10%,4.90%,5019
5654,5653,1513061,2177724,Risk 2 (Medium),60653,41.81713617,-87.6068599,1,1,1,Canvass,1892,COTTAGE,161.7937,555.3077,880.9785,2156.3649,1,95.10%,4.90%,5020
1825,1824,1491074,1168049,Risk 1 (High),60642,41.89575893,-87.65489622,1,1,0,Canvass,1925,MILWAUKEE,187.7247,742.2538,589.7228,2040.9637,1,95.10%,4.90%,5021
3382,3381,1496838,1845721,Risk 1 (High),60614,41.92564378,-87.64924886,1,1,0,Canvass,1906,LINCOLN,559.6287,480.0433,43.4625,1600.5721,1,95.10%,4.90%,5022
3323,3322,1107047,1823586,Risk 1 (High),60640,41.96908885,-87.65952538,1,1,0,Canvass,1949,BROADWAY,89.8864,500.3356,213.1461,356.243,1,95.10%,4.90%,5023
6162,6161,1387450,2247014,Risk 1 (High),60628,41.70738021,-87.6166086,1,1,0,Canvass,1962,103RD,636.0283,633.7829,941.7684,4031.2051,1,95.10%,4.90%,5024
2966,2965,1441377,1697544,Risk 1 (High),60657,41.93427577,-87.66831645,1,1,0,Canvass,1911,ASHLAND,1111.3257,395.7047,403.2413,1624.0963,1,95.10%,4.90%,5025
4778,4777,1441332,2079349,Risk 1 (High),60657,41.93860473,-87.66738884,1,1,0,Canvass,1958,LINCOLN,868.4395,577.909,620.0622,873.6487,1,95.11%,4.89%,5026
4867,4866,1497095,2088979,Risk 2 (Medium),60657,41.93988699,-87.6442477,1,1,0,Complaint,1916,BROADWAY,305.8322,431.19,177.3,1483.7863,1,95.11%,4.89%,5027
6420,6419,1501344,2277572,Risk 2 (Medium),60614,41.92173036,-87.66313798,1,1,0,Canvass,1894,WEBSTER,481.3451,467.6994,158.8349,1839.5399,1,95.11%,4.89%,5028
41,40,1493969,1237,Risk 1 (High),60603,41.8805919,-87.63044233,1,1,1,Canvass,1905,MONROE,393.0754,713.2007,266.7936,247.0532,1,95.11%,4.89%,5029
1180,1179,1439286,47560,Risk 1 (High),60611,41.90024876,-87.62711776,1,1,0,Canvass,1993,RUSH,573.6899,273.569,386.1847,789.9054,1,95.11%,4.89%,5030
3082,3081,1441272,1765705,Risk 1 (High),60657,41.94262316,-87.64462536,1,1,0,Canvass,1922,BROADWAY,1128.1369,380.9348,463.3659,1713.6839,1,95.11%,4.89%,5031
4942,4941,1325109,2098744,Risk 1 (High),60647,41.91537203,-87.67771475,1,1,0,Canvass,1896,DAMEN,703.693,478.2976,344.1693,1900.1468,1,95.11%,4.89%,5032
768,767,1496329,31712,Risk 1 (High),60608,41.85737245,-87.66598567,1,1,0,Canvass,1889,ASHLAND,398.5991,467.0104,488.5887,2910.9514,1,95.11%,4.89%,5033
6232,6231,1502097,2254275,Risk 3 (Low),60608,41.84453129,-87.66011645,1,1,0,License,1888,ELEANOR,103.1971,819.004,443.2332,3041.1764,1,95.11%,4.89%,5034
2950,2949,1496421,1695863,Risk 2 (Medium),60614,41.925265,-87.66786748,1,0,0,Canvass,1900,FULLERTON,120.1665,489.0398,333.8819,1820.4692,1,95.11%,4.89%,5035
1259,1258,1441226,52558,Risk 2 (Medium),60657,41.94188302,-87.644605,1,1,0,Canvass,1922,BROADWAY,262.1076,353.4107,372.1942,1581.9575,1,95.11%,4.89%,5036
4356,4355,1387591,2016979,Risk 1 (High),60628,41.70736526,-87.61757384,1,1,0,Canvass,1961,103RD,291.4161,722.7769,934.1084,4021.489,1,95.11%,4.89%,5037
5911,5910,1439402,2203097,Risk 1 (High),60611,41.8949033,-87.62074373,1,1,0,Canvass,1979,HURON,616.954,1034.8256,915.5311,1798.2631,1,95.11%,4.89%,5038
1630,1629,1473428,1044839,Risk 1 (High),60647,41.91810534,-87.67778054,1,1,0,Canvass,1907,DAMEN,316.8276,258.1995,164.4068,1441.3594,1,95.11%,4.89%,5039
207,206,1474097,7286,Risk 1 (High),60618,41.96127135,-87.71046267,1,1,0,Canvass,1914,MONTROSE,421.5709,290.8091,182.4504,480.0833,1,95.11%,4.89%,5040
7645,7644,1453614,2355410,Risk 1 (High),60605,41.86539976,-87.62593557,1,0,0,License,1937,WABASH,285.5055,220.6358,156.1227,2008.9553,1,95.12%,4.88%,5041
3863,3862,1474187,1943129,Risk 1 (High),60614,41.92600218,-87.64058189,1,1,0,Canvass,1924,CLARK,80.2224,340.2259,134.0836,1465.4422,1,95.12%,4.88%,5042
2244,2243,1107157,1443483,Risk 1 (High),60640,41.96849072,-87.65981645,1,1,0,Canvass,1949,RACINE,118.8387,436.9604,351.5575,552.2661,1,95.12%,4.88%,5043
1391,1390,1459224,64682,Risk 1 (High),60622,41.91060066,-87.66186347,1,1,0,Canvass,1979,NORTH,332.5968,898.8658,445.4659,552.4576,1,95.12%,4.88%,5044
5912,5911,1467359,2203103,Risk 1 (High),60607,41.86945394,-87.66133829,1,1,0,Canvass,1889,TAYLOR,154.5021,335.6798,605.4504,3012.9274,1,95.12%,4.88%,5045
6785,6784,1467295,2299306,Risk 1 (High),60661,41.88142616,-87.64132624,1,0,0,License,1985,CLINTON,260.9738,1090.3453,466.453,990.0346,1,95.12%,4.88%,5046
2297,2296,1480458,1473123,Risk 2 (Medium),60608,41.86464673,-87.68600251,1,1,0,Complaint,1894,OGDEN,273.0223,891.6105,319.1392,2255.927,1,95.12%,4.88%,5047
5686,5685,1199572,2183471,Risk 2 (Medium),60614,41.93211817,-87.64456439,1,1,0,Canvass,1914,CLARK,228.148,599.9475,59.1198,1462.3607,1,95.12%,4.88%,5048
2308,2307,1480457,1473493,Risk 2 (Medium),60608,41.86464673,-87.68600251,1,1,0,Complaint,1894,OGDEN,234.4893,891.6105,319.1392,2255.927,1,95.12%,4.88%,5049
92,91,1439403,3032,Risk 2 (Medium),60611,41.8949033,-87.62074373,1,0,0,Canvass,1979,HURON,238.9121,1034.8256,915.5311,1798.2631,1,95.12%,4.88%,5050
5744,5743,1307584,2188855,Risk 2 (Medium),60629,41.77193063,-87.69343855,1,1,0,Complaint,1956,MARQUETTE,1348.7881,491.2132,74.4506,1555.3171,1,95.12%,4.88%,5051
4789,4788,1453389,2079936,Risk 1 (High),60605,41.87674923,-87.63324682,1,1,0,Canvass,1988,VAN,1813.558,629.7251,717.7095,1478.2432,1,95.12%,4.88%,5052
5691,5690,1155246,2183764,Risk 2 (Medium),60642,41.91093474,-87.64933701,1,1,0,Canvass,1942,CLYBOURN,667.2815,811.1424,245.6661,1257.0106,1,95.12%,4.88%,5053
1421,1420,1497830,67919,Risk 2 (Medium),60622,41.90703839,-87.67201512,1,1,0,Canvass,1938,MILWAUKEE,605.7908,328.8639,331.3509,1210.6465,1,95.12%,4.88%,5054
3328,3327,1439453,1823689,Risk 1 (High),60611,41.89770258,-87.62346196,1,1,0,Canvass,1976,PEARSON,871.5549,493.7694,408.1907,1260.6707,1,95.13%,4.87%,5055
6236,6235,1395756,2256139,Risk 1 (High),60654,41.8940729,-87.63606586,1,1,0,Complaint,1937,ERIE,320.7027,589.1043,352.1099,1830.3977,1,95.13%,4.87%,5056
1895,1894,1435233,1225937,Risk 1 (High),60614,41.92543093,-87.6567514,1,1,0,Canvass,1906,FULLERTON,576.7492,496.9074,331.4472,1885.1676,1,95.13%,4.87%,5057
3676,3675,1447312,1908643,Risk 1 (High),60606,41.87927284,-87.6341032,1,1,0,Canvass,2006,ADAMS,265.6379,718.9602,826.9488,1148.4368,1,95.13%,4.87%,5058
6229,6228,1324876,2254254,Risk 1 (High),60612,41.86890622,-87.68335384,1,1,0,Canvass,1889,TAYLOR,182.5972,312.5702,389.4717,2490.583,1,95.13%,4.87%,5059
6318,6317,1395765,2263246,Risk 1 (High),60614,41.93286388,-87.64724608,1,1,0,License,1930,DIVERSEY,204.7352,410.5996,194.096,1284.8171,1,95.13%,4.87%,5060
78,77,1092786,1984,Risk 1 (High),60657,41.93977761,-87.65563201,1,1,0,Canvass,1916,BELMONT,178.1837,290.2842,246.9146,1465.8345,1,95.13%,4.87%,5061
6144,6143,1199340,2246700,Risk 1 (High),60611,41.90009663,-87.62535934,1,1,0,Complaint,1974,WALTON,415.9171,425.5457,417.028,1263.9065,1,95.13%,4.87%,5062
2005,2004,1482371,1276339,Risk 2 (Medium),60640,41.96872371,-87.65941409,1,1,0,Canvass,1949,BROADWAY,338.6336,470.2291,271.7147,491.6377,1,95.13%,4.87%,5063
406,405,1372432,17500,Risk 1 (High),60611,41.90080165,-87.62427247,1,1,0,Canvass,1984,MICHIGAN,603.7057,496.5665,524.8093,1199.2945,1,95.13%,4.87%,5064
5465,5464,1473952,2152483,Risk 1 (High),60629,41.77905237,-87.69030268,1,1,0,Canvass,1927,63RD,276.2678,372.7176,238.648,2303.2745,1,95.13%,4.87%,5065
2108,2107,1488206,1335953,Risk 1 (High),60608,41.85711757,-87.66627432,1,1,0,Canvass,1891,ASHLAND,443.7069,467.4316,488.8143,2913.1121,1,95.14%,4.86%,5066
6317,6316,1395763,2263245,Risk 1 (High),60614,41.93286388,-87.64724608,1,1,0,License,1930,DIVERSEY,62.949,410.5996,194.096,1284.8171,1,95.14%,4.86%,5067
7182,7181,1305548,2321025,Risk 2 (Medium),60623,41.84437538,-87.72357897,1,1,0,License,1897,26TH,356.8366,176.9255,433.5282,2109.4877,1,95.14%,4.86%,5068
1206,1205,1439344,48945,Risk 1 (High),60611,41.89224916,-87.60951805,1,1,0,Canvass,1994,GRAND,1904.5352,1153.3168,1932.9899,2969.4597,1,95.14%,4.86%,5069
405,404,1372431,17498,Risk 1 (High),60611,41.90080165,-87.62427247,1,1,0,Canvass,1984,MICHIGAN,351.6381,496.5665,524.8093,1199.2945,1,95.14%,4.86%,5070
6453,6452,1324884,2278761,Risk 1 (High),60612,41.86890481,-87.6834333,1,1,0,Canvass,1889,TAYLOR,395.6848,305.3099,376.0862,2498.5981,1,95.14%,4.86%,5071
6025,6024,1092855,2232394,Risk 1 (High),60657,41.93519586,-87.64895098,1,1,0,Canvass,1901,HALSTED,426.1757,268.4378,117.4349,1773.812,1,95.14%,4.86%,5072
3607,3606,1493620,1897994,Risk 1 (High),60613,41.94778338,-87.65419934,1,1,0,Canvass,1901,SHEFFIELD,529.5861,158.4044,569.5906,2137.3291,1,95.14%,4.86%,5073
1869,1868,1493222,1197306,Risk 1 (High),60618,41.96123477,-87.68397223,1,1,0,Canvass,1911,LEAVITT,536.339,714.5706,1224.9213,2156.939,1,95.14%,4.86%,5074
3765,3764,1459931,1926867,Risk 1 (High),60611,41.89224916,-87.60951805,1,0,0,Canvass,1994,GRAND,1739.6095,1153.3168,1932.9899,2969.4597,1,95.14%,4.86%,5075
4852,4851,1199397,2088494,Risk 2 (Medium),60611,41.89680864,-87.62661991,1,0,0,Canvass,2005,CHICAGO,21087.1053,173.3772,387.038,1483.0255,1,95.14%,4.86%,5076
7263,7262,1459511,2327497,Risk 2 (Medium),60622,41.9048842,-87.67745148,1,1,0,License,1889,DAMEN,373.0808,336.611,101.9557,1910.3003,1,95.14%,4.86%,5077
4086,4085,1092944,1979711,Risk 1 (High),60657,41.93811706,-87.64448282,1,1,0,Canvass,1911,BROADWAY,218.9041,368.8726,124.5124,1600.3095,1,95.15%,4.85%,5078
5863,5862,1395983,2198209,Risk 1 (High),60622,41.90652074,-87.68697283,1,1,0,Canvass,1909,WESTERN,487.9218,259.1926,347.2552,1666.228,1,95.15%,4.85%,5079
6975,6974,1501554,2308805,Risk 1 (High),60654,41.89458902,-87.63550637,1,1,0,License,1925,FRANKLIN,688.918,662.3538,313.0405,2072.1004,1,95.15%,4.85%,5080
6196,6195,1228442,2252541,Risk 1 (High),60605,41.87679744,-87.63325591,1,1,0,Canvass,1988,FINANCIAL,419.311,624.8427,721.7991,1465.6984,1,95.15%,4.85%,5081
1194,1193,1372364,48228,Risk 1 (High),60601,41.88670423,-87.62805356,1,1,0,Canvass,1990,WACKER,837.5863,466.8849,625.0648,1312.7676,1,95.15%,4.85%,5082
904,903,1453208,34465,Risk 1 (High),60607,41.8755372,-87.63351022,1,1,0,Canvass,1961,WELLS,237.9166,682.6157,613.2383,1886.4632,1,95.15%,4.85%,5083
5077,5076,1497354,2115095,Risk 1 (High),60616,41.85101978,-87.61388212,1,1,0,Canvass,1996,LAKE,883.3726,2084.5079,1884.3831,3115.5483,1,95.15%,4.85%,5084
821,820,1152116,33341,Risk 1 (High),60637,41.7858403,-87.59906822,1,1,0,Canvass,1958,60TH,398.1435,786.5754,1334.6801,4121.7159,1,95.15%,4.85%,5085
6814,6813,1441313,2303679,Risk 1 (High),60657,41.94231341,-87.64432246,1,1,0,License,1923,BROADWAY,755.8335,412.3525,418.5932,1697.2255,1,95.15%,4.85%,5086
2012,2011,1459474,1299201,Risk 1 (High),60654,41.89308098,-87.63394607,1,0,0,Canvass,1966,ONTARIO,370.6557,613.2675,551.0125,1554.0321,1,95.15%,4.85%,5087
2100,2099,1490720,1334785,Risk 1 (High),60625,41.96356636,-87.68541102,1,1,0,Canvass,1891,LINCOLN,192.9827,457.8549,943.675,2208.1473,1,95.15%,4.85%,5088
763,762,1441346,31315,Risk 2 (Medium),60657,41.94225825,-87.64432098,1,1,0,Canvass,1923,BROADWAY,496.377,408.9688,416.5361,1687.4882,1,95.15%,4.85%,5089
3178,3177,1453387,1800490,Risk 1 (High),60605,41.87679744,-87.63325591,1,1,0,Canvass,1988,FINANCIAL,156.7317,624.8427,721.7991,1465.6984,1,95.15%,4.85%,5090
3882,3881,1453385,1948193,Risk 1 (High),60605,41.87679744,-87.63325591,1,0,0,Canvass,1988,FINANCIAL,154.1387,624.8427,721.7991,1465.6984,1,95.15%,4.85%,5091
2544,2543,1441365,1546329,Risk 1 (High),60657,41.9442949,-87.65438636,1,1,0,Canvass,1905,3424,392.6712,476.0985,478.3043,1968.1978,1,95.15%,4.85%,5092
1318,1317,1471212,57420,Risk 1 (High),60647,41.91572795,-87.68707867,1,1,0,Complaint,1874,WINNEBAGO,445.0213,433.299,219.1213,2136.5413,1,95.15%,4.85%,5093
3172,3171,1490808,1800043,Risk 1 (High),60647,41.92967022,-87.70862407,1,1,0,Canvass,1915,MILWAUKEE,528.9569,394.4977,459.1412,1175.8827,1,95.15%,4.85%,5094
5215,5214,1358277,2129986,Risk 1 (High),60608,41.85040048,-87.68049569,1,1,1,Canvass,1897,23RD,520.8536,629.6892,330.9342,198.8411,1,95.15%,4.85%,5095
559,558,1497886,23128,Risk 2 (Medium),60610,41.89631759,-87.63584025,1,1,0,Canvass,1956,FRANKLIN,115.3762,641.7777,657.512,1820.88,1,95.15%,4.85%,5096
2213,2212,1439308,1383452,Risk 1 (High),60611,41.89267129,-87.6225722,1,1,0,Complaint,1962,OHIO,510.3686,598.2373,47.8704,1199.2219,1,95.15%,4.85%,5097
1996,1995,1199415,1275113,Risk 1 (High),60661,41.88044791,-87.64183898,1,1,0,Canvass,2002,MONROE,341.9992,973.9449,596.1032,867.0935,1,95.15%,4.85%,5098
113,112,1441342,3712,Risk 1 (High),60657,41.94330696,-87.66406138,1,1,0,Canvass,1891,SOUTHPORT,310.8319,282.7704,302.3753,1939.5222,1,95.16%,4.84%,5099
1193,1192,1372365,48224,Risk 1 (High),60601,41.88670423,-87.62805356,1,1,0,Canvass,1990,WACKER,472.7565,466.8849,625.0648,1312.7676,1,95.16%,4.84%,5100
1641,1640,1494106,1045760,Risk 1 (High),60647,41.93210986,-87.68361585,1,1,0,Canvass,1916,DIVERSEY,334.1665,1099.1375,951.0293,1997.3861,1,95.16%,4.84%,5101
6815,6814,1441314,2303680,Risk 3 (Low),60657,41.94231341,-87.64432246,1,0,0,License,1923,BROADWAY,550.13,412.3525,418.5932,1697.2255,1,95.16%,4.84%,5102
1191,1190,1372366,48217,Risk 1 (High),60601,41.88670423,-87.62805356,1,1,0,Canvass,1990,WACKER,430.9331,466.8849,625.0648,1312.7676,1,95.16%,4.84%,5103
3584,3583,1385488,1892860,Risk 1 (High),60639,41.91696685,-87.73335306,1,1,0,Complaint,1910,ARMITAGE,21087.1053,428.8305,287.7567,1708.0276,1,95.16%,4.84%,5104
1701,1700,1439328,1119100,Risk 2 (Medium),60611,41.89224916,-87.60951805,1,1,0,Canvass,1994,GRAND,1089.2479,1153.3168,1932.9899,2969.4597,1,95.16%,4.84%,5105
1192,1191,1372362,48221,Risk 1 (High),60601,41.88670423,-87.62805356,1,1,0,Canvass,1990,WACKER,321.0618,466.8849,625.0648,1312.7676,1,95.16%,4.84%,5106
3386,3385,1387641,1846595,Risk 1 (High),60617,41.73951522,-87.55161787,1,1,1,Canvass,1927,COMMERCIAL,460.0415,496.5408,574.3066,2651.2766,1,95.16%,4.84%,5107
6068,6067,1496381,2235049,Risk 1 (High),60625,41.97459679,-87.69235541,1,1,0,Canvass,1880,LINCOLN,716.7656,875.609,568.9529,1793.4232,1,95.16%,4.84%,5108
7142,7141,1372579,2320251,Risk 1 (High),60601,41.88670423,-87.62805356,1,0,0,License,1990,WACKER,288.931,466.8849,625.0648,1312.7676,1,95.16%,4.84%,5109
3377,3376,1372578,1845262,Risk 1 (High),60601,41.88670423,-87.62805356,1,1,0,Canvass,1990,WACKER,279.4306,466.8849,625.0648,1312.7676,1,95.16%,4.84%,5110
4415,4414,1493233,2026950,Risk 1 (High),60618,41.96127155,-87.68405492,1,1,0,Canvass,1911,MONTROSE,193.0535,708.9689,1214.8734,2161.5424,1,95.16%,4.84%,5111
2398,2397,1439347,1491413,Risk 1 (High),60611,41.89267129,-87.6225722,1,1,0,Complaint,1962,OHIO,212.1913,598.2373,47.8704,1199.2219,1,95.16%,4.84%,5112
6197,6196,1395462,2252546,Risk 1 (High),60608,41.85792306,-87.66521187,1,1,0,Complaint,1894,18TH,357.5182,454.706,504.4289,2916.8706,1,95.16%,4.84%,5113
4958,4957,1490747,2099425,Risk 1 (High),60632,41.80778739,-87.70381745,1,1,0,Canvass,1984,KEDZIE,1296.3806,412.3169,980.8119,1657.758,1,95.16%,4.84%,5114
6178,6177,1471281,2252227,Risk 1 (High),60647,41.91757216,-87.69985903,1,1,0,Canvass,1912,ARMITAGE,271.3914,578.2733,292.6176,1260.3791,1,95.16%,4.84%,5115
4738,4737,1471283,2074097,Risk 1 (High),60647,41.92706664,-87.69732984,1,1,0,Canvass,1891,CALIFORNIA,319.2766,638.562,172.1684,1486.6269,1,95.16%,4.84%,5116
2323,2322,1372363,1474073,Risk 1 (High),60601,41.88670423,-87.62805356,1,1,0,Canvass,1990,WACKER,167.6467,466.8849,625.0648,1312.7676,1,95.16%,4.84%,5117
4444,4443,1325230,2031732,Risk 1 (High),60647,41.91755732,-87.6826644,1,1,0,Canvass,1896,LEAVITT,348.0568,543.1148,187.2526,1695.6454,1,95.16%,4.84%,5118
4915,4914,1107063,2094095,Risk 3 (Low),60640,41.96914479,-87.65910172,1,1,0,Canvass,1949,LAWRENCE,147.427,521.9279,159.9059,395.9854,1,95.16%,4.84%,5119
2716,2715,1107098,1617681,Risk 1 (High),60640,41.97336108,-87.65936306,1,1,0,Canvass,1932,ARGYLE,56.4347,344.4682,601.7027,1237.0182,1,95.16%,4.84%,5120
2591,2590,1501229,1575556,Risk 1 (High),60647,41.92172351,-87.69746848,1,0,0,Canvass,1910,CALIFORNIA,466.8677,638.9666,183.3587,1171.3142,1,95.17%,4.83%,5121
4149,4148,1396139,1986324,Risk 1 (High),60654,41.89084384,-87.63241249,1,0,1,Canvass,1891,La,694.5123,366.4874,418.271,725.3089,1,95.17%,4.83%,5122
1204,1203,1459642,48878,Risk 1 (High),60618,41.93660967,-87.69789301,1,1,0,Canvass,1891,CALIFORNIA,296.7605,474.8253,320.3726,1584.7904,1,95.17%,4.83%,5123
1506,1505,1459261,77168,Risk 1 (High),60623,41.83700796,-87.72336374,1,1,0,Canvass,1919,31ST,131.1629,340.5036,766.0098,2160.628,1,95.17%,4.83%,5124
1863,1862,1497561,1196269,Risk 2 (Medium),60607,41.87685514,-87.64154407,1,1,0,Canvass,1998,VAN,520.4445,280.6791,950.5497,1491.0465,1,95.17%,4.83%,5125
5076,5075,1497287,2115087,Risk 1 (High),60616,41.85101978,-87.61388212,1,1,0,Canvass,1996,LAKE,80.2376,2084.5079,1884.3831,3115.5483,1,95.17%,4.83%,5126
4141,4140,1497930,1985411,Risk 2 (Medium),60654,41.88755591,-87.63411766,1,1,0,Canvass,1983,Wells,435.3898,581.6575,667.7687,1431.9271,1,95.17%,4.83%,5127
5250,5249,1358278,2134033,Risk 1 (High),60608,41.85039924,-87.68057159,1,1,1,Canvass,1897,23RD,292.184,628.9522,328.6057,213.1186,1,95.17%,4.83%,5128
1122,1121,1439303,44290,Risk 1 (High),60611,41.89224916,-87.60951805,1,1,0,Canvass,1994,GRAND,618.5924,1153.3168,1932.9899,2969.4597,1,95.17%,4.83%,5129
5251,5250,1490789,2134047,Risk 1 (High),60654,41.88852671,-87.63119137,1,1,1,Canvass,1915,CLARK,420.8699,402.446,721.3489,627.2822,1,95.17%,4.83%,5130
4963,4962,1459637,2099575,Risk 1 (High),60613,41.94735998,-87.65393245,1,1,0,Complaint,1901,ADDISON,739.6942,172.102,495.219,2112.6461,1,95.17%,4.83%,5131
4615,4614,1155235,2060151,Risk 1 (High),60622,41.9034494,-87.66803165,1,1,0,Canvass,1926,DIVISION,214.5039,471.5735,319.3676,1582.4666,1,95.17%,4.83%,5132
4064,4063,1447401,1975690,Risk 1 (High),60606,41.88461562,-87.63668236,1,1,0,Canvass,1954,WACKER,818.9181,677.0438,607.3331,1959.4434,1,95.17%,4.83%,5133
2405,2404,1439270,1492165,Risk 1 (High),60611,41.89224916,-87.60951805,1,1,0,Canvass,1994,GRAND,535.3522,1153.3168,1932.9899,2969.4597,1,95.17%,4.83%,5134
2743,2742,1482269,1620462,Risk 1 (High),60640,41.96210413,-87.65520383,1,1,0,Canvass,1909,BROADWAY,552.6941,774.159,317.2472,1532.4834,1,95.17%,4.83%,5135
3833,3832,1459645,1938050,Risk 1 (High),60622,41.90317815,-87.67104319,1,1,0,Canvass,1927,DIVISION,685.4479,336.6141,234.9101,1454.398,1,95.17%,4.83%,5136
4374,4373,1447229,2020846,Risk 2 (Medium),60606,41.88435919,-87.6340799,1,1,0,Complaint,1928,Randolph,181.8758,247.2797,110.0875,1938.5322,1,95.17%,4.83%,5137
7029,7028,1467325,2313696,Risk 1 (High),60611,41.89224916,-87.60951805,1,0,0,License,1994,GRAND,498.3328,1153.3168,1932.9899,2969.4597,1,95.17%,4.83%,5138
3395,3394,1459735,1847326,Risk 1 (High),60622,41.90318099,-87.67087634,1,1,0,Canvass,1927,DIVISION,263.095,342.7548,239.7233,1446.0576,1,95.17%,4.83%,5139
6850,6849,1199342,2304326,Risk 1 (High),60611,41.89807992,-87.62394571,1,1,0,License,1976,MICHIGAN,371.5678,528.6204,387.2002,1282.0147,1,95.17%,4.83%,5140
1090,1089,1439230,43048,Risk 1 (High),60611,41.89224916,-87.60951805,1,1,0,Canvass,1994,GRAND,477.7762,1153.3168,1932.9899,2969.4597,1,95.17%,4.83%,5141
3507,3506,1447413,1879345,Risk 1 (High),60606,41.88326585,-87.63876082,1,1,0,Canvass,1990,RIVERSIDE,165.762,912.0402,870.8016,1485.0439,1,95.17%,4.83%,5142
7702,7701,1497776,2359453,Risk 2 (Medium),60611,41.89807992,-87.62394571,1,0,0,License,1976,MICHIGAN,355.7381,528.6204,387.2002,1282.0147,1,95.17%,4.83%,5143
7482,7481,1490586,2342224,Risk 1 (High),60614,41.92783382,-87.64165881,1,1,0,License,1952,CLARK,638.5478,483.3619,85.6476,909.3393,1,95.17%,4.83%,5144
2238,2237,1439345,1441946,Risk 1 (High),60611,41.89224916,-87.60951805,1,1,0,Canvass,1994,GRAND,449.8329,1153.3168,1932.9899,2969.4597,1,95.17%,4.83%,5145
1738,1737,1439327,1139637,Risk 1 (High),60611,41.89224916,-87.60951805,1,1,0,Canvass,1994,GRAND,441.1679,1153.3168,1932.9899,2969.4597,1,95.18%,4.82%,5146
7115,7114,1435177,2319798,Risk 1 (High),60622,41.90279709,-87.66733069,1,1,0,License,1937,ASHLAND,381.7462,314.7173,363.5074,1449.6438,1,95.18%,4.82%,5147
1242,1241,1439268,51243,Risk 1 (High),60611,41.89224916,-87.60951805,1,1,0,Canvass,1994,GRAND,425.1205,1153.3168,1932.9899,2969.4597,1,95.18%,4.82%,5148
4583,4582,1435119,2054652,Risk 1 (High),60610,41.91108515,-87.6306321,1,1,0,Canvass,2008,NORTH,277.8151,781.3425,412.9764,431.2541,1,95.18%,4.82%,5149
1205,1204,1439346,48940,Risk 1 (High),60611,41.89224916,-87.60951805,1,1,0,Canvass,1994,GRAND,344.3061,1153.3168,1932.9899,2969.4597,1,95.18%,4.82%,5150
5396,5395,1441311,2146459,Risk 1 (High),60657,41.93491149,-87.64407884,1,1,0,Canvass,1899,2875,445.3299,334.2322,257.2213,2106.0191,1,95.18%,4.82%,5151
7028,7027,1467324,2313695,Risk 1 (High),60611,41.89224916,-87.60951805,1,1,0,License,1994,GRAND,290.5671,1153.3168,1932.9899,2969.4597,1,95.18%,4.82%,5152
6849,6848,1199343,2304325,Risk 1 (High),60611,41.89807992,-87.62394571,1,1,0,License,1976,MICHIGAN,141.2559,528.6204,387.2002,1282.0147,1,95.18%,4.82%,5153
1392,1391,1372474,64693,Risk 1 (High),60611,41.89224916,-87.60951805,1,1,0,Complaint,1994,GRAND,247.4007,1153.3168,1932.9899,2969.4597,1,95.18%,4.82%,5154
1120,1119,1439269,44239,Risk 1 (High),60611,41.89224916,-87.60951805,1,1,0,Canvass,1994,GRAND,238.7123,1153.3168,1932.9899,2969.4597,1,95.18%,4.82%,5155
2602,2601,1092810,1576687,Risk 1 (High),60657,41.93946536,-87.67815712,1,1,0,Canvass,1901,BELMONT,80.7754,478.1861,258.7517,1551.9224,1,95.18%,4.82%,5156
7495,7494,1515520,2348704,Risk 2 (Medium),60636,41.78356419,-87.65445593,1,1,0,License,2008,RACINE,292.2362,587.3342,1060.2666,2123.8168,1,95.18%,4.82%,5157
1092,1091,1473974,43079,Risk 1 (High),60629,41.77884294,-87.70438274,1,1,0,Canvass,1924,63RD,466.9076,250.7045,799.4888,2943.0407,1,95.18%,4.82%,5158
6056,6055,1488228,2233239,Risk 2 (Medium),60608,41.85784563,-87.67028364,1,1,0,Canvass,1889,18TH,231.2744,586.8713,395.3145,2840.1478,1,95.18%,4.82%,5159
4053,4052,1199294,1974774,Risk 1 (High),60611,41.89807992,-87.62394571,1,1,0,Canvass,1976,MICHIGAN,78.2828,528.6204,387.2002,1282.0147,1,95.18%,4.82%,5160
3800,3799,1228475,1932879,Risk 1 (High),60614,41.92593792,-87.64966458,1,1,0,Canvass,1920,LINCOLN,236.7105,415.5077,92.7551,1483.0889,1,95.18%,4.82%,5161
922,921,1493239,35117,Risk 2 (Medium),60643,41.70241717,-87.68134559,1,1,0,Canvass,1955,WESTERN,1769.4367,1199.4118,1782.5759,4504.1013,1,95.18%,4.82%,5162
166,165,1493251,6282,Risk 1 (High),60613,41.96135532,-87.67830516,1,1,0,Canvass,1907,MONTROSE,482.9803,210.5174,594.3895,1657.6111,1,95.18%,4.82%,5163
6164,6163,1325030,2247144,Risk 2 (Medium),60612,41.87370412,-87.70086462,1,1,0,Canvass,1924,SACRAMENTO,762.3489,503.8725,604.5067,1849.5289,1,95.18%,4.82%,5164
1874,1873,1325186,1198178,Risk 1 (High),60647,41.91745857,-87.68510264,1,1,0,Canvass,1888,OAKLEY,138.4171,394.008,246.9218,1931.6196,1,95.18%,4.82%,5165
2946,2945,1441268,1695172,Risk 1 (High),60657,41.93710272,-87.66486149,1,1,0,Canvass,1904,LINCOLN,899.0615,632.5922,277.24,1740.0731,1,95.18%,4.82%,5166
2465,2464,1513200,1514960,Risk 2 (Medium),60615,41.80261124,-87.60656466,1,1,0,Canvass,1965,COTTAGE,255.6754,461.7198,385.5181,2660.1262,1,95.18%,4.82%,5167
5363,5362,1296863,2141725,Risk 1 (High),60620,41.74257762,-87.63393693,1,1,0,Canvass,2008,STEWART,65.8255,852.6953,932.3692,2611.4432,1,95.19%,4.81%,5168
6077,6076,1395290,2240327,Risk 1 (High),60647,41.92184348,-87.69747207,1,0,0,License,1910,CALIFORNIA,66.9662,627.7248,191.4083,1197.5984,1,95.19%,4.81%,5169
6183,6182,1460182,2252297,Risk 2 (Medium),60641,41.94029215,-87.72736338,1,1,0,Canvass,1925,PULASKI,1080.6917,505.7356,487.1367,725.2173,1,95.19%,4.81%,5170
5630,5629,1453609,2172617,Risk 2 (Medium),60605,41.87422313,-87.62613908,1,1,0,Canvass,2005,WABASH,196.4708,393.3127,1184.6377,1863.9274,1,95.19%,4.81%,5171
3177,3176,1453295,1800476,Risk 1 (High),60605,41.87426295,-87.62613998,1,1,0,Canvass,2005,Wabash,360.1458,397.5508,1189.4092,1875.7886,1,95.19%,4.81%,5172
583,582,1490267,23917,Risk 1 (High),60632,41.81619009,-87.70105489,1,1,0,Canvass,1917,ARCHER,79.7787,430.0812,251.6927,2102.7259,1,95.19%,4.81%,5173
3647,3646,1434540,1904141,Risk 1 (High),60632,41.80446826,-87.7236327,1,1,0,Canvass,1911,PULASKI,273.3309,933.0139,716.1006,2567.2081,1,95.19%,4.81%,5174
4584,4583,1305604,2054767,Risk 1 (High),60623,41.84419928,-87.72028041,1,1,0,Canvass,1940,26TH,241.97,140.6261,871.5723,1881.9762,1,95.19%,4.81%,5175
7255,7254,1459770,2327226,Risk 3 (Low),60614,41.92424982,-87.63981594,1,0,0,License,1932,CLARK,909.1423,494.3561,202.4412,1549.5025,1,95.19%,4.81%,5176
2797,2796,1497158,1647518,Risk 1 (High),60614,41.93203023,-87.64451901,1,1,0,Canvass,1921,CLARK,407.7389,613.746,55.8137,1435.107,1,95.19%,4.81%,5177
4103,4102,1493317,1980200,Risk 1 (High),60625,41.9737255,-87.69202089,1,1,0,Canvass,1905,Lincoln,657.9111,725.9729,661.7438,1464.6408,1,95.19%,4.81%,5178
7254,7253,1459768,2327225,Risk 1 (High),60614,41.92424982,-87.63981594,1,1,0,License,1932,CLARK,864.3923,494.3561,202.4412,1549.5025,1,95.19%,4.81%,5179
7408,7407,1501473,2340846,Risk 1 (High),60616,41.85295011,-87.63284146,1,0,0,License,1989,CERMAK,707.9282,93.8068,550.995,1596.4611,1,95.19%,4.81%,5180
3201,3200,1199432,1801885,Risk 1 (High),60661,41.8817421,-87.64141939,1,1,0,Canvass,1985,MADISON,710.1664,1089.873,430.9622,1078.9009,1,95.19%,4.81%,5181
3116,3115,1387571,1768801,Risk 2 (Medium),60619,41.73625546,-87.62291751,1,1,0,Canvass,1919,87TH,656.0106,547.8548,267.1651,3894.8533,1,95.19%,4.81%,5182
2875,2874,1453334,1676715,Risk 2 (Medium),60605,41.87434258,-87.62614177,1,1,0,Canvass,2005,WABASH,426.3966,406.3939,1199.3574,1899.6199,1,95.19%,4.81%,5183
6749,6748,1460130,2298719,Risk 1 (High),60608,41.85787654,-87.66789942,1,1,0,Canvass,1889,18TH,488.3166,652.769,358.3259,2854.5328,1,95.19%,4.81%,5184
4153,4152,1325136,1986445,Risk 1 (High),60647,41.91758959,-87.6982529,1,1,0,Canvass,1903,ARMITAGE,64.6401,409.271,91.5991,1281.4239,1,95.19%,4.81%,5185
7830,7829,1515514,2373513,Risk 1 (High),60609,41.81574934,-87.66612593,1,0,0,License,1936,43RD,114.3744,540.0322,764.9661,2799.8859,1,95.20%,4.80%,5186
5272,5271,1439261,2134588,Risk 1 (High),60611,41.89983492,-87.62779917,1,1,0,Canvass,2008,WALTON,445.0213,393.6506,380.1911,602.1876,1,95.20%,4.80%,5187
3232,3231,1199286,1804575,Risk 1 (High),60611,41.8925183,-87.61850243,1,1,0,Canvass,2010,OHIO,356.3511,218.9883,581.6127,1004.2157,1,95.20%,4.80%,5188
3306,3305,1372561,1822221,Risk 1 (High),60601,41.88460763,-87.62576747,1,1,0,Canvass,1937,RANDOLPH,228.4227,539.9407,238.7559,2036.6215,1,95.20%,4.80%,5189
3797,3796,1447355,1932619,Risk 1 (High),60606,41.88001343,-87.63657238,1,1,0,Canvass,2005,WACKER,256.3869,1058.0173,731.7374,1104.7541,1,95.20%,4.80%,5190
7756,7755,1447596,2363660,Risk 1 (High),60607,41.86921678,-87.66249389,1,1,0,License,1889,TAYLOR,410.945,433.9628,589.7342,3113.1504,1,95.20%,4.80%,5191
1363,1362,1496463,61460,Risk 1 (High),60654,41.89108321,-87.64691989,1,1,1,Canvass,1879,GRAND,640.0586,436.3747,507.5944,926.9297,1,95.20%,4.80%,5192
3583,3582,1391460,1892841,Risk 1 (High),60660,41.98354261,-87.65842914,1,1,0,Canvass,1916,BRYN,128.8355,610.4396,467.0458,1359.8069,1,95.20%,4.80%,5193
7110,7109,1402003,2314996,Risk 2 (Medium),60613,41.9471397,-87.65376603,1,1,0,License,1904,ADDISON,1563.5357,211.1929,468.6423,2101.2542,1,95.20%,4.80%,5194
7755,7754,1447597,2363659,Risk 1 (High),60607,41.86921678,-87.66249389,1,0,0,License,1889,TAYLOR,272.8776,433.9628,589.7342,3113.1504,1,95.20%,4.80%,5195
6215,6214,1441209,2253111,Risk 2 (Medium),60657,41.94346157,-87.66406559,1,1,0,Complaint,1891,SOUTHPORT,312.1654,264.4707,268.0905,1974.688,1,95.20%,4.80%,5196
3017,3016,1453435,1737961,Risk 1 (High),60605,41.87632099,-87.6308794,1,1,1,Canvass,1892,CLARK,422.8809,645.5911,812.2015,1361.8968,1,95.20%,4.80%,5197
1049,1048,1199363,40828,Risk 1 (High),60611,41.8992486,-87.62427498,1,1,0,Canvass,1988,MICHIGAN,1126.0276,427.2495,459.0609,1195.6449,1,95.20%,4.80%,5198
1709,1708,1467486,1120447,Risk 2 (Medium),60607,41.86943095,-87.66281807,1,1,0,Canvass,1884,TAYLOR,286.2001,461.1337,525.9591,3138.4621,1,95.21%,4.79%,5199
2959,2958,1092790,1696602,Risk 1 (High),60657,41.93560874,-87.66319302,1,1,0,Canvass,1883,LINCOLN,865.295,448.5602,184.7516,2140.8977,1,95.21%,4.79%,5200
7186,7185,1459787,2321141,Risk 2 (Medium),60611,41.89173214,-87.61800124,1,1,0,License,2010,GRAND,1198.4791,277.4788,388.5364,833.4429,1,95.21%,4.79%,5201
5896,5895,1434948,2202625,Risk 1 (High),60642,41.89530941,-87.6644982,1,1,0,Canvass,1904,SUPERIOR,230.8888,429.8252,308.6188,2204.7557,1,95.21%,4.79%,5202
4782,4781,1496269,2079685,Risk 1 (High),60647,41.9288491,-87.70681721,1,1,0,Canvass,1907,MILWAUKEE,253.4291,423.6387,367.8369,1338.1577,1,95.21%,4.79%,5203
4745,4744,1395529,2074313,Risk 1 (High),60620,41.75081393,-87.62671101,1,1,0,Canvass,2005,79TH,722.4291,591.9626,580.1164,2351.9483,1,95.21%,4.79%,5204
6136,6135,1401638,2246375,Risk 1 (High),60654,41.89012301,-87.6316846,1,1,1,Canvass,1912,HUBBARD,430.9667,168.1597,482.9212,460.8874,1,95.21%,4.79%,5205
4079,4078,1434894,1979467,Risk 2 (Medium),60614,41.92544705,-87.64055404,1,0,0,Complaint,1918,CLARK,100.028,475.376,76.8698,1665.9952,1,95.21%,4.79%,5206
5307,5306,1441310,2137662,Risk 1 (High),60657,41.93930968,-87.64422837,1,1,0,Canvass,1925,BROADWAY,116.1269,509.2352,216.1546,1507.8226,1,95.21%,4.79%,5207
1455,1454,1387451,70877,Risk 1 (High),60628,41.70712521,-87.61889408,1,1,0,Canvass,1961,103RD,1179.3821,588.6079,801.3471,4054.64,1,95.21%,4.79%,5208
3627,3626,1490696,1899278,Risk 1 (High),60642,41.89086215,-87.6477706,1,1,1,Canvass,1889,HALSTED,183.5587,398.3008,478.988,683.5255,1,95.21%,4.79%,5209
6386,6385,1434523,2270539,Risk 1 (High),60624,41.86607194,-87.73976973,1,1,0,Canvass,1913,ROOSEVELT,885.952,1174.4349,828.3188,1906.7083,1,95.21%,4.79%,5210
7121,7120,1434305,2319921,Risk 1 (High),60622,41.9028285,-87.69537805,1,1,0,License,1911,DIVISION,395.6848,334.2262,438.349,1757.7548,1,95.21%,4.79%,5211
4781,4780,1151940,2079621,Risk 1 (High),60619,41.75149187,-87.60506523,1,1,0,Complaint,1970,Cottage,315.0655,161.4205,325.0488,3061.4857,1,95.21%,4.79%,5212
5369,5368,1488230,2142185,Risk 2 (Medium),60608,41.85773523,-87.663181,1,1,0,Canvass,1896,18TH,203.5628,453.4655,206.208,2627.6376,1,95.21%,4.79%,5213
5431,5430,1439572,2147416,Risk 2 (Medium),60611,41.89754673,-87.62428019,1,1,0,Canvass,1964,MICHIGAN,184.6213,506.5376,287.3338,1468.7312,1,95.21%,4.79%,5214
1266,1265,1092824,53072,Risk 1 (High),60657,41.94372868,-87.64522473,1,1,0,Canvass,1923,N,254.1311,320.903,516.3069,1879.9598,1,95.21%,4.79%,5215
6743,6742,1401711,2298644,Risk 1 (High),60647,41.91757436,-87.69965391,1,1,0,License,1916,ARMITAGE,555.2904,564.9451,278.1906,1263.5047,1,95.22%,4.78%,5216
543,542,1441241,23081,Risk 2 (Medium),60657,41.9430472,-87.67118089,1,1,0,Canvass,1925,LINCOLN,357.8782,410.3937,226.1514,1155.9865,1,95.22%,4.78%,5217
7671,7670,1480311,2358921,Risk 2 (Medium),60623,41.8600391,-87.72484229,1,1,0,License,1909,PULASKI,392.5521,408.1035,448.0499,1833.1372,1,95.22%,4.78%,5218
6903,6902,1401936,2307901,Risk 3 (Low),60611,41.89774086,-87.62396132,1,1,0,License,1976,MICHIGAN,1559.4816,529.4969,346.3791,1356.7942,1,95.22%,4.78%,5219
5257,5256,1459895,2134095,Risk 1 (High),60657,41.94450556,-87.6453715,1,1,0,Canvass,1915,BROADWAY,297.1987,336.2721,540.942,2069.1969,1,95.22%,4.78%,5220
7557,7556,1512836,2350106,Risk 2 (Medium),60608,41.8576591,-87.66774554,1,1,0,License,1889,18TH,358.7058,640.7775,330.1027,2860.2168,1,95.22%,4.78%,5221
429,428,1494176,18780,Risk 1 (High),60614,41.9193571,-87.63653408,1,1,0,Canvass,1974,LINCOLN,199.1432,380.3779,336.8374,971.9617,1,95.22%,4.78%,5222
5012,5011,1497218,2109080,Risk 1 (High),60657,41.93591438,-87.6475815,1,1,0,Canvass,1923,CLARK,226.7598,338.3358,264.3563,1627.7962,1,95.22%,4.78%,5223
357,356,1490449,14889,Risk 1 (High),60616,41.85177602,-87.63213537,1,1,1,Canvass,1888,WENTWORTH,268.7121,312.0555,478.2566,1306.7777,1,95.22%,4.78%,5224
7311,7310,1467335,2333086,Risk 1 (High),60607,41.86913722,-87.63940175,1,1,0,License,1963,CANAL,368.2413,1262.2917,1170.4452,2580.0619,1,95.22%,4.78%,5225
2617,2616,1199383,1578515,Risk 1 (High),60611,41.8992486,-87.62427498,1,1,0,Canvass,1988,MICHIGAN,459.6373,427.2495,459.0609,1195.6449,1,95.22%,4.78%,5226
3475,3474,1439466,1874473,Risk 1 (High),60611,41.8992486,-87.62427498,1,1,0,Canvass,1988,MICHIGAN,429.6207,427.2495,459.0609,1195.6449,1,95.22%,4.78%,5227
2367,2366,1401972,1479601,Risk 1 (High),60632,41.80818631,-87.70743369,1,1,0,Canvass,1923,47TH,494.0743,293.0895,470.1676,2318.1856,1,95.22%,4.78%,5228
5439,5438,1441397,2147679,Risk 1 (High),60657,41.93343981,-87.65374005,1,1,0,Canvass,1929,SHEFFIELD,521.9081,302.0006,386.9156,1614.6363,1,95.22%,4.78%,5229
2738,2737,1482329,1620340,Risk 1 (High),60640,41.96161934,-87.67383267,1,1,0,Canvass,1924,RAVENSWOOD,305.5407,599.2193,616.6853,1430.0179,1,95.22%,4.78%,5230
2276,2275,1493325,1446770,Risk 1 (High),60625,41.97387159,-87.69178984,1,1,0,Canvass,1904,LINCOLN,181.7053,728.893,634.5796,1492.4633,1,95.23%,4.77%,5231
735,734,1459660,30377,Risk 1 (High),60632,41.81629174,-87.70088978,1,1,0,Canvass,1919,ARCHER,372.9884,473.4114,238.5082,2119.007,1,95.23%,4.77%,5232
1976,1975,1471501,1273251,Risk 2 (Medium),60639,41.90972882,-87.74663995,1,1,0,Canvass,1929,NORTH,477.0069,419.3113,648.5316,919.9417,1,95.23%,4.77%,5233
5172,5171,1493728,2125741,Risk 1 (High),60647,41.92479105,-87.71042044,1,1,0,Canvass,1895,FULLERTON,126.3916,347.8369,488.7281,1749.6561,1,95.23%,4.77%,5234
3796,3795,1493219,1932544,Risk 1 (High),60607,41.86917813,-87.66490728,1,1,0,Canvass,1884,TAYLOR,418.0497,467.0871,702.4033,3363.4095,1,95.23%,4.77%,5235
6270,6269,1199375,2262176,Risk 1 (High),60611,41.8992486,-87.62427498,1,1,0,Canvass,1988,MICHIGAN,235.3643,427.2495,459.0609,1195.6449,1,95.23%,4.77%,5236
4763,4762,1497213,2078749,Risk 2 (Medium),60608,41.85765807,-87.66781976,1,1,0,Canvass,1889,18TH,312.8364,643.8599,319.7464,2859.0498,1,95.23%,4.77%,5237
6506,6505,1453274,2283319,Risk 1 (High),60601,41.88457966,-87.63375683,1,0,0,License,1929,RANDOLPH,148.831,175.3689,64.2508,1957.511,1,95.23%,4.77%,5238
5974,5973,1199361,2225591,Risk 1 (High),60611,41.8992486,-87.62427498,1,1,0,Canvass,1988,MICHIGAN,189.4606,427.2495,459.0609,1195.6449,1,95.23%,4.77%,5239
5939,5938,1402057,2204097,Risk 1 (High),60642,41.89601487,-87.66400463,1,1,0,Canvass,1900,CHICAGO,375.9115,473.3295,66.4641,2037.2535,1,95.23%,4.77%,5240
905,904,1494147,34491,Risk 1 (High),60657,41.93919411,-87.64422395,1,1,0,Canvass,1925,BROADWAY,372.4369,501.0172,183.7079,1516.241,1,95.23%,4.77%,5241
6198,6197,1401869,2252564,Risk 1 (High),60647,41.92448256,-87.69969287,1,1,0,Complaint,1899,MILWAUKEE,364.4493,528.6114,397.528,1710.977,1,95.23%,4.77%,5242
7823,7822,1512871,2368976,Risk 2 (Medium),60654,41.89678144,-87.62861446,1,0,0,License,1988,CHICAGO,259.6382,493.1245,511.6039,1232.0524,1,95.23%,4.77%,5243
6434,6433,1418393,2278073,Risk 1 (High),60660,41.99790804,-87.65720115,1,1,0,Canvass,1958,KENMORE,21087.1053,636.7676,927.5265,1838.4503,1,95.23%,4.77%,5244
1790,1789,1447476,1145420,Risk 1 (High),60607,41.87290437,-87.65403304,1,1,0,Canvass,1889,VERNON,427.7011,927.7879,103.316,2635.3678,1,95.24%,4.76%,5245
5699,5698,1151998,2183905,Risk 1 (High),60637,41.79126062,-87.60508491,1,1,0,Canvass,2013,MARYLAND,376.7502,2021.6478,2215.4426,3975.1314,1,95.24%,4.76%,5246
1931,1930,1434285,1245300,Risk 1 (High),60640,41.97922554,-87.66815287,1,1,0,Canvass,1906,CLARK,797.9336,394.8994,460.3747,1571.2889,1,95.24%,4.76%,5247
3054,3053,1490806,1741558,Risk 1 (High),60613,41.96161928,-87.67502882,1,1,0,Canvass,1906,MONTROSE,420.3643,414.7479,335.1417,1483.8928,1,95.24%,4.76%,5248
7554,7553,1493471,2350043,Risk 2 (Medium),60608,41.85765704,-87.66789399,1,1,0,License,1889,18TH,296.5987,640.515,305.3623,2857.9222,1,95.24%,4.76%,5249
5698,5697,1152109,2183904,Risk 1 (High),60637,41.79126062,-87.60508491,1,1,0,Canvass,2013,MARYLAND,273.869,2021.6478,2215.4426,3975.1314,1,95.24%,4.76%,5250
5697,5696,1152110,2183902,Risk 2 (Medium),60637,41.79126062,-87.60508491,1,1,0,Canvass,2013,MARYLAND,250.1274,2021.6478,2215.4426,3975.1314,1,95.24%,4.76%,5251
1431,1430,1395951,68702,Risk 1 (High),60614,41.92172424,-87.66415449,1,1,0,Canvass,1906,WEBSTER,837.4133,443.2142,184.0924,1845.7671,1,95.24%,4.76%,5252
5612,5611,1372505,2163954,Risk 1 (High),60603,41.88115309,-87.6321957,1,1,1,Canvass,1902,LA,559.9744,433.873,439.4885,730.8366,1,95.24%,4.76%,5253
4828,4827,1152029,2084732,Risk 2 (Medium),60609,41.80155641,-87.65539596,1,1,1,Canvass,1884,51ST,975.8036,229.6752,269.7181,1377.5548,1,95.24%,4.76%,5254
6623,6622,1490865,2289949,Risk 1 (High),60643,41.69183559,-87.67109333,1,1,0,Canvass,1899,111TH,247.1952,1149.7877,734.9252,4672.5999,1,95.24%,4.76%,5255
5184,5183,1410218,2129144,Risk 2 (Medium),60632,41.81639356,-87.70072438,1,1,0,Canvass,1919,ARCHER,366.061,517.1982,232.2741,2136.3471,1,95.24%,4.76%,5256
153,152,1358270,5236,Risk 1 (High),60608,41.85781115,-87.67282194,1,1,0,Canvass,1894,18TH,731.8198,857.5371,402.371,2815.8446,1,95.24%,4.76%,5257
6896,6895,1473264,2307780,Risk 1 (High),60611,41.89159074,-87.62586714,1,1,0,License,2000,GRAND,924.5808,601.1569,644.1963,1265.8605,1,95.24%,4.76%,5258
2870,2869,1401712,1676492,Risk 1 (High),60660,41.98351971,-87.65963856,1,1,0,Canvass,1935,BRYN,119.5117,498.8586,677.2476,1286.4003,1,95.24%,4.76%,5259
7088,7087,1402165,2314462,Risk 2 (Medium),60622,41.90282606,-87.69560739,1,1,0,License,1911,DIVISION,411.805,335.6665,421.833,1788.8034,1,95.24%,4.76%,5260
2612,2611,1473845,1577802,Risk 1 (High),60647,41.92381304,-87.69724202,1,1,0,Canvass,1894,CALIFORNIA,350.4694,455.7656,282.4228,1738.6774,1,95.24%,4.76%,5261
6967,6966,1467312,2308661,Risk 1 (High),60607,41.86888416,-87.63939254,1,0,0,License,1963,CANAL,727.5061,1235.4566,1128.6607,2590.443,1,95.25%,4.75%,5262
5126,5125,1497794,2121246,Risk 2 (Medium),60611,41.89774086,-87.62396132,1,1,0,Canvass,1976,MICHIGAN,434.166,529.4969,346.3791,1356.7942,1,95.25%,4.75%,5263
5849,5848,1490609,2197036,Risk 1 (High),60613,41.94675831,-87.6782785,1,1,0,Canvass,1891,ADDISON,267.8765,335.4441,433.9385,2019.7117,1,95.25%,4.75%,5264
5917,5916,1434732,2203394,Risk 1 (High),60611,41.89159074,-87.62586714,1,1,0,Canvass,2000,GRAND,766.7504,601.1569,644.1963,1265.8605,1,95.25%,4.75%,5265
7400,7399,1474076,2340681,Risk 1 (High),60608,41.85787346,-87.66812209,1,1,0,License,1891,18TH,373.4141,642.1553,323.4654,2851.5719,1,95.25%,4.75%,5266
5023,5022,1325039,2109706,Risk 2 (Medium),60612,41.88424821,-87.6992664,1,1,0,Canvass,1895,LAKE,391.0264,551.6259,221.8058,1996.5858,1,95.25%,4.75%,5267
6895,6894,1473262,2307779,Risk 1 (High),60611,41.89159074,-87.62586714,1,1,0,License,2000,GRAND,662.362,601.1569,644.1963,1265.8605,1,95.25%,4.75%,5268
754,753,1460133,30986,Risk 2 (Medium),60609,41.83069143,-87.64352503,1,1,0,Canvass,1993,UNION,344.1649,428.8564,667.3654,1782.6137,1,95.25%,4.75%,5269
1604,1603,1439264,1021790,Risk 1 (High),60611,41.89159074,-87.62586714,1,1,0,Complaint,2000,GRAND,609.48,601.1569,644.1963,1265.8605,1,95.25%,4.75%,5270
6649,6648,1497281,2293115,Risk 1 (High),60616,41.85588513,-87.62730544,1,1,1,Canvass,1878,STATE,510.6043,463.8747,849.3256,2027.879,1,95.25%,4.75%,5271
2566,2565,1439476,1573096,Risk 1 (High),60611,41.89180548,-87.62608938,1,1,0,Canvass,1999,GRAND,413.1408,581.5693,624.5528,1251.6847,1,95.25%,4.75%,5272
6771,6770,1385588,2299068,Risk 1 (High),60639,41.90932386,-87.76097489,1,1,0,Canvass,1924,NORTH,173.3086,717.0995,597.6008,783.4941,1,95.25%,4.75%,5273
6902,6901,1401934,2307900,Risk 1 (High),60611,41.89774086,-87.62396132,1,1,0,License,1976,MICHIGAN,130.7077,529.4969,346.3791,1356.7942,1,95.25%,4.75%,5274
4089,4088,1493601,1979845,Risk 1 (High),60613,41.96192664,-87.65172031,1,1,0,Canvass,1930,MONTROSE,377.2695,547.9029,194.7331,1146.7619,1,95.25%,4.75%,5275
704,703,1396132,28748,Risk 1 (High),60655,41.70648711,-87.68230268,1,1,0,Canvass,1962,103RD,290.05,868.2648,2182.893,4870.5552,1,95.25%,4.75%,5276
1776,1775,1501244,1143770,Risk 2 (Medium),60614,41.92361621,-87.64599112,1,1,0,Canvass,1926,LINCOLN,847.0418,274.7118,197.1531,1710.8344,1,95.25%,4.75%,5277
1334,1333,1325098,59290,Risk 1 (High),60647,41.91717551,-87.71654336,1,1,0,Canvass,1890,ARMITAGE,242.99,636.8786,420.1835,1791.9394,1,95.25%,4.75%,5278
440,439,1434344,19267,Risk 1 (High),60660,41.98373477,-87.65988782,1,1,0,Canvass,1935,BRYN,716.2219,474.8792,706.1146,1361.354,1,95.25%,4.75%,5279
762,761,1496267,31294,Risk 1 (High),60611,41.89774086,-87.62396132,1,1,0,Canvass,1976,MICHIGAN,52.6423,529.4969,346.3791,1356.7942,1,95.26%,4.74%,5280
6008,6007,1372465,2232110,Risk 1 (High),60611,41.89245894,-87.6221124,1,1,0,Suspected Food Poisoning,1985,OHIO,1411.5134,475.7554,143.9303,1064.7861,1,95.26%,4.74%,5281
6399,6398,1453603,2271266,Risk 2 (Medium),0,41.87541493,-87.62747261,1,1,0,Canvass,2004,STATE,173.1429,508.2115,1055.2252,1807.0775,1,95.26%,4.74%,5282
3284,3283,1490836,1820351,Risk 1 (High),60657,41.93318096,-87.64464941,1,1,0,Canvass,1926,BROADWAY,438.7819,443.4842,281.7818,1715.9185,1,95.26%,4.74%,5283
1927,1926,1439547,1245107,Risk 2 (Medium),60611,41.89159074,-87.62586714,1,1,0,Canvass,2000,GRAND,298.0703,601.1569,644.1963,1265.8605,1,95.26%,4.74%,5284
5659,5658,1464623,2177814,Risk 2 (Medium),60626,42.00936036,-87.66637744,1,1,0,Canvass,1918,GLENWOOD,763.6993,391.9841,388.1107,1011.7627,1,95.26%,4.74%,5285
5538,5537,1439278,2157256,Risk 1 (High),60611,41.89925506,-87.62783464,1,1,0,Canvass,2008,DELAWARE,416.8556,508.7979,336.9501,649.0215,1,95.26%,4.74%,5286
7648,7647,1482393,2358495,Risk 2 (Medium),60640,41.97833437,-87.66819024,1,1,0,License,1901,CLARK,510.8365,416.8276,452.6179,1697.5144,1,95.26%,4.74%,5287
2646,2645,1447393,1592501,Risk 1 (High),60606,41.88071758,-87.63658911,1,1,0,Canvass,2005,WACKER,355.6042,922.8694,666.1911,1134.6774,1,95.26%,4.74%,5288
3736,3735,1199341,1915971,Risk 1 (High),60611,41.90064725,-87.62754741,1,1,0,Canvass,2010,OAK,553.6726,309.3618,410.5147,708.1476,1,95.26%,4.74%,5289
4984,4983,1439522,2103985,Risk 1 (High),60607,41.8766979,-87.63354314,1,1,0,Canvass,1988,WELLS,143.0495,663.5135,641.8388,1542.4331,1,95.26%,4.74%,5290
1136,1135,1459241,44899,Risk 1 (High),60654,41.88912549,-87.62942249,1,1,1,Canvass,1944,KINZIE,323.1164,469.1083,857.0182,355.3681,1,95.26%,4.74%,5291
3662,3661,1459887,1905106,Risk 1 (High),60642,41.89896533,-87.64809026,1,1,0,Canvass,2005,NORTH,366.255,1220.4612,540.6996,642.2533,1,95.26%,4.74%,5292
7773,7772,1502184,2363795,Risk 1 (High),60614,41.92568535,-87.64930844,1,1,0,License,1920,LINCOLN,795.7058,468.1844,43.5242,1583.54,1,95.26%,4.74%,5293
3967,3966,1459883,1963511,Risk 1 (High),60642,41.89896533,-87.64809026,1,1,0,Canvass,2005,NORTH,312.8983,1220.4612,540.6996,642.2533,1,95.26%,4.74%,5294
6549,6548,1474182,2284574,Risk 1 (High),60613,41.96193036,-87.65148394,1,1,0,Canvass,1930,MONTROSE,821.0546,564.4864,152.2815,1132.9639,1,95.26%,4.74%,5295
6446,6445,1441245,2278334,Risk 2 (Medium),60657,41.94005906,-87.6639765,1,0,0,Canvass,1926,SOUTHPORT,801.9694,385.8223,367.401,1527.6293,1,95.26%,4.74%,5296
6103,6102,1418504,2245279,Risk 2 (Medium),60626,42.0079321,-87.67100363,1,1,0,Canvass,1931,MORSE,576.0749,499.9392,477.1881,801.4279,1,95.26%,4.74%,5297
291,290,1401795,11242,Risk 1 (High),60614,41.92377936,-87.64615665,1,1,0,Canvass,1926,BELDEN,65.4288,287.9646,228.4427,1729.4247,1,95.26%,4.74%,5298
6282,6281,1385802,2262363,Risk 2 (Medium),60644,41.88585156,-87.74553253,1,1,0,Canvass,1879,FULTON,677.9289,286.7049,474.7754,2056.6792,1,95.27%,4.73%,5299
1448,1447,1199331,70260,Risk 1 (High),60611,41.89246019,-87.62203679,1,1,0,Canvass,1985,OHIO,80.0303,464.6332,163.7225,1054.1949,1,95.27%,4.73%,5300
2502,2501,1325175,1520647,Risk 2 (Medium),60647,41.91710363,-87.68724877,1,1,0,Canvass,1879,WESTERN,811.5874,425.4019,151.4017,2140.2654,1,95.27%,4.73%,5301
7535,7534,1493415,2349549,Risk 2 (Medium),60654,41.8892816,-87.63349105,1,0,0,License,2003,KINZIE,298.5396,346.7796,500.5146,985.9797,1,95.27%,4.73%,5302
7734,7733,1441553,2362828,Risk 1 (High),60657,41.93296711,-87.64519165,1,1,0,License,1926,CLARK,240.811,497.4526,267.6859,1697.3769,1,95.27%,4.73%,5303
4029,4028,1497735,1969966,Risk 2 (Medium),60603,41.87949996,-87.63335354,1,1,1,Canvass,1914,ADAMS,325.1591,627.621,791.5176,931.2882,1,95.27%,4.73%,5304
7688,7687,1480327,2359177,Risk 1 (High),60623,41.8369238,-87.7303689,1,0,0,License,1911,31ST,228.148,355.1992,807.2896,2451.0596,1,95.27%,4.73%,5305
2831,2830,1453270,1649320,Risk 1 (High),60604,41.87893738,-87.62448327,1,1,1,Canvass,1903,MICHIGAN,426.2263,1044.3745,813.553,1280.894,1,95.27%,4.73%,5306
7207,7206,1459341,2326484,Risk 1 (High),60623,41.8369238,-87.7303689,1,1,0,License,1911,31ST,203.4822,355.1992,807.2896,2451.0596,1,95.27%,4.73%,5307
4161,4160,1434854,1986793,Risk 1 (High),60632,41.80851466,-87.68648786,1,1,0,Canvass,1921,47TH,1967.0986,653.0171,639.0173,2947.5024,1,95.27%,4.73%,5308
5105,5104,1441432,2120522,Risk 2 (Medium),60657,41.93292097,-87.64515455,1,0,0,Canvass,1926,CLARK,510.4848,501.4896,250.0772,1694.5595,1,95.27%,4.73%,5309
2874,2873,1441278,1676691,Risk 1 (High),60657,41.94319247,-87.67133728,1,1,0,Canvass,1925,PAULINA,290.7204,416.3004,208.3951,1218.9456,1,95.27%,4.73%,5310
2102,2101,1434577,1335044,Risk 1 (High),60614,41.93291818,-87.6445079,1,1,0,Canvass,1926,DIVERSEY,179.2475,472.658,190.7615,1623.4501,1,95.27%,4.73%,5311
913,912,1488234,34672,Risk 2 (Medium),60608,41.85774187,-87.66283279,1,1,0,Canvass,1904,18TH,670.6964,464.601,195.4584,2574.0575,1,95.27%,4.73%,5312
1519,1518,1155206,78427,Risk 1 (High),60622,41.9032849,-87.67814146,1,1,0,Canvass,1929,DIVISION,395.0978,223.6289,82.606,1299.5929,1,95.27%,4.73%,5313
2852,2851,1399306,1650064,Risk 2 (Medium),60625,41.96634736,-87.68898365,1,1,0,Canvass,1917,WESTERN,242.5945,362.3781,562.1518,1359.4707,1,95.27%,4.73%,5314
736,735,1490607,30442,Risk 1 (High),60647,41.93003994,-87.70922789,1,1,0,Canvass,1923,MILWAUKEE,212.6905,338.2739,407.7017,1130.818,1,95.27%,4.73%,5315
4923,4922,1389315,2094259,Risk 1 (High),60644,41.88585156,-87.74553253,1,1,0,Canvass,1879,FULTON,269.646,286.7049,474.7754,2056.6792,1,95.27%,4.73%,5316
522,521,1447488,23023,Risk 2 (Medium),60606,41.88452546,-87.63721639,1,1,0,Canvass,1971,WACKER,791.7858,723.8723,693.8023,1878.8329,1,95.28%,4.72%,5317
134,133,1493796,3896,Risk 1 (High),60638,41.7923171,-87.78890622,1,1,0,Canvass,1926,ARCHER,820.2341,1308.8111,636.1232,1565.8398,1,95.28%,4.72%,5318
671,670,1453218,27617,Risk 1 (High),60604,41.87854293,-87.63212058,1,1,1,Canvass,1924,LA,1197.1747,629.451,770.7732,784.5084,1,95.28%,4.72%,5319
4515,4514,1396015,2042823,Risk 1 (High),60622,41.90328631,-87.67806567,1,1,0,Canvass,1929,DIVISION,293.3272,229.0163,79.8785,1308.2345,1,95.28%,4.72%,5320
4037,4036,1493713,1970356,Risk 2 (Medium),60647,41.93194601,-87.72344452,1,1,0,Canvass,1907,DIVERSEY,547.7704,490.8349,327.6026,1175.343,1,95.28%,4.72%,5321
1310,1309,1434709,56987,Risk 1 (High),60613,41.94705637,-87.6579655,1,1,0,Canvass,1900,ADDISON,244.2009,331.2403,636.1624,2407.2225,1,95.28%,4.72%,5322
1264,1263,1439540,52862,Risk 1 (High),60607,41.87204627,-87.64102471,1,1,0,Canvass,1958,CLINTON,324.3977,1261.2754,1346.193,2948.2689,1,95.28%,4.72%,5323
1595,1594,1439480,87036,Risk 1 (High),60611,41.89181437,-87.62568526,1,1,0,Canvass,1999,GRAND,136.5485,675.1334,666.0288,1348.1225,1,95.29%,4.71%,5324
4581,4580,1435121,2054650,Risk 1 (High),60610,41.91108516,-87.63125958,1,0,0,Canvass,2008,NORTH,746.8282,724.961,326.5881,523.3865,1,95.29%,4.71%,5325
1782,1781,1441393,1144544,Risk 1 (High),60657,41.94483708,-87.65410975,1,1,0,Canvass,1906,SHEFFIELD,409.7646,473.8296,410.2875,2087.424,1,95.29%,4.71%,5326
2020,2019,1493832,1300004,Risk 1 (High),60647,41.9191835,-87.67752452,1,1,0,Canvass,1930,DAMEN,602.8979,469.7203,183.6966,1269.6733,1,95.29%,4.71%,5327
1960,1959,1435171,1270938,Risk 1 (High),60632,41.80117294,-87.68964173,1,1,0,Canvass,1950,51ST,255.9069,593.5448,159.1415,1773.4927,1,95.29%,4.71%,5328
2565,2564,1459502,1573094,Risk 2 (Medium),60642,41.89176978,-87.65860461,1,1,0,Canvass,1912,OGDEN,330.1639,391.5202,141.4764,2093.7597,1,95.29%,4.71%,5329
1159,1158,1491058,46457,Risk 1 (High),60654,41.89113474,-87.64729585,1,1,1,Canvass,1889,MILWAUKEE,131.3259,424.7299,505.9934,844.4787,1,95.29%,4.71%,5330
7381,7380,1486206,2340245,Risk 1 (High),60619,41.75842568,-87.60798241,1,1,0,License,1919,E,164.9913,389.2881,177.0034,3928.8686,1,95.29%,4.71%,5331
6230,6229,1473352,2254263,Risk 1 (High),60640,41.979743,-87.66781108,1,1,0,Canvass,1919,BALMORAL,534.0138,418.0361,568.7378,1516.5824,1,95.29%,4.71%,5332
7810,7809,1464604,2368358,Risk 1 (High),60640,41.97319805,-87.65524806,1,1,0,License,1918,ARGYLE,441.2905,463.7786,552.9903,1740.157,1,95.29%,4.71%,5333
5967,5966,1453245,2222314,Risk 1 (High),60604,41.87748018,-87.62444659,1,1,1,Canvass,1910,MICHIGAN,217.4338,1057.8517,1096.3594,1519.7592,1,95.29%,4.71%,5334
3945,3944,1401978,1959577,Risk 1 (High),60642,41.89176978,-87.65860461,1,1,0,Canvass,1912,OGDEN,109.1722,391.5202,141.4764,2093.7597,1,95.29%,4.71%,5335
7572,7571,1480299,2350404,Risk 2 (Medium),60623,41.84438027,-87.70704591,1,1,0,License,1914,26TH,371.6665,436.135,498.385,2298.4526,1,95.29%,4.71%,5336
5455,5454,1402131,2152229,Risk 1 (High),60657,41.93516488,-87.64438454,1,1,0,Canvass,1899,BROADWAY,541.4936,304.0731,183.3486,2208.3261,1,95.29%,4.71%,5337
6972,6971,1402135,2308755,Risk 1 (High),60657,41.93516488,-87.64438454,1,0,0,License,1899,BROADWAY,536.2413,304.0731,183.3486,2208.3261,1,95.29%,4.71%,5338
6883,6882,1395654,2304719,Risk 2 (Medium),60652,41.74988283,-87.68602348,1,1,0,License,1950,79TH,110.318,889.3635,771.2183,3024.553,1,95.29%,4.71%,5339
5523,5522,1474115,2156713,Risk 2 (Medium),60608,41.8573812,-87.64648345,1,1,1,Canvass,1879,HALSTED,668.6553,432.057,565.3706,1483.2818,1,95.29%,4.71%,5340
3375,3374,1439291,1845166,Risk 1 (High),60611,41.89338314,-87.6280537,1,1,0,Canvass,1983,ONTARIO,54.8343,480.3473,405.2422,1341.9323,1,95.29%,4.71%,5341
850,849,1490813,33911,Risk 1 (High),60643,41.70748316,-87.68180198,1,1,0,Canvass,1962,WESTERN,447.218,773.5574,2122.0701,4878.1829,1,95.30%,4.70%,5342
5861,5860,1307383,2197169,Risk 2 (Medium),60636,41.79208735,-87.65467512,1,1,1,Complaint,1899,RACINE,924.5808,455.6541,494.7918,1515.5545,1,95.30%,4.70%,5343
3719,3718,1410214,1914170,Risk 1 (High),60632,41.80670751,-87.70431938,1,1,0,Canvass,1996,47TH,91.461,312.5882,1222.4532,1887.5624,1,95.30%,4.70%,5344
6805,6804,1493417,2303578,Risk 1 (High),60641,41.93915237,-87.73125116,1,1,0,Canvass,1935,BELMONT,394.3976,376.4079,330.1302,459.6647,1,95.30%,4.70%,5345
520,519,1286366,23015,Risk 2 (Medium),60606,41.88053925,-87.63459246,1,1,0,Canvass,1992,MONROE,238.174,661.449,464.6194,1266.0223,1,95.30%,4.70%,5346
803,802,1493428,32939,Risk 1 (High),60610,41.89198923,-87.63393058,1,1,1,Canvass,1881,WELLS,169.4356,633.9651,597.6266,1292.6366,1,95.30%,4.70%,5347
3658,3657,1435126,1904789,Risk 1 (High),60616,41.85666311,-87.64178573,1,1,1,Canvass,1879,CANALPORT,148.1254,545.4708,792.8946,1804.5461,1,95.30%,4.70%,5348
7164,7163,1434601,2320716,Risk 2 (Medium),60618,41.96125126,-87.71205218,1,0,0,License,1924,MONTROSE,335.0959,406.7178,324.4024,720.7415,1,95.30%,4.70%,5349
2988,2987,1325115,1717419,Risk 1 (High),60647,41.9101784,-87.71050556,1,1,0,Canvass,1895,NORTH,21087.1053,575.1509,46.0939,2318.7563,1,95.30%,4.70%,5350
3040,3039,1493877,1740190,Risk 1 (High),60617,41.71885614,-87.55117358,1,1,1,Canvass,1979,COMMERCIAL,431.5535,179.6194,636.2191,2123.3195,1,95.30%,4.70%,5351
5039,5038,1441621,2113651,Risk 3 (Low),60657,41.93971334,-87.6599856,1,1,0,Canvass,1918,BELMONT,365.7496,298.7576,699.3177,2196.012,1,95.30%,4.70%,5352
1743,1742,1496417,1140203,Risk 2 (Medium),60647,41.92789617,-87.6973568,1,1,0,Canvass,1907,CALIFORNIA,376.0943,653.2478,75.8902,1269.7496,1,95.30%,4.70%,5353
5351,5350,1473718,2141260,Risk 1 (High),60640,41.9797171,-87.66956492,1,1,0,Canvass,1901,ASHLAND,688.918,465.9741,351.146,1624.4641,1,95.30%,4.70%,5354
7834,7833,1515407,2373696,Risk 1 (High),60657,41.93885202,-87.64421128,1,1,0,License,1925,BROADWAY,331.0031,483.6184,104.0804,1547.6491,1,95.30%,4.70%,5355
6588,6587,1459838,2288972,Risk 1 (High),60616,41.83796853,-87.64370223,1,1,0,Complaint,2005,31ST,762.3489,287.9379,387.3969,1251.3491,1,95.31%,4.69%,5356
2154,2153,1496731,1357035,Risk 2 (Medium),60618,41.93940486,-87.68307715,1,1,0,Canvass,1911,BELMONT,272.4094,585.863,252.1465,1483.5481,1,95.31%,4.69%,5357
6361,6360,1453392,2269661,Risk 1 (High),60605,41.87278061,-87.63077151,1,0,0,License,2008,CLARK,682.5008,488.7756,403.2444,1034.8445,1,95.31%,4.69%,5358
3853,3852,1490840,1942619,Risk 1 (High),60647,41.92456429,-87.71106463,1,1,0,Canvass,1895,FULLERTON,313.9047,269.4365,318.1937,1688.3245,1,95.31%,4.69%,5359
6362,6361,1453393,2269662,Risk 1 (High),60605,41.87278061,-87.63077151,1,0,0,License,2008,CLARK,639.0329,488.7756,403.2444,1034.8445,1,95.31%,4.69%,5360
7153,7152,1434614,2320431,Risk 2 (Medium),60608,41.8576478,-87.66856199,1,0,0,License,1889,18TH,314.1616,617.7804,203.7239,2849.5515,1,95.31%,4.69%,5361
2233,2232,1447225,1425791,Risk 2 (Medium),60606,41.87779165,-87.63652434,1,1,0,Canvass,1990,WACKER,525.938,1051.6041,525.9496,1384.0448,1,95.31%,4.69%,5362
2657,2656,1493655,1593797,Risk 1 (High),60647,41.92723033,-87.69733418,1,1,0,Canvass,1902,CALIFORNIA,342.2759,648.309,118.7424,1441.6694,1,95.31%,4.69%,5363
2647,2646,1471216,1592502,Risk 1 (High),60647,41.93195944,-87.7222343,1,1,0,Canvass,1920,DIVERSEY,534.992,362.5592,292.19,937.818,1,95.31%,4.69%,5364
1627,1626,1199348,1044746,Risk 1 (High),60614,41.91844043,-87.63825829,1,0,0,Canvass,1978,ARMITAGE,440.059,542.4681,94.7309,740.0729,1,95.31%,4.69%,5365
2072,2071,1496405,1331472,Risk 1 (High),60657,41.93475136,-87.65378373,1,1,0,Canvass,1921,SHEFFIELD,468.0156,269.7765,471.0927,2014.4536,1,95.31%,4.69%,5366
7561,7560,1453507,2350190,Risk 1 (High),60605,41.87517906,-87.62747379,1,0,0,License,2004,STATE,474.8025,488.5315,1028.9554,1886.7189,1,95.31%,4.69%,5367
6009,6008,1494210,2232132,Risk 1 (High),60623,41.83683368,-87.72083155,1,1,0,Canvass,1924,31ST,548.8943,587.5126,616.619,2154.6934,1,95.31%,4.69%,5368
1737,1736,1497604,1139359,Risk 1 (High),60618,41.95046614,-87.67850589,1,1,0,Canvass,1911,DAMEN,211.595,524.4359,484.0143,1730.536,1,95.31%,4.69%,5369
4875,4874,1473520,2089328,Risk 1 (High),60625,41.96800598,-87.6883373,1,1,0,Canvass,1936,LINCOLN,212.1913,612.9189,431.6851,855.8536,1,95.31%,4.69%,5370
7528,7527,1491166,2349388,Risk 1 (High),60608,41.83353525,-87.67274903,1,1,0,License,1888,ARCHER,464.5877,1138.8835,591.3074,3485.1191,1,95.31%,4.69%,5371
7653,7652,1497102,2358584,Risk 1 (High),60641,41.96070465,-87.73956935,1,1,0,License,1918,MONTROSE,690.3851,841.3197,578.7771,795.5139,1,95.31%,4.69%,5372
5178,5177,1325093,2129025,Risk 1 (High),60647,41.91001874,-87.72439525,1,1,0,Canvass,1895,NORTH,204.3758,507.2711,222.6817,1525.6498,1,95.31%,4.69%,5373
5690,5689,1453330,2183709,Risk 1 (High),60605,41.87278061,-87.63077151,1,1,0,Canvass,2008,CLARK,367.03,488.7756,403.2444,1034.8445,1,95.31%,4.69%,5374
2990,2989,1494113,1717703,Risk 1 (High),60616,41.85362074,-87.63298133,1,1,0,Canvass,1989,ARCHER,226.8372,265.9655,525.5637,1732.0274,1,95.31%,4.69%,5375
349,348,1401599,14591,Risk 1 (High),60618,41.95744728,-87.70827183,1,1,0,Canvass,1913,KEDZIE,128.0389,661.3812,334.616,1042.2618,1,95.32%,4.68%,5376
309,308,1496791,12342,Risk 1 (High),60616,41.838345,-87.63174087,1,1,0,Canvass,1989,31ST,521.4371,620.6563,638.8778,2017.5254,1,95.32%,4.68%,5377
1989,1988,1496657,1273473,Risk 1 (High),60622,41.89571957,-87.68182312,1,1,0,Canvass,1932,CHICAGO,409.7782,513.5698,354.271,1636.9027,1,95.32%,4.68%,5378
828,827,1152115,33354,Risk 1 (High),60637,41.78585734,-87.59737852,1,1,0,Canvass,1958,60TH,311.5877,724.5717,1126.707,4171.7536,1,95.32%,4.68%,5379
2711,2710,1460061,1616557,Risk 1 (High),60640,41.96259655,-87.65551768,1,1,0,Canvass,1914,BROADWAY,437.7634,881.1862,268.4456,1589.4307,1,95.32%,4.68%,5380
6901,6900,1434840,2307885,Risk 2 (Medium),60611,41.89326298,-87.62195878,1,0,0,License,1985,ONTARIO,394.4216,639.7038,303.7277,1303.207,1,95.32%,4.68%,5381
2791,2790,1401892,1646879,Risk 1 (High),60614,41.92306778,-87.64522532,1,1,0,Canvass,1925,LINCOLN,336.4973,307.2827,99.0786,1714.1749,1,95.32%,4.68%,5382
6767,6766,1490214,2299015,Risk 2 (Medium),60613,41.96147679,-87.66958497,1,1,0,Canvass,1943,MONTROSE,499.3142,565.3707,722.4254,1394.7189,1,95.32%,4.68%,5383
3244,3243,1493802,1816808,Risk 1 (High),60620,41.75036344,-87.67135903,1,1,0,Canvass,2005,79TH,306.4602,493.3856,397.3997,1722.6996,1,95.32%,4.68%,5384
5403,5402,1395976,2146568,Risk 1 (High),60613,41.95438519,-87.65026203,1,1,0,Canvass,1911,BROADWAY,301.6801,582.4874,308.4912,1868.2662,1,95.32%,4.68%,5385
2879,2878,1372477,1676863,Risk 1 (High),60601,41.88656737,-87.62438467,1,1,0,Canvass,1980,MICHIGAN,843.5443,265.5445,507.7358,1729.2286,1,95.32%,4.68%,5386
2061,2060,1387585,1330095,Risk 2 (Medium),60628,41.71580477,-87.64320825,1,1,0,Canvass,1951,HALSTED,924.8753,617.3288,392.4874,3538.9294,1,95.32%,4.68%,5387
3248,3247,1387592,1816814,Risk 1 (High),60628,41.70864399,-87.64302435,1,1,0,Canvass,1996,HALSTED,588.2228,847.0611,746.025,3085.6835,1,95.32%,4.68%,5388
537,536,1497605,23063,Risk 2 (Medium),60601,41.885856,-87.62942174,1,1,0,Canvass,1987,LAKE,147.5113,501.9714,535.7188,1518.3102,1,95.32%,4.68%,5389
4920,4919,1395837,2094224,Risk 1 (High),60647,41.92000942,-87.6876347,1,1,0,Complaint,1891,WESTERN,405.9171,621.6596,253.1255,2048.5549,1,95.32%,4.68%,5390
4748,4747,1493347,2074379,Risk 2 (Medium),60613,41.96158074,-87.67765177,1,1,0,Canvass,1917,MONTROSE,135.8864,204.4351,559.9677,1639.7069,1,95.32%,4.68%,5391
5182,5181,1459804,2129126,Risk 1 (High),60611,41.89326298,-87.62195878,1,0,0,Canvass,1985,ONTARIO,170.1696,639.7038,303.7277,1303.207,1,95.32%,4.68%,5392
5218,5217,1391439,2130061,Risk 1 (High),60660,41.98843358,-87.6603637,1,1,0,Canvass,1894,BROADWAY,485.846,818.8472,379.627,1840.4991,1,95.32%,4.68%,5393
1105,1104,1092870,43648,Risk 1 (High),60657,41.93878358,-87.64420917,1,1,0,Canvass,1925,BROADWAY,338.6351,481.4718,81.8081,1555.0043,1,95.32%,4.68%,5394
60,59,1453333,1732,Risk 1 (High),60604,41.87890404,-87.62625048,1,1,1,Canvass,1894,WABASH,502.1422,666.8921,422.9799,1096.4555,1,95.32%,4.68%,5395
3436,3435,1482517,1869320,Risk 3 (Low),60640,41.9777322,-87.65517227,1,1,0,Canvass,1931,SHERIDAN,512.0008,678.6759,617.3208,1551.1991,1,95.32%,4.68%,5396
6900,6899,1434837,2307884,Risk 2 (Medium),60611,41.89326298,-87.62195878,1,1,0,License,1985,ONTARIO,120.2786,639.7038,303.7277,1303.207,1,95.32%,4.68%,5397
6794,6793,1491189,2299422,Risk 1 (High),60622,41.90872609,-87.67466084,1,0,0,License,1964,MILWAUKEE,2602.8886,321.8144,587.1024,1350.9829,1,95.33%,4.67%,5398
4229,4228,1493238,1999082,Risk 2 (Medium),60638,41.79004397,-87.80130039,1,1,0,Canvass,2004,HARLEM,461.7237,879.7614,1452.0222,900.351,1,95.33%,4.67%,5399
7130,7129,1459568,2320043,Risk 1 (High),60628,41.7072122,-87.61336681,1,1,0,License,1954,103RD,121.8951,374.2086,599.6856,4194.9322,1,95.33%,4.67%,5400
4398,4397,1395818,2026254,Risk 2 (Medium),60647,41.91613261,-87.67773172,1,1,0,Short Form Complaint,1909,DAMEN,734.7739,381.3687,222.244,1850.5712,1,95.33%,4.67%,5401
6303,6302,1490719,2262795,Risk 1 (High),60616,41.83796579,-87.64390673,1,1,0,Complaint,2005,31ST,605.2934,296.3701,401.7348,1297.2686,1,95.33%,4.67%,5402
7829,7828,1385844,2373497,Risk 2 (Medium),60651,41.8989884,-87.71771523,1,1,0,License,1914,AUGUSTA,874.2932,391.3419,337.4774,1527.1464,1,95.33%,4.67%,5403
5388,5387,1488218,2142757,Risk 2 (Medium),60608,41.8579016,-87.65223841,1,1,1,Canvass,1879,18TH,245.6209,590.6554,399.2419,1232.1302,1,95.33%,4.67%,5404
3327,3326,1439262,1823680,Risk 1 (High),60611,41.8993041,-87.62523649,1,1,0,Canvass,1988,DELAWARE,165.2394,475.1943,438.101,1321.4316,1,95.33%,4.67%,5405
7668,7667,1512281,2358905,Risk 1 (High),60642,41.89910985,-87.64773276,1,1,0,License,2005,HALSTED,420.4399,1245.0115,489.5413,697.3019,1,95.33%,4.67%,5406
506,505,1490243,22811,Risk 1 (High),60611,41.8933654,-87.62042206,1,1,0,Canvass,2007,FAIRBANKS,525.9874,598.0331,581.7434,1231.7668,1,95.33%,4.67%,5407
3673,3672,1372642,1908389,Risk 1 (High),60601,41.88656737,-87.62438467,1,1,0,Canvass,1980,MICHIGAN,505.6889,265.5445,507.7358,1729.2286,1,95.33%,4.67%,5408
4711,4710,1494177,2069523,Risk 1 (High),60601,41.88577122,-87.63082982,1,1,0,Canvass,1986,CLARK,1080.3549,472.6026,523.0971,1557.4962,1,95.33%,4.67%,5409
3944,3943,1372533,1959535,Risk 1 (High),60601,41.88656737,-87.62438467,1,1,0,Canvass,1980,MICHIGAN,421.3643,265.5445,507.7358,1729.2286,1,95.33%,4.67%,5410
6710,6709,1367463,2294306,Risk 1 (High),60636,41.7629663,-87.68334058,1,1,0,License Re-Inspection,1956,WESTERN,322.5211,419.9329,91.5868,2105.0089,1,95.33%,4.67%,5411
7045,7044,1329730,2313815,Risk 1 (High),60639,41.91183056,-87.7262474,1,1,0,License,1920,PULASKI,169.2859,440.6889,401.0727,1219.9846,1,95.33%,4.67%,5412
3057,3056,1325240,1741827,Risk 1 (High),60647,41.91728582,-87.70753407,1,1,0,Complaint,1926,ARMITAGE,176.1367,380.4325,315.5157,1195.2862,1,95.33%,4.67%,5413
4043,4042,1107152,1974086,Risk 1 (High),60640,41.97371474,-87.65508608,1,1,0,Canvass,1915,SHERIDAN,2086.2719,403.8028,524.4768,1902.1691,1,95.33%,4.67%,5414
3464,3463,1496891,1873851,Risk 1 (High),60616,41.83129984,-87.6147704,1,1,0,Canvass,1969,35TH,324.3977,522.043,989.7407,3163.581,1,95.33%,4.67%,5415
6169,6168,1493351,2247208,Risk 2 (Medium),60620,41.74342733,-87.63218113,1,1,0,Canvass,2008,HOLLAND,371.6665,846.8256,833.3062,2765.6956,1,95.33%,4.67%,5416
5844,5843,1435124,2196870,Risk 1 (High),60649,41.76261851,-87.57668157,1,1,1,Canvass,1903,73RD,750.6048,213.0409,383.3642,2682.0295,1,95.33%,4.67%,5417
5029,5028,1418497,2110014,Risk 2 (Medium),60660,41.98706118,-87.66544833,1,1,0,Canvass,1926,RIDGE,338.1641,830.9274,826.2772,1674.8059,1,95.33%,4.67%,5418
3576,3575,1493450,1892176,Risk 1 (High),60620,41.74342733,-87.63218113,1,1,0,Canvass,2008,HOLLAND,342.3551,846.8256,833.3062,2765.6956,1,95.33%,4.67%,5419
4608,4607,1493230,2059673,Risk 1 (High),60638,41.79004397,-87.80130039,1,1,0,Complaint,2004,HARLEM,89.7237,879.7614,1452.0222,900.351,1,95.34%,4.66%,5420
668,667,1372700,27496,Risk 2 (Medium),60601,41.88656737,-87.62438467,1,1,0,Canvass,1980,MICHIGAN,217.1474,265.5445,507.7358,1729.2286,1,95.34%,4.66%,5421
2551,2550,1494157,1547695,Risk 1 (High),60654,41.89306252,-87.62826529,1,1,0,Canvass,1991,STATE,1125.4304,441.2074,336.0479,1211.8586,1,95.34%,4.66%,5422
7357,7356,1473466,2334212,Risk 1 (High),60618,41.96110778,-87.72367413,1,1,0,License,1911,MONTROSE,452.0983,442.5771,475.694,1077.7813,1,95.34%,4.66%,5423
3070,3069,1459981,1742830,Risk 1 (High),60613,41.95180076,-87.64947748,1,1,0,Canvass,1916,BROADWAY,349.9332,508.1072,378.1079,1920.0757,1,95.34%,4.66%,5424
6083,6082,1401750,2240723,Risk 2 (Medium),60660,41.99805033,-87.66298529,1,1,0,Canvass,1914,DEVON,795.4998,511.1697,461.603,1461.083,1,95.34%,4.66%,5425
561,560,1387584,23149,Risk 1 (High),60628,41.71587494,-87.6429172,1,1,0,Canvass,1951,HALSTED,725.4562,549.551,420.7522,3603.9296,1,95.34%,4.66%,5426
7686,7685,1513076,2359175,Risk 1 (High),60601,41.88602728,-87.62216627,1,1,0,License,1986,STETSON,275.0832,667.4648,456.0172,1563.2701,1,95.34%,4.66%,5427
7201,7200,1372494,2326431,Risk 2 (Medium),60601,41.88577122,-87.63082982,1,1,0,License,1986,CLARK,578.9543,472.6026,523.0971,1557.4962,1,95.34%,4.66%,5428
4124,4123,1453367,1981200,Risk 1 (High),60605,41.87670359,-87.6308914,1,1,1,Canvass,1912,CLARK,444.0035,641.0253,846.4179,1225.5343,1,95.34%,4.66%,5429
6528,6527,1496351,2283951,Risk 1 (High),60601,41.88577122,-87.63082982,1,1,0,Canvass,1986,CLARK,471.3148,472.6026,523.0971,1557.4962,1,95.34%,4.66%,5430
7687,7686,1513077,2359176,Risk 1 (High),60601,41.88602728,-87.62216627,1,0,0,License,1986,STETSON,161.7937,667.4648,456.0172,1563.2701,1,95.34%,4.66%,5431
1726,1725,1464468,1122395,Risk 1 (High),60660,41.98832593,-87.66036036,1,1,0,Canvass,1894,BROADWAY,231.3172,820.2496,377.2331,1861.6241,1,95.34%,4.66%,5432
3131,3130,1482332,1770521,Risk 1 (High),60640,41.97861615,-87.66847039,1,1,0,Canvass,1906,CLARK,964.5757,348.5611,386.5346,1676.1273,1,95.34%,4.66%,5433
5537,5536,1441215,2157189,Risk 1 (High),60657,41.9362483,-87.64412091,1,1,0,Canvass,1911,BROADWAY,155.4572,292.6137,191.5226,2037.0468,1,95.34%,4.66%,5434
6203,6202,1372376,2252706,Risk 2 (Medium),60601,41.88577122,-87.63082982,1,1,0,Canvass,1986,CLARK,444.5714,472.6026,523.0971,1557.4962,1,95.34%,4.66%,5435
3582,3581,1307563,1892791,Risk 2 (Medium),60636,41.78241277,-87.68387449,1,1,0,Complaint,1988,WESTERN,392.6336,579.4334,524.1819,1794.3852,1,95.35%,4.65%,5436
4555,4554,1501242,2048849,Risk 2 (Medium),60654,41.89315681,-87.62835993,1,1,0,Canvass,1991,ONTARIO,454.6904,436.3983,363.7512,1234.0163,1,95.35%,4.65%,5437
6402,6401,1493283,2271391,Risk 1 (High),60647,41.92479632,-87.71012068,1,1,0,Canvass,1910,FULLERTON,439.261,387.4343,562.2758,1748.1396,1,95.35%,4.65%,5438
4246,4245,1493349,2003002,Risk 1 (High),60647,41.92500431,-87.68841336,1,1,0,Canvass,1894,FULLERTON,525.938,435.2446,328.7835,2082.4239,1,95.35%,4.65%,5439
4684,4683,1497116,2068922,Risk 2 (Medium),60610,41.91127207,-87.63311717,1,1,0,Canvass,1990,NORTH,497.435,585.429,323.8249,966.8765,1,95.35%,4.65%,5440
235,234,1441210,8520,Risk 1 (High),60657,41.94620129,-87.64930463,1,1,0,Canvass,1919,HALSTED,893.4156,365.1141,338.7589,1919.5164,1,95.35%,4.65%,5441
906,905,1228441,34512,Risk 1 (High),60605,41.87681397,-87.63162266,1,1,1,Canvass,1914,LA,209.927,668.6509,903.3706,1242.2844,1,95.35%,4.65%,5442
3026,3025,1092902,1739121,Risk 2 (Medium),60657,41.938653,-87.64420514,1,1,0,Canvass,1925,BROADWAY,586.4815,478.8655,48.2429,1570.0539,1,95.35%,4.65%,5443
4554,4553,1471295,2048800,Risk 1 (High),60647,41.92266507,-87.71685582,1,1,0,Canvass,1910,BELDEN,438.6794,260.9464,634.4789,1779.8367,1,95.35%,4.65%,5444
6329,6328,1434634,2263588,Risk 2 (Medium),60632,41.7986777,-87.70355764,1,1,0,License,1915,KEDZIE,423.8931,529.8842,451.7568,2795.6625,1,95.35%,4.65%,5445
5954,5953,1441444,2221008,Risk 2 (Medium),60657,41.94389774,-87.67177189,1,1,0,Canvass,1918,LINCOLN,489.9775,444.4602,214.9937,1499.9686,1,95.35%,4.65%,5446
6398,6397,1493223,2271242,Risk 2 (Medium),60614,41.92555289,-87.64951548,1,1,0,Complaint,1929,FULLERTON,666.8375,501.9754,112.963,1625.9425,1,95.35%,4.65%,5447
6417,6416,1459795,2277497,Risk 1 (High),60622,41.90865391,-87.67454937,1,1,0,Canvass,1964,MILWAUKEE,515.1143,330.1038,601.2095,1331.9898,1,95.35%,4.65%,5448
5892,5891,1325176,2202618,Risk 1 (High),60624,41.86931497,-87.71048996,1,1,1,Canvass,1910,HOMAN,350.9647,974.132,853.1741,283.0635,1,95.35%,4.65%,5449
935,934,1395617,35929,Risk 1 (High),60601,41.88577122,-87.63082982,1,1,0,Canvass,1986,CLARK,78.6647,472.6026,523.0971,1557.4962,1,95.35%,4.65%,5450
6811,6810,1496782,2303647,Risk 2 (Medium),60618,41.93257875,-87.71292791,1,1,0,Canvass,1895,MILWAUKEE,691.1909,356.295,252.2343,1595.8474,1,95.35%,4.65%,5451
2250,2249,1286376,1444225,Risk 1 (High),60607,41.86943667,-87.66247602,1,1,0,Complaint,1899,TAYLOR,191.1546,432.4438,545.218,3105.9246,1,95.35%,4.65%,5452
5631,5630,1372396,2172641,Risk 1 (High),60603,41.88048754,-87.62450336,1,1,1,Canvass,1906,MICHIGAN,688.354,753.2983,697.5831,1239.2176,1,95.35%,4.65%,5453
7422,7421,1494182,2341030,Risk 1 (High),60654,41.88905786,-87.63384154,1,1,0,License,2010,KINZIE,803.6163,416.477,580.5224,1100.9298,1,95.35%,4.65%,5454
4656,4655,1325174,2064938,Risk 1 (High),60647,41.91490098,-87.68466743,1,1,0,Canvass,1897,MILWAUKEE,586.0872,449.6274,359.5802,2215.4004,1,95.36%,4.64%,5455
1396,1395,1152053,64912,Risk 1 (High),60609,41.83052892,-87.67270374,1,1,0,Canvass,1927,35TH,1184.6644,794.6785,663.5258,2928.0755,1,95.36%,4.64%,5456
1956,1955,1482344,1249761,Risk 1 (High),60640,41.96685955,-87.64913504,1,1,0,Canvass,1956,MARINE,289.1809,1056.3161,556.7643,1168.3563,1,95.36%,4.64%,5457
533,532,1401385,23053,Risk 2 (Medium),60613,41.94711896,-87.65530245,1,1,0,Canvass,1901,W,606.8647,426.6142,357.7588,2216.4939,1,95.36%,4.64%,5458
2818,2817,1395932,1648878,Risk 2 (Medium),60643,41.72107251,-87.66493899,1,1,0,Canvass,1994,95TH,518.4587,756.1546,661.8624,2679.6167,1,95.36%,4.64%,5459
945,944,1305509,36324,Risk 2 (Medium),60623,41.84427444,-87.71484461,1,1,0,Canvass,1915,26TH,154.9878,496.4668,468.5623,2234.949,1,95.36%,4.64%,5460
3051,3050,1482303,1741285,Risk 1 (High),60640,41.98128895,-87.66824752,1,1,0,Canvass,1911,CLARK,425.363,611.717,477.2073,1642.3647,1,95.36%,4.64%,5461
7259,7258,1459594,2327394,Risk 2 (Medium),60616,41.85388764,-87.63297016,1,0,0,License,1989,ARCHER,684.8472,357.9879,495.7994,1779.1854,1,95.36%,4.64%,5462
2841,2840,1491148,1649399,Risk 1 (High),60601,41.88576112,-87.63259515,1,1,0,Canvass,1972,LA,429.9382,416.1048,397.8779,1698.6651,1,95.36%,4.64%,5463
3674,3673,1473493,1908435,Risk 1 (High),60629,41.78633316,-87.69139684,1,1,0,Canvass,1923,59TH,885.5343,467.9264,374.2258,2854.8751,1,95.36%,4.64%,5464
4311,4310,1473436,2009136,Risk 1 (High),60632,41.81364169,-87.69451454,1,1,0,Canvass,1955,CALIFORNIA,391.0264,455.3983,440.5735,1961.4728,1,95.36%,4.64%,5465
4011,4010,1401764,1969388,Risk 1 (High),60614,41.92555423,-87.64943871,1,1,0,Canvass,1929,FULLERTON,795.4998,501.697,96.8585,1627.2837,1,95.36%,4.64%,5466
5238,5237,1493585,2133766,Risk 2 (Medium),60649,41.75870609,-87.58143892,1,1,0,Complaint,2005,75TH,502.6089,337.4948,213.4101,2700.4395,1,95.36%,4.64%,5467
1246,1245,1441386,51644,Risk 1 (High),60657,41.94314096,-87.67570739,1,1,0,Canvass,1901,ROSCOE,2343.5045,327.6253,137.8615,1811.5588,1,95.36%,4.64%,5468
7421,7420,1494180,2341029,Risk 1 (High),60654,41.88905786,-87.63384154,1,1,0,License,2010,KINZIE,451.5687,416.477,580.5224,1100.9298,1,95.36%,4.64%,5469
3921,3920,1453232,1954144,Risk 1 (High),60604,41.87739694,-87.62751493,1,1,1,Canvass,1911,State,378.2498,474.0265,711.0218,1165.2678,1,95.36%,4.64%,5470
3873,3872,1439282,1947743,Risk 1 (High),60611,41.89245401,-87.62241522,1,0,0,Canvass,1985,OHIO,332.7731,532.6658,71.1421,1110.0465,1,95.36%,4.64%,5471
7727,7726,1515361,2360157,Risk 1 (High),60618,41.94654251,-87.70247583,1,0,0,License,1910,ADDISON,138.9997,691.9021,724.3959,1833.4249,1,95.37%,4.63%,5472
1928,1927,1453352,1245151,Risk 2 (Medium),60605,41.8673211,-87.62595399,1,1,0,Canvass,2006,ROOSEVELT,565.5672,256.3973,542.9327,1472.2591,1,95.37%,4.63%,5473
7575,7574,1493773,2350500,Risk 1 (High),60618,41.94041749,-87.72578649,1,1,0,License,1923,MILWAUKEE,565.1761,439.5351,556.4655,1156.4439,1,95.37%,4.63%,5474
7187,7186,1490394,2321142,Risk 1 (High),60613,41.95432384,-87.67432084,1,1,0,License,1904,IRVING,234.4636,626.6046,621.6292,2144.7864,1,95.37%,4.63%,5475
1453,1452,1325152,70743,Risk 1 (High),60647,41.91219344,-87.70695426,1,1,0,Canvass,1895,KEDZIE,119.4437,306.9367,250.6805,1874.1543,1,95.37%,4.63%,5476
6688,6687,1490215,2293923,Risk 1 (High),60632,41.79959746,-87.70358496,1,1,0,Canvass,1917,KEDZIE,291.6006,598.7073,488.9089,2813.7096,1,95.37%,4.63%,5477
4761,4760,1434346,2078719,Risk 1 (High),60647,41.92353246,-87.69813956,1,1,0,Complaint,1909,MILWAUKEE,231.6874,464.5285,246.4886,1588.7359,1,95.37%,4.63%,5478
4982,4981,1473668,2103790,Risk 2 (Medium),60632,41.80853569,-87.6853107,1,1,0,Canvass,1919,47TH,1089.2479,669.8765,517.8964,2994.6417,1,95.37%,4.63%,5479
6498,6497,1391477,2283190,Risk 1 (High),60626,42.00272611,-87.66093837,1,1,0,Canvass,1913,SHERIDAN,910.967,416.348,580.9909,1677.76,1,95.37%,4.63%,5480
5880,5879,1434779,2202395,Risk 1 (High),60660,41.99759419,-87.66034486,1,1,0,Canvass,1904,BROADWAY,1194.9581,810.4985,357.3277,1635.87,1,95.37%,4.63%,5481
5832,5831,1482323,2196648,Risk 1 (High),60640,41.9650309,-87.67594847,1,1,0,Canvass,1916,WILSON,343.9915,326.7459,938.6794,2189.1284,1,95.37%,4.63%,5482
59,58,1488214,1726,Risk 1 (High),60608,41.83069228,-87.67740468,1,1,0,Canvass,1878,ARCHER,398.8508,851.584,318.4454,3448.2501,1,95.37%,4.63%,5483
2199,2198,1512308,1382280,Risk 1 (High),60622,41.9086895,-87.67460456,1,1,0,Canvass,1964,MILWAUKEE,79.7787,325.8482,594.0871,1341.2959,1,95.37%,4.63%,5484
1785,1784,1512714,1144900,Risk 2 (Medium),60653,41.81645555,-87.62132348,1,1,0,Canvass,2004,43RD,2602.8886,551.2675,398.7377,1964.4021,1,95.38%,4.62%,5485
6305,6304,1434410,2262845,Risk 1 (High),60610,41.90947419,-87.63480392,1,0,0,License,1968,WELLS,725.4357,741.5721,209.704,1321.6287,1,95.38%,4.62%,5486
6192,6191,1389355,2252421,Risk 1 (High),60644,41.89126606,-87.74582232,1,1,0,Canvass,1903,CICERO,393.7556,419.672,306.9728,1481.6706,1,95.38%,4.62%,5487
7250,7249,1460011,2327213,Risk 2 (Medium),60614,41.92940333,-87.64289858,1,0,0,License,1974,CLARK,519.3117,597.8957,136.5575,818.1903,1,95.38%,4.62%,5488
6721,6720,1515230,2294492,Risk 1 (High),60609,41.80920224,-87.63286103,1,1,0,Canvass,1964,47TH,358.1716,1344.7021,237.875,2360.9971,1,95.38%,4.62%,5489
7760,7759,1439605,2363720,Risk 2 (Medium),60611,41.89408538,-87.62040431,1,0,0,License,2007,ERIE,239.619,796.0495,753.6725,1492.8288,1,95.38%,4.62%,5490
6264,6263,1325068,2261769,Risk 1 (High),60647,41.91753133,-87.70461979,1,1,0,Canvass,1905,ARMITAGE,111.5004,387.7032,182.1954,1580.5491,1,95.38%,4.62%,5491
1267,1266,1490369,53171,Risk 1 (High),60625,41.96823261,-87.71865106,1,1,0,Canvass,1916,LAWRENCE,21087.1053,784.6343,388.3532,1760.0318,1,95.38%,4.62%,5492
7642,7641,1439537,2355373,Risk 1 (High),60611,41.89245291,-87.62249083,1,1,0,License,1985,OHIO,330.8182,548.9546,58.077,1122.0465,1,95.38%,4.62%,5493
6464,6463,1490397,2278918,Risk 1 (High),60601,41.88637741,-87.62438167,1,1,0,Canvass,1980,MICHIGAN,565.3952,290.7699,471.9377,1779.399,1,95.38%,4.62%,5494
2484,2483,1439284,1517737,Risk 1 (High),60611,41.8932867,-87.62073604,1,1,0,Canvass,2007,ONTARIO,36.6648,587.5712,510.1998,1214.3666,1,95.38%,4.62%,5495
5625,5624,1402075,2172469,Risk 1 (High),60622,41.89582528,-87.68937132,1,1,0,Canvass,1929,CHICAGO,350.7373,321.1144,295.2435,1650.6627,1,95.38%,4.62%,5496
6368,6367,1473588,2269730,Risk 1 (High),60613,41.95432195,-87.67446733,1,1,0,Canvass,1904,IRVING,104.259,626.4804,610.5088,2147.023,1,95.38%,4.62%,5497
1917,1916,1439487,1243198,Risk 1 (High),60611,41.89325719,-87.62234986,1,1,0,Canvass,1985,ONTARIO,525.938,690.6747,252.6954,1348.4292,1,95.38%,4.62%,5498
6751,6750,1459318,2298763,Risk 1 (High),60614,41.92944796,-87.64292489,1,0,0,License,1974,CLARK,296.804,592.1955,140.3948,820.9582,1,95.38%,4.62%,5499
4649,4648,1490354,2064551,Risk 1 (High),60622,41.90703875,-87.66744408,1,1,1,Canvass,1891,ASHLAND,21087.1053,204.007,397.8288,1283.9616,1,95.38%,4.62%,5500
1076,1075,1496578,42143,Risk 1 (High),60614,41.92960058,-87.64305121,1,1,0,Canvass,1974,CLARK,269.4221,566.8896,159.4594,842.9638,1,95.38%,4.62%,5501
3729,3728,1199399,1915121,Risk 1 (High),60611,41.89844464,-87.62740564,1,1,0,Canvass,2001,CHESTNUT,271.5555,537.9072,249.9113,905.6181,1,95.38%,4.62%,5502
5336,5335,1493388,2138418,Risk 1 (High),60601,41.88637741,-87.62438167,1,1,0,Canvass,1980,MICHIGAN,424.0834,290.7699,471.9377,1779.399,1,95.39%,4.61%,5503
5226,5225,1296850,2130274,Risk 1 (High),60643,41.69479295,-87.6616245,1,1,0,Canvass,1966,VINCENNES,237.6537,931.6184,620.5979,3521.5972,1,95.39%,4.61%,5504
519,518,1372702,23013,Risk 2 (Medium),60601,41.88637741,-87.62438167,1,0,0,Canvass,1980,MICHIGAN,387.9162,290.7699,471.9377,1779.399,1,95.39%,4.61%,5505
5040,5039,1493402,2113690,Risk 1 (High),60601,41.88637741,-87.62438167,1,1,0,Canvass,1980,MICHIGAN,354.0474,290.7699,471.9377,1779.399,1,95.39%,4.61%,5506
6533,6532,1387509,2284173,Risk 1 (High),60628,41.71743486,-87.64295572,1,1,0,Canvass,1958,HALSTED,300.3822,432.017,502.854,3616.4151,1,95.39%,4.61%,5507
3874,3873,1496903,1947771,Risk 2 (Medium),60647,41.92829271,-87.70506127,1,1,0,Canvass,1907,LOGAN,483.0232,365.0997,208.9964,1493.0962,1,95.39%,4.61%,5508
3027,3026,1296750,1739186,Risk 1 (High),60620,41.73637382,-87.62723156,1,1,0,Canvass,1974,87TH,384.1584,436.0676,489.36,3305.4644,1,95.39%,4.61%,5509
789,788,1459518,32394,Risk 2 (Medium),60654,41.88874104,-87.63708054,1,1,1,Canvass,1933,ORLEANS,2053.094,873.8231,1003.64,917.8385,1,95.39%,4.61%,5510
6609,6608,1494094,2289586,Risk 2 (Medium),60639,41.92349096,-87.74613234,1,1,0,Canvass,1910,CICERO,1940.1576,576.8698,767.4215,1651.1502,1,95.39%,4.61%,5511
7289,7288,1460205,2328314,Risk 1 (High),60622,41.90052496,-87.69943295,1,1,0,License,1900,FRANCISCO,459.5683,633.9182,334.011,2109.3243,1,95.39%,4.61%,5512
2984,2983,1493575,1717263,Risk 2 (Medium),60620,41.73637382,-87.62723156,1,1,0,Canvass,1974,87TH,226.1637,436.0676,489.36,3305.4644,1,95.39%,4.61%,5513
3362,3361,1497980,1843207,Risk 2 (Medium),60654,41.89416541,-87.62938903,1,1,0,Canvass,1998,ERIE,367.9929,416.1449,684.1678,1527.0151,1,95.39%,4.61%,5514
7413,7412,1496298,2340908,Risk 1 (High),60622,41.90935147,-87.67728727,1,0,0,License,1937,DAMEN,790.5701,334.6105,53.2656,1264.2615,1,95.39%,4.61%,5515
4617,4616,1493644,2060206,Risk 1 (High),60647,41.91773477,-87.68438613,1,1,0,Canvass,1913,ARMITAGE,199.4118,474.8103,289.7324,1830.3609,1,95.39%,4.61%,5516
530,529,1395300,23045,Risk 2 (Medium),60610,41.90381264,-87.6300569,1,1,0,Complaint,1981,DIVISION,259.6382,649.7999,378.8654,1389.4613,1,95.39%,4.61%,5517
6660,6659,1496294,2293438,Risk 1 (High),60622,41.90935147,-87.67728727,1,1,0,License,1937,DAMEN,748.3807,334.6105,53.2656,1264.2615,1,95.39%,4.61%,5518
4830,4829,1358285,2084854,Risk 1 (High),60608,41.85782747,-87.67145088,1,1,0,Canvass,1894,18TH,455.5165,660.0735,196.8671,2847.2205,1,95.39%,4.61%,5519
6293,6292,1493799,2262615,Risk 2 (Medium),60647,41.92476862,-87.68987136,1,1,0,Canvass,1889,FULLERTON,975.8036,581.4257,224.3139,2131.5476,1,95.40%,4.60%,5520
5306,5305,1496765,2137657,Risk 2 (Medium),60625,41.96666566,-87.68710366,1,1,0,Canvass,1913,LINCOLN,40.3048,400.3481,386.0355,1448.0554,1,95.40%,4.60%,5521
2265,2264,1515222,1445833,Risk 2 (Medium),60653,41.8096287,-87.60736974,1,1,0,Canvass,1984,47TH,311.1157,581.0414,445.9506,2616.3533,1,95.40%,4.60%,5522
1534,1533,1199289,80153,Risk 1 (High),60611,41.89485296,-87.6229018,1,1,0,Canvass,1979,ST,650.1505,871.5209,646.8718,1936.9539,1,95.40%,4.60%,5523
7781,7780,1512869,2363927,Risk 3 (Low),60647,41.92648029,-87.69760793,1,0,0,License,1912,CALIFORNIA,324.1798,612.8017,324.3035,1637.7694,1,95.40%,4.60%,5524
2665,2664,1408233,1594476,Risk 1 (High),60647,41.93205236,-87.68854454,1,1,0,Canvass,1923,DIVERSEY,1044.1484,593.9973,380.6368,1580.8991,1,95.40%,4.60%,5525
3121,3120,1439237,1769100,Risk 1 (High),60611,41.89348226,-87.62197841,1,1,0,Canvass,1991,ONTARIO,100.6984,705.0905,367.8219,1378.5849,1,95.40%,4.60%,5526
6290,6289,1464318,2262550,Risk 1 (High),60626,42.00780902,-87.66542848,1,1,0,Canvass,1912,MORSE,1000.456,487.9253,446.8147,1476.898,1,95.40%,4.60%,5527
6584,6583,1467502,2288900,Risk 2 (Medium),60607,41.86939894,-87.6648343,1,1,0,Canvass,1894,TAYLOR,221.1264,502.6621,637.8667,3367.2999,1,95.40%,4.60%,5528
1459,1458,1199498,71334,Risk 1 (High),60661,41.88167495,-87.64697413,1,1,0,Canvass,2003,MADISON,729.3201,895.9904,443.6361,1025.4685,1,95.40%,4.60%,5529
7754,7753,1501622,2363593,Risk 2 (Medium),60601,41.88670659,-87.63162997,1,1,0,License,2007,WACKER,247.7481,265.4997,573.4451,1279.5984,1,95.41%,4.59%,5530
4689,4688,1372668,2068951,Risk 1 (High),60602,41.88342264,-87.62802165,1,1,0,Canvass,2009,STATE,4115.6464,461.7741,487.7109,1358.6362,1,95.41%,4.59%,5531
4865,4864,1497053,2088960,Risk 2 (Medium),60657,41.94065332,-87.64427126,1,1,0,Complaint,1937,BROADWAY,364.0881,314.8983,127.4863,1498.641,1,95.41%,4.59%,5532
2481,2480,1512873,1517455,Risk 2 (Medium),60625,41.96614835,-87.68868317,1,1,0,Canvass,1924,WESTERN,654.8636,348.8151,549.0573,1448.5639,1,95.41%,4.59%,5533
1302,1301,1447300,56213,Risk 1 (High),60606,41.88182249,-87.63543657,1,1,0,Canvass,1987,MADISON,640.2408,460.3917,374.6508,1451.8055,1,95.41%,4.59%,5534
356,355,1494221,14811,Risk 1 (High),60623,41.84457881,-87.70853991,1,1,0,Canvass,1919,26TH,524.9967,317.7334,456.899,2332.2968,1,95.41%,4.59%,5535
1775,1774,1372468,1143707,Risk 1 (High),60601,41.8847797,-87.63080067,1,1,0,Canvass,1985,CLARK,484.869,687.2005,585.0611,1755.3726,1,95.41%,4.59%,5536
6490,6489,1402001,2279587,Risk 1 (High),60660,41.99164923,-87.66046439,1,1,0,Canvass,1911,BROADWAY,140.7503,606.5461,578.747,1842.3258,1,95.41%,4.59%,5537
3830,3829,1387387,1937941,Risk 1 (High),60619,41.7583019,-87.61490561,1,1,0,Canvass,1936,75TH,190.2523,140.4869,186.7613,3719.9066,1,95.41%,4.59%,5538
554,553,1372686,23114,Risk 2 (Medium),60601,41.8847797,-87.63080067,1,0,0,Canvass,1985,CLARK,401.176,687.2005,585.0611,1755.3726,1,95.41%,4.59%,5539
4126,4125,1092849,1984952,Risk 2 (Medium),60657,41.93586585,-87.67433854,1,1,0,Canvass,1911,Wellington,100.271,415.2642,335.3843,1913.9345,1,95.41%,4.59%,5540
6073,6072,1471240,2240274,Risk 1 (High),60647,41.93019094,-87.70947505,1,1,0,Complaint,1931,MILWAUKEE,201.568,281.9557,350.086,1127.0488,1,95.41%,4.59%,5541
6978,6977,1401207,2308821,Risk 1 (High),60639,41.92310286,-87.74641732,1,1,0,License,1915,CICERO,638.6657,487.5845,730.3697,1493.0553,1,95.41%,4.59%,5542
4556,4555,1441216,2048876,Risk 1 (High),60657,41.94535398,-87.64589409,1,1,0,Complaint,1921,BROADWAY,410.625,95.195,440.8611,2160.2786,1,95.41%,4.59%,5543
2901,2900,1439477,1678900,Risk 1 (High),60611,41.8956924,-87.62014286,1,1,0,Canvass,2005,SUPERIOR,342.2759,1041.6198,759.467,1570.2273,1,95.41%,4.59%,5544
5846,5845,1092782,2196960,Risk 1 (High),60657,41.93829231,-87.64907347,1,1,0,Canvass,1995,HALSTED,467.7732,380.0474,452.2093,671.4285,1,95.41%,4.59%,5545
3287,3286,1464454,1820549,Risk 1 (High),60626,42.00765876,-87.6663172,1,1,0,Canvass,1916,GLENWOOD,214.8692,363.5072,391.7343,1315.2171,1,95.41%,4.59%,5546
793,792,1439375,32633,Risk 1 (High),60611,41.89348084,-87.62207406,1,1,0,Canvass,1991,ONTARIO,238.174,715.4914,355.6081,1388.4959,1,95.41%,4.59%,5547
1496,1495,1199337,76132,Risk 1 (High),60611,41.89687696,-87.62193403,1,1,0,Canvass,2010,CHICAGO,320.1293,527.9382,578.9808,1253.9835,1,95.41%,4.59%,5548
3134,3133,1307362,1770761,Risk 1 (High),60636,41.78665418,-87.66453916,1,1,0,Canvass,1985,ASHLAND,354.0474,156.5265,374.7562,2034.035,1,95.41%,4.59%,5549
540,539,1447508,23069,Risk 2 (Medium),60606,41.88182249,-87.63543657,1,1,0,Canvass,1987,MADISON,359.6859,460.3917,374.6508,1451.8055,1,95.41%,4.59%,5550
4792,4791,1491084,2083360,Risk 1 (High),60601,41.8847797,-87.63080067,1,1,0,Canvass,1985,CLARK,146.3643,687.2005,585.0611,1755.3726,1,95.42%,4.58%,5551
7083,7082,1401997,2314293,Risk 1 (High),60610,41.90014977,-87.63716135,1,1,0,License,2006,ORLEANS,198.054,580.9754,504.3385,1009.8815,1,95.42%,4.58%,5552
6645,6644,1395590,2293014,Risk 1 (High),60622,41.89610267,-87.67211595,1,0,0,License,1940,CHICAGO,98.4091,427.2644,289.1287,1685.5535,1,95.42%,4.58%,5553
5263,5262,1493426,2134292,Risk 1 (High),60608,41.8477534,-87.6829278,1,1,1,Canvass,1884,OAKLEY,148.7215,795.5055,557.5731,1143.0633,1,95.42%,4.58%,5554
36,35,1372355,1168,Risk 1 (High),60603,41.87998273,-87.62757519,1,1,1,Canvass,1919,STATE,183.9716,566.1004,379.8246,660.389,1,95.42%,4.58%,5555
5901,5900,1490581,2202818,Risk 2 (Medium),60647,41.91874172,-87.68730089,1,1,0,Canvass,1889,WESTERN,487.4847,391.7558,46.47,2050.5934,1,95.42%,4.58%,5556
2059,2058,1496911,1330074,Risk 1 (High),60616,41.84359199,-87.64291886,1,1,1,Canvass,1887,LOWE,403.387,353.2254,413.3475,1531.6595,1,95.42%,4.58%,5557
7684,7683,1497459,2359112,Risk 2 (Medium),60611,41.89589816,-87.62077291,1,1,0,License,2006,SUPERIOR,445.5729,914.7266,705.3376,1509.5033,1,95.42%,4.58%,5558
1283,1282,1497622,54687,Risk 2 (Medium),60639,41.90988087,-87.7351582,1,1,0,Canvass,1931,NORTH,118.024,387.9951,676.1717,1387.5371,1,95.43%,4.57%,5559
399,398,1296813,17249,Risk 2 (Medium),60620,41.72532676,-87.68205464,1,1,0,Canvass,1930,WESTERN,336.2518,939.2384,1777.4974,5152.6236,1,95.43%,4.57%,5560
88,87,1502115,2535,Risk 2 (Medium),60608,41.84155769,-87.65786979,1,1,0,Canvass,1888,ARCHER,291.1867,689.2441,165.6442,3315.4832,1,95.43%,4.57%,5561
4362,4361,1199290,2017456,Risk 2 (Medium),60611,41.89484752,-87.62302211,1,1,0,Canvass,1979,HURON,393.6673,855.0314,619.5226,1948.7485,1,95.43%,4.57%,5562
4907,4906,1325081,2093889,Risk 1 (High),60647,41.90997648,-87.70907872,1,1,0,Canvass,1890,NORTH,355.9035,600.6079,223.0221,2027.2118,1,95.43%,4.57%,5563
1769,1768,1439492,1142940,Risk 2 (Medium),60611,41.89347872,-87.62221753,1,1,0,Canvass,1991,ONTARIO,413.334,728.391,340.2013,1404.1403,1,95.43%,4.57%,5564
7573,7572,1497780,2350419,Risk 1 (High),60614,41.9250972,-87.66407756,1,1,0,License,1908,Fullerton,580.5351,334.9464,192.8686,2103.1835,1,95.43%,4.57%,5565
5545,5544,1497059,2157520,Risk 2 (Medium),60618,41.94310312,-87.67884488,1,0,0,Canvass,1893,ROSCOE,652.1532,262.4731,161.5239,2014.4036,1,95.43%,4.57%,5566
7574,7573,1497783,2350420,Risk 1 (High),60614,41.9250972,-87.66407756,1,0,0,License,1908,Fullerton,497.0356,334.9464,192.8686,2103.1835,1,95.43%,4.57%,5567
1227,1226,1107159,50261,Risk 1 (High),60640,41.9786074,-87.66817641,1,1,0,Canvass,1916,CLARK,311.018,375.6517,431.8873,1652.0712,1,95.43%,4.57%,5568
141,140,1401719,3946,Risk 1 (High),60632,41.80088087,-87.69393527,1,1,0,Canvass,1963,51ST,691.3291,465.9247,575.6571,2225.6495,1,95.43%,4.57%,5569
3297,3296,1473380,1821067,Risk 1 (High),60610,41.89152757,-87.63034188,1,1,1,Canvass,1931,GRAND,709.5466,572.1012,587.215,564.395,1,95.43%,4.57%,5570
1543,1542,1372504,80814,Risk 1 (High),60603,41.88061601,-87.62904942,1,1,1,Canvass,1934,MONROE,115.8087,799.8598,384.9828,342.648,1,95.43%,4.57%,5571
1615,1614,1459309,1043368,Risk 2 (Medium),60660,41.98378038,-87.65731095,1,1,0,Canvass,1916,BRYN,310.3602,595.9618,286.0441,1559.6344,1,95.43%,4.57%,5572
453,452,1494135,20377,Risk 1 (High),60657,41.94692543,-87.65417269,1,1,0,Canvass,1914,SHEFFIELD,110.0776,263.9968,389.7009,2133.1551,1,95.44%,4.56%,5573
1973,1972,1387573,1272982,Risk 2 (Medium),60628,41.72103897,-87.64335011,1,1,0,Canvass,1972,HALSTED,1171.4411,931.9792,314.2446,3152.7626,1,95.44%,4.56%,5574
555,554,1498107,23118,Risk 2 (Medium),60601,41.88544439,-87.63258213,1,0,0,Canvass,1972,LA,763.6292,411.2942,357.6708,1802.8776,1,95.44%,4.56%,5575
3816,3815,1491173,1933985,Risk 1 (High),60614,41.91721712,-87.63704399,1,1,0,Canvass,1974,LINCOLN,681.3558,726.9652,289.4905,1294.4951,1,95.44%,4.56%,5576
7753,7752,1325343,2363583,Risk 2 (Medium),60612,41.88091464,-87.7014386,1,1,0,License,1889,MADISON,60.9989,529.1348,176.2851,2378.5184,1,95.44%,4.56%,5577
469,468,1493207,21034,Risk 1 (High),60610,41.89388875,-87.63352664,1,1,0,Canvass,1973,ERIE,150.1169,658.5829,410.073,1711.802,1,95.44%,4.56%,5578
592,591,1482498,24686,Risk 2 (Medium),60640,41.96873073,-87.67267203,1,1,0,Canvass,1902,LAWRENCE,640.4165,720.4906,298.9077,1815.6003,1,95.44%,4.56%,5579
4498,4497,1471253,2037766,Risk 1 (High),60647,41.92476548,-87.69033753,1,1,0,Canvass,1889,FULLERTON,405.0506,657.7516,184.4268,2123.9102,1,95.44%,4.56%,5580
7704,7703,1497752,2359484,Risk 1 (High),60632,41.80088087,-87.69393527,0,1,0,License,1963,51ST,396.2967,465.9247,575.6571,2225.6495,1,95.44%,4.56%,5581
6728,6727,1325114,2298351,Risk 1 (High),60647,41.91004428,-87.72188751,1,1,0,Canvass,1934,NORTH,21087.1053,676.9407,551.9749,2208.3098,1,95.44%,4.56%,5582
783,782,1497426,32316,Risk 2 (Medium),60623,41.84081413,-87.70478143,1,1,0,Canvass,1919,KEDZIE,302.7991,481.9115,671.1069,2712.9878,1,95.44%,4.56%,5583
5446,5445,1434378,2147979,Risk 1 (High),60654,41.88982704,-87.63751199,1,1,1,Complaint,1939,HUBBARD,183.0241,645.8071,895.5851,680.3905,1,95.44%,4.56%,5584
4117,4116,1199527,1980806,Risk 1 (High),60614,41.9250972,-87.66407756,1,1,0,Canvass,1908,Fullerton,42.3986,334.9464,192.8686,2103.1835,1,95.44%,4.56%,5585
143,142,1439425,3974,Risk 1 (High),60611,41.89665314,-87.62223966,1,1,0,Canvass,2010,CHICAGO,608.379,603.7878,622.8896,1363.5726,1,95.44%,4.56%,5586
2885,2884,1474040,1677226,Risk 1 (High),60647,41.93196807,-87.68774125,1,1,0,Canvass,1924,WESTERN,673.235,613.4968,363.5486,1609.9252,1,95.44%,4.56%,5587
5515,5514,1441224,2153655,Risk 1 (High),60657,41.93946599,-87.67808189,1,1,0,Canvass,1925,BELMONT,667.2815,471.1816,273.0326,1547.2958,1,95.44%,4.56%,5588
4131,4130,1496364,1985131,Risk 1 (High),60647,41.92591654,-87.6875328,1,1,0,Canvass,1946,WESTERN,21087.1053,451.8094,259.552,1937.7581,1,95.44%,4.56%,5589
2571,2570,1199320,1573666,Risk 1 (High),60611,41.89262531,-87.6257263,1,1,0,Canvass,1998,OHIO,219.9649,787.814,567.0083,1506.4505,1,95.44%,4.56%,5590
3966,3965,1296890,1963493,Risk 2 (Medium),60620,41.75807784,-87.62769045,1,1,0,Complaint,1984,75TH,188.6931,651.1222,455.0204,2922.6831,1,95.45%,4.55%,5591
2558,2557,1395255,1548307,Risk 1 (High),60602,41.88208044,-87.6315688,1,1,1,Canvass,1906,MADISON,586.581,376.0749,329.8575,870.2281,1,95.45%,4.55%,5592
4767,4766,1473821,2078887,Risk 1 (High),60616,41.83100809,-87.63493249,1,1,0,Canvass,1989,35TH,299.3658,1226.3162,1394.2842,3120.5842,1,95.45%,4.55%,5593
6087,6086,1418458,2240857,Risk 2 (Medium),60660,41.99806099,-87.66223012,1,1,0,Canvass,1922,DEVON,426.0652,614.4799,442.263,1449.4597,1,95.45%,4.55%,5594
1299,1298,1513189,56002,Risk 2 (Medium),60638,41.79238116,-87.78553465,1,1,0,Canvass,1952,ARCHER,290.2084,1265.9457,843.149,1593.5365,1,95.45%,4.55%,5595
3828,3827,1435212,1937764,Risk 1 (High),60614,41.92509839,-87.66399095,1,1,0,Canvass,1911,FULLERTON,317.5859,336.971,215.9494,2090.4737,1,95.45%,4.55%,5596
6254,6253,1482209,2256619,Risk 1 (High),60640,41.97080643,-87.65957208,1,1,0,Canvass,1995,BROADWAY,1411.5134,445.9302,448.2328,316.0785,1,95.45%,4.55%,5597
6816,6815,1107085,2303693,Risk 2 (Medium),60640,41.97806628,-87.66849575,1,1,0,License,1913,CLARK,632.7982,473.2953,450.8311,1775.0255,1,95.45%,4.55%,5598
1669,1668,1441350,1092160,Risk 1 (High),60657,41.94346603,-87.6637716,1,1,0,Canvass,1911,SOUTHPORT,56.4291,304.3313,300.0556,2016.2756,1,95.45%,4.55%,5599
2385,2384,1418228,1489647,Risk 1 (High),60625,41.96857896,-87.70677389,1,1,0,Canvass,1918,LAWRENCE,207.8535,713.0941,578.2458,1376.6969,1,95.45%,4.55%,5600
5622,5621,1497197,2164269,Risk 2 (Medium),60657,41.93317721,-87.65936357,1,1,0,Canvass,1957,LINCOLN,151.427,358.1987,247.4453,1170.6983,1,95.45%,4.55%,5601
3276,3275,1395260,1818032,Risk 1 (High),60602,41.88208114,-87.63151341,1,1,1,Canvass,1906,MADISON,235.0088,385.28,325.8262,863.1467,1,95.45%,4.55%,5602
917,916,1490864,34913,Risk 1 (High),60632,41.81512378,-87.70233076,1,1,0,Canvass,1958,ARCHER,463.545,255.4663,437.3359,1955.246,1,95.45%,4.55%,5603
7285,7284,1439596,2328141,Risk 2 (Medium),60611,41.89263269,-87.62546935,1,1,0,License,1998,OHIO,667.2815,846.0194,587.2121,1562.7767,1,95.45%,4.55%,5604
4594,4593,1497486,2055432,Risk 2 (Medium),60616,41.85604812,-87.62795664,1,1,0,Canvass,2004,ARCHER,434.1806,544.8746,764.7471,1981.5104,1,95.45%,4.55%,5605
1173,1172,1393315,47019,Risk 1 (High),60614,41.92509608,-87.66416385,1,1,0,Canvass,1908,FULLERTON,577.8615,333.8907,170.015,2116.0113,1,95.45%,4.55%,5606
4857,4856,1372525,2088686,Risk 1 (High),60601,41.88631251,-87.62054177,1,1,0,Canvass,2008,COLUMBUS,1081.2998,771.8273,455.2398,1351.8407,1,95.46%,4.54%,5607
4013,4012,1471274,1969419,Risk 1 (High),60647,41.92202353,-87.69747725,1,1,0,Canvass,1931,CALIFORNIA,577.6313,614.1673,188.07,1238.9344,1,95.46%,4.54%,5608
7748,7747,1512990,2363438,Risk 1 (High),60609,41.79441531,-87.64489156,1,1,0,License,2005,GARFIELD,356.0011,634.5047,588.3627,2105.3198,1,95.46%,4.54%,5609
3077,3076,1151986,1743117,Risk 1 (High),60637,41.79126716,-87.60271129,1,1,0,Canvass,2008,57TH,620.6675,1488.1469,1907.8818,4159.8788,1,95.46%,4.54%,5610
3060,3059,1447468,1742236,Risk 2 (Medium),60606,41.88183547,-87.63389739,1,1,0,Complaint,1997,MADISON,1532.627,319.608,254.8008,1254.5533,1,95.46%,4.54%,5611
3457,3456,1490245,1873344,Risk 1 (High),60625,41.96714374,-87.67899333,1,1,0,Canvass,1911,DAMEN,413.4959,348.7939,634.1977,2009.1758,1,95.46%,4.54%,5612
5028,5027,1401511,2109986,Risk 2 (Medium),60620,41.75593516,-87.65373224,1,1,0,Complaint,1965,RACINE,216.7007,453.4285,488.3581,3060.1903,1,95.46%,4.54%,5613
3285,3284,1490442,1820435,Risk 1 (High),60647,41.92319989,-87.68773851,1,1,0,Canvass,1906,WESTERN,324.8702,238.6682,467.4292,2218.7795,1,95.46%,4.54%,5614
3259,3258,1107053,1816937,Risk 1 (High),60640,41.96502422,-87.67393001,1,1,0,Canvass,1910,RAVENSWOOD,619.6405,651.8934,642.0852,2113.971,1,95.46%,4.54%,5615
2799,2798,1493790,1647685,Risk 1 (High),60647,41.92982552,-87.70722384,1,1,0,Canvass,1929,KEDZIE,360.2859,374.8192,316.869,1241.583,1,95.46%,4.54%,5616
5235,5234,1473948,2133719,Risk 1 (High),60647,41.92159254,-87.68739055,1,1,0,Canvass,1906,WESTERN,282.7401,430.5082,336.495,2068.502,1,95.46%,4.54%,5617
6656,6655,1471296,2293377,Risk 1 (High),60647,41.92756108,-87.70470876,1,1,0,Canvass,1904,MILWAUKEE,244.4421,500.6235,142.6559,1585.9617,1,95.46%,4.54%,5618
1373,1372,1296755,62945,Risk 2 (Medium),60628,41.68194036,-87.64195936,0,1,1,Complaint,1923,117TH,344.9982,628.3386,863.4713,2922.0684,1,95.46%,4.54%,5619
4531,4530,1434275,2043447,Risk 1 (High),60640,41.97820526,-87.66849069,1,1,0,Canvass,1913,CLARK,319.1175,433.7781,426.5462,1748.5955,1,95.46%,4.54%,5620
5877,5876,1453538,2202317,Risk 1 (High),60607,41.88170933,-87.65806722,1,1,0,Canvass,2008,MADISON,310.3727,222.7556,372.8459,815.5054,1,95.46%,4.54%,5621
2030,2029,1471275,1301176,Risk 1 (High),60647,41.92250426,-87.69749596,1,1,0,Canvass,1929,CALIFORNIA,525.938,585.8074,249.3976,1358.147,1,95.46%,4.54%,5622
2944,2943,1493394,1695168,Risk 2 (Medium),60618,41.94306905,-87.68152315,1,1,0,Canvass,1897,ROSCOE,919.7599,301.0423,206.9708,2013.5178,1,95.46%,4.54%,5623
1020,1019,1092875,39707,Risk 1 (High),60657,41.93398141,-87.6442622,1,1,0,Canvass,1949,Broadway,988.0859,346.1639,480.464,1857.4702,1,95.46%,4.54%,5624
1688,1687,1372636,1095055,Risk 1 (High),60601,41.8853537,-87.62641329,1,1,0,Canvass,2006,WABASH,21087.1053,618.7185,284.219,1954.6599,1,95.46%,4.54%,5625
909,908,1434764,34521,Risk 1 (High),60660,41.99010851,-87.66012216,1,1,0,Canvass,1914,BROADWAY,89.1307,848.469,374.9602,1632.0957,1,95.46%,4.54%,5626
7378,7377,1490620,2334804,Risk 1 (High),60618,41.9612081,-87.71565027,1,0,0,License,1893,MONTROSE,443.7069,383.098,51.2387,1262.3365,1,95.46%,4.54%,5627
7739,7738,1325284,2362987,Risk 2 (Medium),60612,41.87161089,-87.68603037,1,1,0,License,1879,WESTERN,373.4974,281.8404,228.2408,3007.6657,1,95.46%,4.54%,5628
7647,7646,1496802,2355436,Risk 1 (High),60618,41.94308026,-87.68072843,1,1,0,License,1893,ROSCOE,498.9192,325.2936,148.9742,2019.908,1,95.46%,4.54%,5629
835,834,1459453,33555,Risk 1 (High),60654,41.89285846,-87.63424924,1,1,1,Canvass,1881,WELLS,411.7218,623.7985,587.7096,1556.8286,1,95.46%,4.54%,5630
2231,2230,1395332,1423566,Risk 1 (High),60602,41.88216757,-87.62765158,1,1,1,Canvass,1906,MADISON,468.1326,431.5042,390.9738,1016.3363,1,95.46%,4.54%,5631
4248,4247,1199460,2003023,Risk 2 (Medium),60661,41.88387249,-87.64110927,1,1,0,Canvass,2000,CLINTON,256.9725,843.8763,757.4451,1605.1736,1,95.46%,4.54%,5632
1629,1628,1491201,1044796,Risk 1 (High),60613,41.94873597,-87.65792289,1,1,0,Canvass,1896,CLARK,675.2083,548.968,264.4846,2337.5758,1,95.46%,4.54%,5633
2767,2766,1473655,1622262,Risk 1 (High),60647,41.92287823,-87.687433,1,1,0,Canvass,1904,WESTERN,273.869,214.2796,363.4763,2156.7824,1,95.46%,4.54%,5634
2606,2605,1151942,1577262,Risk 1 (High),60609,41.79441677,-87.64481608,1,1,0,Canvass,2005,GARFIELD,212.8469,636.8164,575.0097,2103.2928,1,95.47%,4.53%,5635
7284,7283,1439595,2328140,Risk 2 (Medium),60611,41.89263269,-87.62546935,1,1,0,License,1998,OHIO,75.7154,846.0194,587.2121,1562.7767,1,95.47%,4.53%,5636
1998,1997,1497229,1275183,Risk 2 (Medium),60618,41.95485438,-87.67907596,1,1,0,Canvass,1902,LINCOLN,146.5903,437.1328,440.693,2078.9189,1,95.47%,4.53%,5637
6003,6002,1396003,2231993,Risk 1 (High),60618,41.95492774,-87.67912784,1,1,0,Canvass,1902,LINCOLN,455.0736,434.9885,433.5297,2082.8239,1,95.47%,4.53%,5638
6145,6144,1482370,2246713,Risk 1 (High),60640,41.96886998,-87.6788772,1,1,0,Canvass,1908,LAWRENCE,143.634,352.1203,407.7401,1795.2356,1,95.47%,4.53%,5639
6135,6134,1496586,2246351,Risk 1 (High),60616,41.85294484,-87.63322445,1,1,0,Canvass,2007,CERMAK,481.3451,56.3007,523.36,1652.8737,1,95.47%,4.53%,5640
6048,6047,1288220,2233064,Risk 1 (High),60654,41.89470618,-87.63242229,1,0,0,License,1974,HURON,440.1689,580.6085,468.9692,1837.4407,1,95.47%,4.53%,5641
6994,6993,1459429,2309077,Risk 1 (High),60657,41.93585859,-87.64411122,1,1,0,License,1912,BROADWAY,707.3322,256.6863,86.936,2136.601,1,95.47%,4.53%,5642
5964,5963,1496636,2222223,Risk 1 (High),60614,41.93277423,-87.64068504,1,1,0,Canvass,1971,DIVERSEY,534.1327,621.4026,131.2641,1028.0112,1,95.47%,4.53%,5643
4078,4077,1490403,1979463,Risk 1 (High),60625,41.96896174,-87.67904318,1,1,0,Canvass,1908,DAMEN,230.8774,365.448,391.3802,1779.711,1,95.47%,4.53%,5644
7016,7015,1464396,2313631,Risk 3 (Low),60626,42.00788364,-87.66150962,1,1,0,License,1938,SHERIDAN,756.8806,384.5219,504.3757,1185.4741,1,95.47%,4.53%,5645
510,509,1395236,22936,Risk 1 (High),60618,41.94310223,-87.67892832,1,1,0,Canvass,1895,ROSCOE,326.1373,263.1767,148.3452,2015.0562,1,95.47%,4.53%,5646
6045,6044,1288218,2233057,Risk 1 (High),60654,41.89470618,-87.63242229,1,0,0,License,1974,HURON,288.2478,580.6085,468.9692,1837.4407,1,95.47%,4.53%,5647
3301,3300,1329735,1821637,Risk 1 (High),60639,41.91695986,-87.73394534,1,1,0,Canvass,1900,ARMITAGE,328.9862,392.7809,392.9781,1719.9745,1,95.47%,4.53%,5648
6047,6046,1288221,2233063,Risk 1 (High),60654,41.89470618,-87.63242229,1,0,0,License,1974,HURON,263.2809,580.6085,468.9692,1837.4407,1,95.47%,4.53%,5649
6217,6216,1439557,2253115,Risk 2 (Medium),60611,41.89347536,-87.62257467,1,1,0,Canvass,1991,ST,362.8202,753.5121,320.4752,1447.5479,1,95.47%,4.53%,5650
6046,6045,1288219,2233059,Risk 1 (High),60654,41.89470618,-87.63242229,1,0,0,License,1974,HURON,228.8702,580.6085,468.9692,1837.4407,1,95.47%,4.53%,5651
1349,1348,1401577,60821,Risk 1 (High),60617,41.7416951,-87.55136105,1,1,1,Canvass,1936,COMMERCIAL,424.972,305.7292,393.3608,2775.9686,1,95.47%,4.53%,5652
5018,5017,1464478,2109422,Risk 1 (High),60626,42.01173221,-87.67434399,1,1,0,Canvass,1923,Clark,385.8744,845.571,585.3098,1338.7599,1,95.47%,4.53%,5653
320,319,1464285,12601,Risk 1 (High),60626,42.01038812,-87.67411913,1,1,0,Canvass,1916,CLARK,146.5903,959.1838,291.2907,1128.3939,1,95.47%,4.53%,5654
7806,7805,1441581,2368177,Risk 1 (High),60657,41.94669922,-87.66415264,1,1,0,License,1911,SOUTHPORT,924.5808,270.3953,457.6027,2248.5431,1,95.48%,4.52%,5655
1905,1904,1496283,1226935,Risk 1 (High),60647,41.92761387,-87.6973466,1,1,0,Canvass,1916,CALIFORNIA,59.8765,647.2022,48.5298,1340.2172,1,95.48%,4.52%,5656
5074,5073,1497358,2115080,Risk 1 (High),60616,41.85104667,-87.62209308,1,1,0,Canvass,2005,INDIANA,334.5011,962.135,1033.1814,2412.684,1,95.48%,4.52%,5657
690,689,1490954,28479,Risk 2 (Medium),60620,41.75053498,-87.65865206,1,1,0,Canvass,1987,79TH,324.8702,124.0803,410.687,2569.495,1,95.48%,4.52%,5658
7685,7684,1497611,2359124,Risk 1 (High),60616,41.85297383,-87.62389568,1,0,0,Canvass,2009,CERMAK,924.5808,470.5887,860.0177,2142.3818,1,95.48%,4.52%,5659
3810,3809,1387616,1933670,Risk 1 (High),60619,41.74463072,-87.6049052,1,1,1,Canvass,1928,COTTAGE,425.5905,279.9044,426.0626,2253.0933,1,95.48%,4.52%,5660
282,281,1494158,10764,Risk 1 (High),60614,41.93277261,-87.64076403,1,1,0,Canvass,1971,DIVERSEY,256.9725,608.0462,131.725,1031.547,1,95.48%,4.52%,5661
2811,2810,1493577,1648377,Risk 1 (High),60616,41.85632879,-87.62731498,1,1,0,Canvass,2004,STATE,615.7973,518.0158,771.8584,2050.0244,1,95.48%,4.52%,5662
4304,4303,1453243,2008916,Risk 1 (High),60605,41.87305962,-87.62611159,1,1,1,Complaint,1921,WABASH,373.4974,541.9716,979.1301,1537.7906,1,95.48%,4.52%,5663
7196,7195,1459970,2321266,Risk 1 (High),60640,41.97080643,-87.65957208,1,0,0,License,1995,BROADWAY,67.7194,445.9302,448.2328,316.0785,1,95.48%,4.52%,5664
2748,2747,1396122,1620705,Risk 1 (High),60654,41.89251729,-87.62794972,1,1,0,Canvass,2006,STATE,428.8187,428.1144,282.8505,1073.8504,1,95.48%,4.52%,5665
5125,5124,1434525,2121167,Risk 1 (High),60616,41.85649444,-87.62731722,1,1,0,Canvass,2004,STATE,705.058,546.4298,734.6643,2009.2689,1,95.48%,4.52%,5666
6278,6277,1434326,2262313,Risk 1 (High),60615,41.79516978,-87.59718295,1,1,1,Canvass,1913,55TH,949.6374,520.2986,794.262,2633.3706,1,95.48%,4.52%,5667
7015,7014,1464395,2313630,Risk 1 (High),60626,42.00788364,-87.66150962,1,1,0,License,1938,SHERIDAN,227.2352,384.5219,504.3757,1185.4741,1,95.48%,4.52%,5668
6704,6703,1473473,2294158,Risk 1 (High),60618,41.96119174,-87.71695187,1,1,0,Canvass,1927,MONTROSE,654.8356,441.4561,337.3603,935.9173,1,95.48%,4.52%,5669
4047,4046,1490966,1974239,Risk 1 (High),60660,41.99520222,-87.65539831,1,1,0,Canvass,1932,SHERIDAN,324.8702,600.4534,1089.2995,2198.4112,1,95.49%,4.51%,5670
936,935,1410220,35999,Risk 1 (High),60632,41.81969676,-87.69533211,1,1,0,Canvass,1921,ARCHER,614.2864,373.346,425.7744,2800.3854,1,95.49%,4.51%,5671
7691,7690,1447499,2359269,Risk 1 (High),60606,41.88196747,-87.63516544,1,1,0,License,1990,FRANKLIN,784.0606,394.6505,353.3816,1515.0998,1,95.49%,4.51%,5672
825,824,1151985,33351,Risk 1 (High),60637,41.79148499,-87.60285475,1,1,0,Canvass,2008,57TH,483.8284,1514.9206,1873.205,4163.6565,1,95.49%,4.51%,5673
805,804,1435246,33099,Risk 2 (Medium),60614,41.93055345,-87.64364879,1,1,0,Canvass,1972,CLARK,254.6583,561.5254,131.9937,1013.1863,1,95.49%,4.51%,5674
707,706,1494022,28863,Risk 2 (Medium),60641,41.96092773,-87.73933586,1,1,0,Canvass,1926,W,501.4276,832.7547,549.8896,890.68,1,95.49%,4.51%,5675
5651,5650,1493493,2177629,Risk 2 (Medium),60613,41.95375814,-87.67864419,1,1,0,Complaint,1911,LINCOLN,432.9758,608.2356,511.0406,2033.2947,1,95.49%,4.51%,5676
741,740,1493688,30598,Risk 1 (High),60657,41.94549035,-87.65530902,1,1,0,Canvass,1896,CLARK,244.4844,471.0079,116.5154,2259.4447,1,95.49%,4.51%,5677
6350,6349,1480230,2269533,Risk 2 (Medium),60623,41.84412236,-87.72602914,1,1,0,Canvass,1914,26TH,258.5243,525.8788,368.7429,2220.5669,1,95.49%,4.51%,5678
3774,3773,1325266,1927332,Risk 2 (Medium),60624,41.87389732,-87.73537557,1,1,0,Canvass,1925,KOSTNER,330.6602,714.6327,682.9991,1954.8665,1,95.49%,4.51%,5679
1490,1489,1453239,75484,Risk 1 (High),60604,41.87805068,-87.62978101,1,1,1,Canvass,1926,JACKSON,579.2236,555.557,433.4663,712.8536,1,95.49%,4.51%,5680
7430,7429,1491007,2341071,Risk 2 (Medium),60616,41.85297383,-87.62389568,1,1,0,License,2009,CERMAK,367.2783,470.5887,860.0177,2142.3818,1,95.49%,4.51%,5681
6355,6354,1490721,2269544,Risk 2 (Medium),60610,41.90376545,-87.63307247,1,1,0,Canvass,1974,DIVISION,1053.5663,427.1568,293.9909,1607.0241,1,95.49%,4.51%,5682
6872,6871,1092910,2304569,Risk 1 (High),60657,41.94683164,-87.663862,1,1,0,License,1911,SOUTHPORT,535.3522,323.1695,462.3263,2264.24,1,95.49%,4.51%,5683
4264,4263,1501788,2004040,Risk 2 (Medium),60602,41.88342264,-87.62802165,1,1,0,Canvass,2009,STATE,469.6654,461.7741,487.7109,1358.6362,1,95.49%,4.51%,5684
4254,4253,1490987,2003356,Risk 2 (Medium),60602,41.88342264,-87.62802165,1,1,0,Complaint,2009,STATE,447.4372,461.7741,487.7109,1358.6362,1,95.49%,4.51%,5685
5066,5065,1493210,2114823,Risk 2 (Medium),60602,41.88342264,-87.62802165,1,1,0,Complaint,2009,STATE,435.943,461.7741,487.7109,1358.6362,1,95.49%,4.51%,5686
355,354,1459943,14788,Risk 1 (High),60657,41.94720549,-87.64702665,1,1,0,Canvass,1935,BROADWAY,848.5504,503.3029,412.9958,1936.0752,1,95.49%,4.51%,5687
2912,2911,1372633,1679829,Risk 1 (High),60603,41.88151441,-87.6244956,1,1,1,Canvass,1898,MICHIGAN,501.7971,492.2211,447.072,1342.9265,1,95.49%,4.51%,5688
3355,3354,1480305,1842835,Risk 1 (High),60623,41.8440059,-87.73404649,1,1,0,Canvass,1909,26TH,577.3359,830.9311,459.8729,2323.3017,1,95.49%,4.51%,5689
1319,1318,1473450,57633,Risk 1 (High),60640,41.97607508,-87.66874319,1,1,0,Canvass,1896,FOSTER,391.0264,645.6505,324.8512,2039.1592,1,95.49%,4.51%,5690
4127,4126,1372588,1984957,Risk 1 (High),60602,41.88342264,-87.62802165,1,1,0,Canvass,2009,STATE,296.1986,461.7741,487.7109,1358.6362,1,95.50%,4.50%,5691
7517,7516,1385669,2349174,Risk 1 (High),60651,41.8952775,-87.72415549,0,1,0,License,1904,CHICAGO,1373.605,437.523,456.4904,2128.224,1,95.50%,4.50%,5692
4563,4562,1473693,2049374,Risk 1 (High),60625,41.96371146,-87.68550578,1,1,0,Canvass,1917,LINCOLN,396.81,467.8596,899.7485,2210.6351,1,95.50%,4.50%,5693
2010,2009,1467321,1277068,Risk 2 (Medium),60607,41.88158931,-87.65208623,1,1,0,Complaint,2008,MADISON,249.5045,279.4444,254.1052,811.3044,1,95.50%,4.50%,5694
1812,1811,1473813,1166786,Risk 1 (High),60622,41.91042963,-87.67394168,1,1,1,Canvass,1891,NORTH,21087.1053,318.8896,173.7047,1084.3059,1,95.50%,4.50%,5695
5266,5265,1441344,2134410,Risk 1 (High),60657,41.94557267,-87.64928691,1,1,0,Canvass,1924,HALSTED,59.8765,297.0466,193.4256,1874.0074,1,95.50%,4.50%,5696
6873,6872,1092911,2304570,Risk 3 (Low),60657,41.94683164,-87.663862,1,0,0,License,1911,SOUTHPORT,254.8713,323.1695,462.3263,2264.24,1,95.50%,4.50%,5697
5276,5275,1473487,2134736,Risk 2 (Medium),60616,41.85297383,-87.62389568,1,1,0,Complaint,2009,CERMAK,76.3375,470.5887,860.0177,2142.3818,1,95.50%,4.50%,5698
1977,1976,1387589,1273253,Risk 2 (Medium),60628,41.70734959,-87.61858476,1,1,0,Canvass,1987,103RD,400.0064,674.359,844.612,4028.6466,1,95.50%,4.50%,5699
6536,6535,1473692,2284248,Risk 1 (High),60629,41.77887422,-87.70231356,1,1,0,Canvass,1927,63RD,1089.2479,198.7225,350.249,2938.1553,1,95.50%,4.50%,5700
5551,5550,1385659,2157700,Risk 1 (High),60639,41.91722352,-87.73059969,1,1,0,Canvass,1905,ARMITAGE,357.7979,554.428,370.5622,1669.8643,1,95.50%,4.50%,5701
779,778,1513080,32188,Risk 2 (Medium),60632,41.8191864,-87.69959542,1,1,0,Canvass,1921,41ST,597.7229,313.6486,192.3288,2499.8124,1,95.50%,4.50%,5702
654,653,1493386,26891,Risk 1 (High),60647,41.92480871,-87.70908029,1,1,0,Canvass,1926,FULLERTON,479.8036,552.666,628.0175,1770.1321,1,95.50%,4.50%,5703
944,943,1482390,36306,Risk 1 (High),60640,41.96894197,-87.67330914,1,1,0,Canvass,1915,LAWRENCE,829.2604,702.0462,425.0704,1811.7356,1,95.50%,4.50%,5704
6480,6479,1434276,2279191,Risk 1 (High),60660,41.99806606,-87.66167834,1,1,0,Canvass,1924,DEVON,442.0639,659.1962,390.2068,1451.442,1,95.51%,4.49%,5705
745,744,1473640,30737,Risk 1 (High),60625,41.96395323,-87.68566333,1,1,0,Canvass,1913,LINCOLN,229.5378,460.8406,830.5466,2215.7129,1,95.51%,4.49%,5706
6750,6749,1490804,2298761,Risk 1 (High),60632,41.79357367,-87.69422154,1,1,0,Canvass,1932,55th,420.3643,412.2916,350.6548,2774.132,1,95.51%,4.49%,5707
6597,6596,1439570,2289370,Risk 3 (Low),60611,41.89259323,-87.62433405,1,0,0,License,1996,MICHIGAN,568.7834,939.454,425.9228,1511.8464,1,95.51%,4.49%,5708
578,577,1325146,23562,Risk 1 (High),60647,41.91707339,-87.70193044,1,0,0,Canvass,1926,HUMBOLDT,1011.9787,533.4251,182.9,1439.4128,1,95.51%,4.49%,5709
2655,2654,1453231,1593657,Risk 1 (High),60605,41.86183111,-87.62387913,1,1,1,Canvass,1903,MICHIGAN,435.8972,496.2757,270.5051,1249.7786,1,95.51%,4.49%,5710
6884,6883,1395660,2304736,Risk 2 (Medium),60619,41.73652935,-87.62401813,1,1,0,License,1953,STATE,374.2722,834.2075,338.7936,3776.8656,1,95.51%,4.49%,5711
7674,7673,1497811,2358993,Risk 1 (High),60618,41.96123967,-87.71307662,1,1,0,License,1927,MONTROSE,1559.4816,446.175,239.2896,950.9608,1,95.51%,4.49%,5712
2678,2677,1497023,1595426,Risk 2 (Medium),60601,41.88536782,-87.6224472,1,1,0,Canvass,1990,STETSON,472.161,701.2299,484.22,1814.7953,1,95.51%,4.49%,5713
2635,2634,1473897,1591554,Risk 1 (High),60616,41.83078366,-87.63529578,1,1,0,Canvass,1989,35TH,590.83,1222.3372,1333.3494,3170.1653,1,95.51%,4.49%,5714
6237,6236,1460023,2256140,Risk 1 (High),60625,41.96856056,-87.70853637,1,1,0,Canvass,1921,LAWRENCE,1182.0979,738.972,502.8392,1347.0897,1,95.51%,4.49%,5715
3798,3797,1464355,1932744,Risk 2 (Medium),60660,41.98379199,-87.65668179,1,1,0,Canvass,1916,BRYN,1039.4295,593.0401,215.5206,1650.3194,1,95.51%,4.49%,5716
7660,7659,1480306,2358697,Risk 1 (High),60623,41.84390995,-87.73412958,1,0,0,License,1909,KOSTNER,329.7939,855.5325,465.4878,2353.6713,1,95.51%,4.49%,5717
3860,3859,1435220,1942855,Risk 2 (Medium),60614,41.92004417,-87.66242978,1,1,0,Canvass,1935,CLYBOURN,265.1373,652.1183,219.1909,1765.3499,1,95.51%,4.49%,5718
7833,7832,1515536,2373694,Risk 2 (Medium),60619,41.73652935,-87.62401813,1,1,0,License,1953,STATE,109.9506,834.2075,338.7936,3776.8656,1,95.52%,4.48%,5719
2031,2030,1496271,1301327,Risk 1 (High),60657,41.9428631,-87.67072015,1,1,0,Canvass,1955,LINCOLN,344.1338,393.5583,224.4257,1061.5905,1,95.52%,4.48%,5720
767,766,1401262,31590,Risk 2 (Medium),60614,41.92492836,-87.67695865,0,1,0,Canvass,1909,FULLERTON,495.6645,718.1322,258.6082,2113.5081,1,95.52%,4.48%,5721
1280,1279,1439411,54289,Risk 1 (High),60611,41.89259323,-87.62433405,1,1,0,Canvass,1996,MICHIGAN,172.8771,939.454,425.9228,1511.8464,1,95.52%,4.48%,5722
3318,3317,1439455,1823223,Risk 2 (Medium),60611,41.89259323,-87.62433405,1,1,0,Canvass,1996,MICHIGAN,168.2768,939.454,425.9228,1511.8464,1,95.52%,4.48%,5723
4097,4096,1199335,1980000,Risk 2 (Medium),60611,41.89486671,-87.62262562,1,1,0,Canvass,1994,HURON,577.7559,906.3312,708.9998,1912.1618,1,95.52%,4.48%,5724
6221,6220,1493396,2253875,Risk 1 (High),60611,41.89826162,-87.62516469,1,1,0,License,1993,CHESTNUT,514.4663,541.051,348.2213,1460.9208,1,95.52%,4.48%,5725
603,602,1473910,25081,Risk 1 (High),60616,41.83078366,-87.63529578,1,1,0,Canvass,1989,35TH,235.7391,1222.3372,1333.3494,3170.1653,1,95.52%,4.48%,5726
3230,3229,1473904,1804387,Risk 1 (High),60616,41.83078366,-87.63529578,1,1,0,Canvass,1989,35TH,231.3013,1222.3372,1333.3494,3170.1653,1,95.52%,4.48%,5727
802,801,1152122,32909,Risk 1 (High),60609,41.83063218,-87.64674677,1,1,1,Canvass,1929,35TH,126.008,221.3655,416.8788,916.089,1,95.52%,4.48%,5728
1710,1709,1473908,1120535,Risk 1 (High),60616,41.83078366,-87.63529578,1,1,0,Canvass,1989,35TH,190.3715,1222.3372,1333.3494,3170.1653,1,95.52%,4.48%,5729
23,22,1401548,800,Risk 1 (High),60618,41.95424367,-87.68030425,1,1,0,Canvass,1916,IRVING,439.8935,509.8985,595.0448,2070.6811,1,95.52%,4.48%,5730
1711,1710,1473903,1120537,Risk 2 (Medium),60616,41.83078366,-87.63529578,1,1,0,Canvass,1989,35TH,142.7463,1222.3372,1333.3494,3170.1653,1,95.52%,4.48%,5731
1321,1320,1152139,57689,Risk 2 (Medium),60629,41.77893001,-87.69859995,1,1,0,Canvass,1944,63RD,848.8375,355.769,479.6419,2816.1109,1,95.52%,4.48%,5732
5944,5943,1439401,2217105,Risk 1 (High),60611,41.89486671,-87.62262562,1,1,0,Canvass,1994,HURON,357.8902,906.3312,708.9998,1912.1618,1,95.52%,4.48%,5733
2634,2633,1496708,1579961,Risk 1 (High),60623,41.84427856,-87.73057227,1,1,0,Canvass,1909,26TH,157.0922,325.5446,82.2709,1985.9782,1,95.52%,4.48%,5734
7791,7790,1501724,2364211,Risk 2 (Medium),60601,41.88454011,-87.62430852,1,0,0,License,2006,MICHIGAN,21087.1053,549.2041,221.7265,2028.2862,1,95.52%,4.48%,5735
2336,2335,1459699,1475509,Risk 2 (Medium),60632,41.80112411,-87.70392038,1,1,0,Canvass,1942,KEDZIE,788.4819,774.1003,536.9311,2614.34,1,95.52%,4.48%,5736
7544,7543,1494141,2349798,Risk 1 (High),60620,41.73059338,-87.66305763,1,1,0,License,2005,ASHLAND,257.47,475.55,383.6718,2355.1309,1,95.52%,4.48%,5737
5453,5452,1434941,2152070,Risk 1 (High),60625,41.97291162,-87.68890204,1,1,0,Canvass,1926,WESTERN,208.6782,432.2612,199.0415,1102.2487,1,95.52%,4.48%,5738
4774,4773,1401524,2079091,Risk 1 (High),60614,41.92061681,-87.63763126,1,1,1,Canvass,1891,CLARK,371.5678,449.559,185.7637,682.7439,1,95.53%,4.47%,5739
640,639,1467280,26358,Risk 1 (High),60607,41.88295238,-87.65212524,1,1,0,Canvass,2008,WASHINGTON,437.5468,467.4006,566.8799,1221.6706,1,95.53%,4.47%,5740
7276,7275,1459947,2328090,Risk 2 (Medium),60609,41.80839592,-87.67672122,1,0,0,License,1931,47TH,874.4617,363.6616,633.745,3283.3798,1,95.53%,4.47%,5741
4773,4772,1493844,2079020,Risk 1 (High),60657,41.94599352,-87.65537114,1,1,0,Canvass,1901,CLARK,243.9712,461.2182,135.9731,2241.6685,1,95.53%,4.47%,5742
5056,5055,1473224,2114543,Risk 1 (High),60622,41.90236936,-87.69671978,1,1,0,Canvass,1914,CALIFORNIA,587.3171,379.5051,137.2272,1866.7727,1,95.53%,4.47%,5743
6734,6733,1491186,2298489,Risk 1 (High),60647,41.91851166,-87.69039443,1,1,0,Canvass,1916,MILWAUKEE,592.6219,729.9543,566.8947,2246.5557,1,95.53%,4.47%,5744
5560,5559,1501290,2158100,Risk 2 (Medium),60614,41.92303369,-87.66616337,1,1,0,Canvass,1933,CLYBOURN,1068.9717,373.958,349.0058,1960.8319,1,95.53%,4.47%,5745
3526,3525,1418495,1883833,Risk 1 (High),60660,41.98453619,-87.66969831,1,1,0,Canvass,1906,ASHLAND,376.3714,869.2476,381.0145,1857.7131,1,95.53%,4.47%,5746
6742,6741,1464263,2298606,Risk 1 (High),60626,42.00827936,-87.67394733,1,1,0,Canvass,1906,CLARK,417.1207,757.2805,92.4234,1242.6235,1,95.53%,4.47%,5747
5381,5380,1496309,2142652,Risk 1 (High),60616,41.85410541,-87.63405907,1,1,0,Canvass,1998,CHINA,1764.7437,266.8123,530.9887,1971.538,1,95.53%,4.47%,5748
3790,3789,1372695,1932196,Risk 2 (Medium),60603,41.88066458,-87.62708936,1,1,1,Canvass,1927,MONROE,372.7079,573.7234,485.7907,828.8342,1,95.53%,4.47%,5749
255,254,1496535,9525,Risk 2 (Medium),60618,41.96105913,-87.70986796,1,1,0,Canvass,1951,MONTROSE,252.9666,219.9612,140.0323,387.6283,1,95.53%,4.47%,5750
2289,2288,1493316,1470830,Risk 1 (High),60657,41.93463181,-87.66139721,1,1,0,Canvass,1933,LINCOLN,463.7724,300.1948,206.3324,1730.1835,1,95.53%,4.47%,5751
2578,2577,1493472,1574396,Risk 1 (High),60610,41.91101315,-87.63801771,1,1,0,Canvass,2000,NORTH,623.615,524.2039,271.9352,965.7412,1,95.53%,4.47%,5752
5915,5914,1473504,2203387,Risk 2 (Medium),60632,41.81801875,-87.72379038,1,1,0,Complaint,1952,PULASKI,477.005,1315.0109,1541.7909,3154.7301,1,95.53%,4.47%,5753
6685,6684,1324994,2293889,Risk 1 (High),60612,41.87920455,-87.66899491,1,1,0,Canvass,2006,OGDEN,630.8712,511.7428,1024.1588,1639.5039,1,95.53%,4.47%,5754
7649,7648,1325228,2358510,Risk 1 (High),60612,41.87136341,-87.68631729,1,1,0,License,1889,WESTERN,369.3495,247.0864,263.1979,2972.2339,1,95.53%,4.47%,5755
1591,1590,1493756,86549,Risk 2 (Medium),60632,41.82283838,-87.69477006,1,1,0,Canvass,1908,CALIFORNIA,370.9431,470.7997,617.2801,3342.7034,1,95.54%,4.46%,5756
6757,6756,1401757,2298865,Risk 1 (High),60628,41.705641,-87.64264862,1,1,0,License,2006,HALSTED,189.4201,453.6345,555.3312,3067.4182,1,95.54%,4.46%,5757
1559,1558,1494087,82246,Risk 2 (Medium),60614,41.91907804,-87.63453811,1,0,0,Canvass,2006,STOCKTON,1685.7563,804.326,842.4281,1524.0352,1,95.54%,4.46%,5758
6055,6054,1199479,2233209,Risk 1 (High),60661,41.88418751,-87.64111967,1,1,0,Canvass,2000,CLINTON,506.6231,799.3478,698.9896,1672.9061,1,95.54%,4.46%,5759
3242,3241,1307703,1816800,Risk 1 (High),60636,41.78678809,-87.68398488,1,1,0,Complaint,1984,WESTERN,337.7222,201.6273,655.3002,2343.576,1,95.54%,4.46%,5760
6033,6032,1307445,2232784,Risk 1 (High),60621,41.76000277,-87.6444275,0,1,0,Canvass,1984,HALSTED,226.8355,420.6318,444.5909,2849.7037,1,95.54%,4.46%,5761
5387,5386,1467254,2142755,Risk 1 (High),60661,41.88418751,-87.64111967,1,1,0,Canvass,2000,CLINTON,451.709,799.3478,698.9896,1672.9061,1,95.54%,4.46%,5762
1898,1897,1490407,1226378,Risk 1 (High),60618,41.95362792,-87.71947321,1,1,0,Complaint,1902,IRVING,543.7133,533.8986,471.4245,1728.4749,1,95.54%,4.46%,5763
6622,6621,1107144,2289933,Risk 2 (Medium),60640,41.96553013,-87.65578593,1,1,0,License,1906,WILSON,478.4365,573.8617,155.01,1991.6678,1,95.54%,4.46%,5764
4839,4838,1199484,2087731,Risk 1 (High),60661,41.88418751,-87.64111967,1,1,0,Canvass,2000,CLINTON,412.8674,799.3478,698.9896,1672.9061,1,95.54%,4.46%,5765
1831,1830,1482358,1168915,Risk 1 (High),60640,41.96546092,-87.66064093,1,1,0,Canvass,1923,WILSON,91.4092,429.852,227.8066,1663.2709,1,95.54%,4.46%,5766
2511,2510,1395408,1543248,Risk 1 (High),60657,41.9360487,-87.64440998,1,1,0,Canvass,1923,BROADWAY,423.4536,238.7787,114.5658,2050.4216,1,95.54%,4.46%,5767
4273,4272,1199486,2004436,Risk 1 (High),60661,41.88418751,-87.64111967,1,1,0,Canvass,2000,CLINTON,360.633,799.3478,698.9896,1672.9061,1,95.54%,4.46%,5768
1999,1998,1441385,1275219,Risk 1 (High),60657,41.93475838,-87.66157417,1,1,0,Canvass,1933,LINCOLN,1669.8999,310.3178,204.4786,1786.1411,1,95.54%,4.46%,5769
7498,7497,1498110,2348815,Risk 1 (High),60616,41.85327022,-87.63424789,1,0,0,License,1998,ARCHER,864.3923,264.3063,459.4012,1871.3167,1,95.54%,4.46%,5770
6621,6620,1199502,2289896,Risk 1 (High),60661,41.88418751,-87.64111967,1,1,0,Canvass,2000,CLINTON,326.8992,799.3478,698.9896,1672.9061,1,95.54%,4.46%,5771
4268,4267,1467241,2004146,Risk 1 (High),60661,41.88418751,-87.64111967,1,1,0,Canvass,2000,Clinton,305.3236,799.3478,698.9896,1672.9061,1,95.54%,4.46%,5772
4289,4288,1467250,2008488,Risk 2 (Medium),60661,41.88418751,-87.64111967,1,1,0,Canvass,2000,Clinton,302.989,799.3478,698.9896,1672.9061,1,95.54%,4.46%,5773
7677,7676,1501991,2359057,Risk 1 (High),60613,41.95416912,-87.66987318,1,1,0,License,1916,IRVING,385.3363,716.3065,307.0749,1882.9543,1,95.54%,4.46%,5774
723,722,1473438,29539,Risk 1 (High),60618,41.95399792,-87.68206242,1,1,0,Complaint,1916,IRVING,139.8319,747.3723,589.111,2048.6453,1,95.54%,4.46%,5775
4226,4225,1199481,1998846,Risk 1 (High),60661,41.88418751,-87.64111967,1,1,0,Canvass,2000,Clinton,288.2914,799.3478,698.9896,1672.9061,1,95.54%,4.46%,5776
7678,7677,1502042,2359058,Risk 1 (High),60613,41.95416912,-87.66987318,1,1,0,License,1916,IRVING,370.9319,716.3065,307.0749,1882.9543,1,95.54%,4.46%,5777
4280,4279,1467270,2008095,Risk 1 (High),60661,41.88418751,-87.64111967,1,1,0,Complaint,2000,Clinton,275.9244,799.3478,698.9896,1672.9061,1,95.54%,4.46%,5778
6594,6593,1497097,2289206,Risk 2 (Medium),60625,41.96833532,-87.70886984,1,1,0,Canvass,1915,LAWRENCE,249.7796,793.492,440.4234,1402.9458,1,95.54%,4.46%,5779
4893,4892,1199312,2093242,Risk 1 (High),60611,41.89659913,-87.62599034,1,1,0,Canvass,1989,CHICAGO,379.0391,234.9512,388.099,1651.5533,1,95.54%,4.46%,5780
199,198,1115243,7056,Risk 1 (High),60638,41.79213996,-87.79766862,1,1,0,Canvass,1974,ARCHER,280.5943,863.9091,902.6531,1251.2964,1,95.54%,4.46%,5781
240,239,1199573,8679,Risk 2 (Medium),60614,41.93020068,-87.64376069,1,1,0,Canvass,1979,CLARK,40.9812,493.8272,183.7552,1025.9725,1,95.54%,4.46%,5782
459,458,1496252,20476,Risk 1 (High),60657,41.94665588,-87.64700512,1,0,0,Canvass,1935,BROMPTON,435.4469,316.996,391.6516,2002.9175,1,95.54%,4.46%,5783
4271,4270,1467242,2004285,Risk 1 (High),60661,41.88418751,-87.64111967,1,1,0,Canvass,2000,CLINTON,201.2998,799.3478,698.9896,1672.9061,1,95.54%,4.46%,5784
3434,3433,1324984,1869258,Risk 1 (High),60612,41.86910934,-87.68450516,1,1,0,Canvass,1909,TAYLOR,511.0289,314.1331,284.0727,2651.6327,1,95.54%,4.46%,5785
7797,7796,1501880,2364374,Risk 1 (High),60612,41.87920455,-87.66899491,1,1,0,License,2006,OGDEN,209.0082,511.7428,1024.1588,1639.5039,1,95.54%,4.46%,5786
2594,2593,1496619,1575716,Risk 1 (High),60616,41.85627967,-87.62374907,1,1,0,Canvass,2007,MICHIGAN,416.3213,440.1918,395.4689,1697.395,1,95.54%,4.46%,5787
6558,6557,1435137,2284718,Risk 1 (High),60660,41.99798867,-87.6688358,1,1,0,Canvass,1901,DEVON,252.7865,634.6346,335.0661,1826.0424,1,95.55%,4.45%,5788
7608,7607,1496348,2354630,Risk 2 (Medium),60625,41.96523547,-87.6889512,1,1,0,License,1925,WESTERN,1169.405,239.6308,596.3915,1759.5368,1,95.55%,4.45%,5789
1067,1066,1497633,41743,Risk 2 (Medium),60610,41.91101315,-87.63801771,1,1,0,Canvass,2000,NORTH,81.9332,524.2039,271.9352,965.7412,1,95.55%,4.45%,5790
7777,7776,1199631,2363849,Risk 1 (High),60661,41.88418751,-87.64111967,1,0,0,License,2000,CLINTON,86.291,799.3478,698.9896,1672.9061,1,95.55%,4.45%,5791
6862,6861,1395808,2304448,Risk 2 (Medium),60640,41.96533475,-87.65377547,1,1,0,License,1920,WILSON,3369.1102,613.4493,257.6585,1986.0995,1,95.55%,4.45%,5792
6296,6295,1453494,2262624,Risk 1 (High),60607,41.88317183,-87.6521331,1,1,0,Canvass,2008,WASHINGTON,210.462,497.0249,609.4519,1293.6117,1,95.55%,4.45%,5793
3288,3287,1325023,1820597,Risk 1 (High),60612,41.87943051,-87.66831238,1,0,0,Canvass,2006,OGDEN,235.0104,415.1752,945.7712,1565.6551,1,95.55%,4.45%,5794
797,796,1441384,32761,Risk 1 (High),60657,41.94480002,-87.67240345,1,1,0,Canvass,1921,LINCOLN,219.839,571.0891,320.9675,1867.4214,1,95.55%,4.45%,5795
6024,6023,1473632,2232390,Risk 1 (High),60629,41.77912714,-87.70013839,1,1,0,Canvass,1929,63RD,707.9282,95.1713,250.7829,2883.1219,1,95.55%,4.45%,5796
6168,6167,1107033,2247190,Risk 1 (High),60640,41.97635748,-87.66856778,1,0,0,License,1906,CLARK,319.475,722.9428,411.166,2029.3136,1,95.55%,4.45%,5797
7497,7496,1498108,2348814,Risk 1 (High),60616,41.85327022,-87.63424789,1,1,0,License,1998,ARCHER,451.6906,264.3063,459.4012,1871.3167,1,95.55%,4.45%,5798
213,212,1482246,7556,Risk 1 (High),60640,41.98298902,-87.65502138,1,1,0,Canvass,1931,SHERIDAN,255.6754,701.3562,496.5856,1737.5147,1,95.55%,4.45%,5799
5820,5819,1107032,2196397,Risk 1 (High),60640,41.97635748,-87.66856778,1,1,0,Canvass,1906,CLARK,263.1757,722.9428,411.166,2029.3136,1,95.55%,4.45%,5800
6113,6112,1372584,2245655,Risk 1 (High),60603,41.88163119,-87.62605243,1,1,0,Canvass,2006,WABASH,220.044,210.8937,194.1916,1228.439,1,95.55%,4.45%,5801
379,378,1434580,15910,Risk 1 (High),60640,41.97588267,-87.66853353,1,1,0,Canvass,1896,CLARK,243.3729,587.3559,240.1671,2045.8583,1,95.55%,4.45%,5802
6583,6582,1493734,2288887,Risk 1 (High),60647,41.9245199,-87.71484031,1,1,0,Canvass,1905,FULLERTON,358.4589,547.7678,543.2333,2109.0806,1,95.55%,4.45%,5803
698,697,1494028,28490,Risk 2 (Medium),60609,41.79413931,-87.66422652,1,1,0,Complaint,1994,55TH,1068.9717,597.4662,449.572,2116.8568,1,95.55%,4.45%,5804
5953,5952,1329749,2221003,Risk 1 (High),60639,41.92793173,-87.72672317,1,1,0,Complaint,1905,PULASKI,170.7245,576.7129,598.5748,1978.6992,1,95.55%,4.45%,5805
1493,1492,1474135,75752,Risk 1 (High),60614,41.920212,-87.6373859,1,1,0,Canvass,2005,CLARK,707.9282,402.1214,172.5735,715.6451,1,95.55%,4.45%,5806
7228,7227,1152134,2326901,Risk 2 (Medium),60609,41.80983789,-87.6751212,1,1,0,License,1901,DAMEN,383.0671,496.764,569.6981,3845.9903,1,95.56%,4.44%,5807
1886,1885,1092842,1223722,Risk 1 (High),60657,41.94404899,-87.6640816,1,1,0,Canvass,1906,SOUTHPORT,137.6198,318.8783,152.1451,2116.5513,1,95.56%,4.44%,5808
5735,5734,1396159,2185129,Risk 2 (Medium),60647,41.930722,-87.71034548,1,1,0,License,1931,MILWAUKEE,366.1869,237.6713,224.7134,1223.7609,1,95.56%,4.44%,5809
2037,2036,1513060,1302325,Risk 2 (Medium),60632,41.80843126,-87.69170585,1,1,0,Canvass,1967,47TH,480.1895,367.8066,324.2091,2013.3039,1,95.56%,4.44%,5810
2585,2584,1490599,1574751,Risk 1 (High),60613,41.95300691,-87.64981008,1,1,0,Canvass,1918,BROADWAY,241.1985,516.8022,153.9347,1968.1404,1,95.56%,4.44%,5811
165,164,1493917,6277,Risk 1 (High),60657,41.94573785,-87.65516504,1,1,0,Canvass,1906,CLARK,742.7594,428.2707,155.344,2242.7656,1,95.56%,4.44%,5812
5894,5893,1459622,2202622,Risk 2 (Medium),60651,41.89533478,-87.7180503,1,0,0,Canvass,1915,CHICAGO,597.6172,412.7091,298.7337,1874.6822,1,95.56%,4.44%,5813
2664,2663,1199358,1594330,Risk 2 (Medium),60614,41.917167,-87.65845323,1,1,0,Canvass,1935,CLYBOURN,522.655,852.5766,253.6197,1959.0003,1,95.56%,4.44%,5814
5045,5044,1460194,2114079,Risk 1 (High),60642,41.91256808,-87.66216725,1,1,1,Canvass,1909,ADA,1089.2479,989.9627,1013.6773,1106.2588,1,95.56%,4.44%,5815
3954,3953,1464231,1960023,Risk 1 (High),60626,42.0082016,-87.67363022,1,1,0,Canvass,1912,CLARK,1460.311,738.7652,66.3298,1184.4657,1,95.56%,4.44%,5816
7730,7729,1501653,2362721,Risk 1 (High),60625,41.96855298,-87.70920976,1,1,0,License,1921,LAWRENCE,186.2653,782.3236,494.8121,1365.4655,1,95.56%,4.44%,5817
1558,1557,1494089,82243,Risk 1 (High),60614,41.91907804,-87.63453811,1,1,0,Canvass,2006,STOCKTON,745.368,804.326,842.4281,1524.0352,1,95.56%,4.44%,5818
3059,3058,1490618,1741994,Risk 2 (Medium),60647,41.91857464,-87.68729593,1,1,0,Canvass,1901,WESTERN,344.6025,369.0183,58.1407,2053.7069,1,95.56%,4.44%,5819
7349,7348,1482264,2333913,Risk 1 (High),60640,41.97624213,-87.67242685,1,1,0,License,1906,FOSTER,699.2727,904.1374,453.6526,2050.0701,1,95.56%,4.44%,5820
1713,1712,1459888,1120541,Risk 2 (Medium),60613,41.94731749,-87.65641795,1,1,0,Canvass,1921,ADDISON,409.9632,615.1289,488.1986,2281.7518,1,95.56%,4.44%,5821
6995,6994,1401688,2309083,Risk 2 (Medium),60647,41.930722,-87.71034548,1,1,0,License,1931,MILWAUKEE,75.9564,237.6713,224.7134,1223.7609,1,95.56%,4.44%,5822
6492,6491,1325100,2279602,Risk 1 (High),60647,41.91735924,-87.71951828,1,1,0,Canvass,1896,ARMITAGE,108.6927,401.7184,317.2525,2046.601,1,95.56%,4.44%,5823
4326,4325,1498117,2013290,Risk 1 (High),60616,41.84895293,-87.63884997,1,1,0,Canvass,2009,24TH,174.0803,731.4223,1262.1025,2565.4067,1,95.56%,4.44%,5824
7386,7385,1464319,2340368,Risk 1 (High),60626,42.00985571,-87.67401205,1,1,0,License,1919,CLARK,140.2459,961.6753,175.6744,1091.6641,1,95.56%,4.44%,5825
2982,2981,1329706,1717233,Risk 2 (Medium),60639,41.92354969,-87.74613388,1,1,0,Canvass,1921,CICERO,430.4115,582.1262,768.842,1667.4303,1,95.56%,4.44%,5826
1766,1765,1418456,1142676,Risk 1 (High),60660,41.98351514,-87.66996498,1,1,0,Canvass,1901,ASHLAND,766.7504,877.8222,288.5634,1930.3293,1,95.56%,4.44%,5827
2577,2576,1459945,1574000,Risk 1 (High),60613,41.94731749,-87.65641795,1,1,0,Canvass,1921,ADDISON,232.7215,615.1289,488.1986,2281.7518,1,95.56%,4.44%,5828
4760,4759,1459898,2078712,Risk 2 (Medium),60613,41.94731749,-87.65641795,1,1,0,Canvass,1921,ADDISON,224.1971,615.1289,488.1986,2281.7518,1,95.56%,4.44%,5829
5834,5833,1391422,2196668,Risk 1 (High),60626,42.00810592,-87.67390653,1,1,0,Canvass,1906,CLARK,416.6717,743.0493,60.5691,1266.3744,1,95.56%,4.44%,5830
6691,6690,1493909,2293994,Risk 2 (Medium),60608,41.85211793,-87.68832871,1,1,0,Canvass,1979,CERMAK,128.9815,390.5598,657.6493,1796.5577,1,95.57%,4.43%,5831
4592,4591,1490422,2055272,Risk 1 (High),60613,41.94886557,-87.64303425,1,1,0,Canvass,1959,RECREATION,99.7947,265.9163,592.0268,1811.9861,1,95.57%,4.43%,5832
7266,7265,1464278,2327584,Risk 1 (High),60626,42.00810592,-87.67390653,1,1,0,License,1906,CLARK,392.2421,743.0493,60.5691,1266.3744,1,95.57%,4.43%,5833
3943,3942,1447208,1959504,Risk 1 (High),60614,41.92850029,-87.6532555,1,1,0,Canvass,1969,LINCOLN,406.4517,550.4931,74.3381,1040.9124,1,95.57%,4.43%,5834
2447,2446,1512948,1495883,Risk 2 (Medium),60620,41.75599945,-87.64403509,1,1,0,Canvass,2005,HALSTED,266.3165,277.0596,232.0906,2271.0631,1,95.57%,4.43%,5835
4549,4548,1497407,2048701,Risk 1 (High),60647,41.92738885,-87.70442806,1,1,0,Canvass,1916,MILWAUKEE,225.2325,533.2132,180.9628,1586.329,1,95.57%,4.43%,5836
5398,5397,1494074,2146500,Risk 1 (High),60657,41.94097203,-87.6516706,1,1,1,Canvass,1899,CLARK,437.5468,224.212,466.5925,576.2565,1,95.57%,4.43%,5837
7813,7812,1513151,2368636,Risk 1 (High),60625,41.96315679,-87.7081596,1,1,0,License,1923,KEDZIE,756.8658,676.2648,334.0652,1254.5628,1,95.57%,4.43%,5838
1813,1812,1497151,1166808,Risk 1 (High),60616,41.85118706,-87.61911261,1,1,0,Canvass,2005,DR,300.5798,1276.029,1283.7716,2902.2398,1,95.58%,4.42%,5839
3535,3534,1439527,1884298,Risk 1 (High),60607,41.88531974,-87.66166658,1,1,1,Canvass,1907,LAKE,278.5512,842.8865,1451.5191,1945.7642,1,95.58%,4.42%,5840
5513,5512,1497092,2153527,Risk 2 (Medium),60625,41.96785572,-87.71349722,1,1,0,Canvass,1907,KIMBALL,428.6734,393.8209,360.3163,1511.908,1,95.58%,4.42%,5841
6173,6172,1464660,2247279,Risk 2 (Medium),60626,42.01067549,-87.67416668,1,1,0,Canvass,1929,CLARK,577.1478,935.7464,373.2709,1158.8612,1,95.58%,4.42%,5842
5304,5303,1490276,2137569,Risk 2 (Medium),60647,41.92498082,-87.69073977,1,1,0,Complaint,1899,FULLERTON,689.725,707.657,124.2446,2090.4512,1,95.58%,4.42%,5843
3750,3749,1497876,1922853,Risk 2 (Medium),60654,41.8934605,-87.64127552,1,1,0,Canvass,2000,KINGSBURY,526.9774,807.0019,407.6994,1307.9981,1,95.58%,4.42%,5844
5334,5333,1372372,2138383,Risk 1 (High),60601,41.88416745,-87.62260337,1,1,0,Complaint,2006,RANDOLPH,495.1737,879.4206,542.26,1676.0027,1,95.58%,4.42%,5845
1265,1264,1493791,52887,Risk 1 (High),60608,41.85652167,-87.68560925,1,1,0,Canvass,1959,WESTERN,790.5701,690.2192,484.22,2023.4031,1,95.58%,4.42%,5846
4287,4286,1494130,2008459,Risk 1 (High),60616,41.85378847,-87.63471471,1,1,0,Canvass,1994,CHINA,577.8615,174.6627,475.8561,2029.0984,1,95.58%,4.42%,5847
7606,7605,1385782,2354623,Risk 3 (Low),60624,41.88070919,-87.73643718,1,0,0,License,1928,MADISON,621.0249,416.4258,355.1229,1618.4032,1,95.58%,4.42%,5848
3128,3127,1497274,1770200,Risk 1 (High),60647,41.92497652,-87.69116242,1,1,0,Canvass,1894,FULLERTON,487.4847,764.6498,41.4764,2085.2733,1,95.58%,4.42%,5849
3805,3804,1385620,1933207,Risk 1 (High),60639,41.91723057,-87.73007884,1,1,0,Canvass,1910,ARMITAGE,644.7128,512.1748,304.1056,1659.6519,1,95.59%,4.41%,5850
5460,5459,1399333,2152343,Risk 1 (High),60625,41.96517023,-87.68894969,1,1,0,Complaint,1925,WESTERN,203.0384,244.1515,589.5861,1783.0666,1,95.59%,4.41%,5851
5569,5568,1385272,2158450,Risk 1 (High),60639,41.91681503,-87.7470576,1,1,0,Canvass,1915,ARMITAGE,668.5997,476.2633,361.2296,1410.1026,1,95.59%,4.41%,5852
1727,1726,1498063,1122467,Risk 2 (Medium),60614,41.91826243,-87.65996318,1,1,0,Canvass,1939,CLYBOURN,186.6319,921.2138,291.7118,1924.0674,1,95.59%,4.41%,5853
4992,4991,1473955,2107928,Risk 1 (High),60654,41.8899035,-87.63168043,1,1,1,Canvass,1944,HUBBARD,231.696,133.1596,488.851,458.9169,1,95.59%,4.41%,5854
2142,2141,1493923,1355934,Risk 1 (High),60614,41.92609903,-87.66832529,1,1,0,Canvass,1941,ASHLAND,200.0589,452.1127,90.9969,1492.8292,1,95.59%,4.41%,5855
1074,1073,1473652,42014,Risk 1 (High),60629,41.78616917,-87.70133427,1,1,0,Canvass,1927,59TH,373.9506,402.7416,437.5395,3099.6166,1,95.59%,4.41%,5856
1145,1144,1305558,45274,Risk 1 (High),60608,41.85457222,-87.66378596,1,1,0,Complaint,1939,BLUE,375.8772,638.9808,711.0594,3010.9395,1,95.59%,4.41%,5857
2347,2346,1512708,1476841,Risk 2 (Medium),60608,41.85127191,-87.68576587,1,1,0,Canvass,1976,WESTERN,412.0643,305.5439,257.356,1480.0392,1,95.59%,4.41%,5858
3653,3652,1434235,1904304,Risk 2 (Medium),60632,41.82315835,-87.68923665,1,1,0,Complaint,1908,Archer,403.8183,339.2143,560.0207,3451.4567,1,95.59%,4.41%,5859
7808,7807,1482516,2368253,Risk 1 (High),60640,41.97777277,-87.65975991,0,0,0,License,1988,BROADWAY,426.9591,595.2677,638.6019,814.2605,1,95.59%,4.41%,5860
3202,3201,1447218,1801888,Risk 1 (High),60606,41.88435558,-87.63463655,1,1,0,Canvass,1966,RANDOLPH,54.8343,338.8792,254.9605,2028.1909,1,95.59%,4.41%,5861
3041,3040,1493228,1740348,Risk 1 (High),60613,41.95101643,-87.66882174,1,1,0,Canvass,1916,ASHLAND,253.1018,623.2368,217.5749,1906.9113,1,95.59%,4.41%,5862
2631,2630,1434898,1579761,Risk 1 (High),60625,41.96449048,-87.68892455,1,1,0,Canvass,1918,WESTERN,592.4666,326.6707,592.6828,1955.619,1,95.59%,4.41%,5863
1945,1944,1418466,1248503,Risk 1 (High),60660,41.98746481,-87.66033437,1,1,0,Canvass,1916,BROADWAY,417.9044,753.6549,496.1098,2004.4235,1,95.59%,4.41%,5864
7607,7606,1385781,2354624,Risk 1 (High),60624,41.88070919,-87.73643718,1,1,0,License,1928,MADISON,202.7312,416.4258,355.1229,1618.4032,1,95.59%,4.41%,5865
5001,5000,1497289,2108480,Risk 2 (Medium),60614,41.921897,-87.64401335,1,1,0,Canvass,1975,LINCOLN,526.9067,365.7171,177.1816,1292.6506,1,95.59%,4.41%,5866
1335,1334,1496809,59297,Risk 2 (Medium),60625,41.96696201,-87.67928153,1,1,0,Canvass,1924,DAMEN,893.464,320.6703,646.533,2018.7659,1,95.59%,4.41%,5867
5617,5616,1496301,2164133,Risk 1 (High),60603,41.87838431,-87.62083163,1,1,1,Canvass,2007,COLUMBUS,1111.3257,1757.09,1551.949,630.8352,1,95.59%,4.41%,5868
1985,1984,1152033,1273277,Risk 2 (Medium),60609,41.8086626,-87.67025444,1,1,0,Complaint,1923,47TH,207.1811,485.4921,417.8578,3353.1816,1,95.59%,4.41%,5869
1548,1547,1473978,81137,Risk 1 (High),60610,41.89670114,-87.63139316,1,1,0,Canvass,2010,CLARK,496.4853,398.9805,405.7068,1260.5638,1,95.60%,4.40%,5870
5258,5257,1473269,2134104,Risk 1 (High),60632,41.80102712,-87.68530842,1,1,1,Canvass,1889,51ST,455.5165,646.3077,255.743,1430.1862,1,95.60%,4.40%,5871
7359,7358,1305600,2334223,Risk 2 (Medium),60623,41.83690758,-87.73206603,1,0,0,License,1928,31ST,166.1521,370.1174,833.5778,2674.0169,1,95.60%,4.40%,5872
3081,3080,1439366,1743555,Risk 2 (Medium),60611,41.8934041,-87.62669682,1,1,0,Canvass,2005,ONTARIO,482.8064,738.5937,489.3655,1532.24,1,95.60%,4.40%,5873
7382,7381,1474037,2340257,Risk 1 (High),60613,41.95377883,-87.64985956,1,1,0,License,1928,BROADWAY,100.8271,506.3843,227.4405,1911.4845,1,95.60%,4.40%,5874
274,273,1493907,10399,Risk 1 (High),60638,41.79226712,-87.79151868,1,1,0,Canvass,1956,ARCHER,430.3772,1263.3073,704.2107,1536.8917,1,95.60%,4.40%,5875
108,107,1496637,3650,Risk 2 (Medium),60618,41.94681992,-87.68840666,1,1,0,Canvass,1935,WESTERN,310.3727,429.5982,570.0237,1751.4805,1,95.60%,4.40%,5876
3769,3768,1493987,1927100,Risk 1 (High),60614,41.92626618,-87.64073771,1,1,0,Canvass,1973,CLARK,367.2783,299.5289,203.8977,1375.3864,1,95.60%,4.40%,5877
6556,6555,1434304,2284710,Risk 1 (High),60660,41.98716055,-87.660031,1,1,0,Canvass,1925,BROADWAY,275.6054,731.1953,612.8796,1979.574,1,95.60%,4.40%,5878
2146,2145,1490701,1356070,Risk 1 (High),60613,41.95387291,-87.66888934,1,1,0,Canvass,1912,ASHLAND,565.912,808.3194,175.2955,1929.2163,1,95.60%,4.40%,5879
5414,5413,1473857,2146811,Risk 1 (High),60610,41.91051747,-87.63454362,1,1,1,Canvass,1881,WELLS,1044.1484,645.5225,252.4659,1251.0922,1,95.60%,4.40%,5880
1603,1602,1464266,1021782,Risk 2 (Medium),60626,42.0047157,-87.66100296,1,1,0,Canvass,1908,SHERIDAN,294.0209,364.6193,317.4593,1821.9423,1,95.60%,4.40%,5881
6478,6477,1453276,2279086,Risk 1 (High),60601,41.88462477,-87.61925432,1,0,0,License,2006,RANDOLPH,469.7481,1044.9304,502.964,1697.5118,1,95.60%,4.40%,5882
461,460,1512242,20613,Risk 2 (Medium),60621,41.77971869,-87.65444286,0,1,1,Complaint,1899,63RD,1111.3415,266.0652,566.0392,2270.6164,1,95.60%,4.40%,5883
7488,7487,1464500,2348463,Risk 1 (High),60626,42.00558686,-87.66107732,1,0,0,License,1916,N,727.5061,399.3974,361.6271,1719.1136,1,95.60%,4.40%,5884
5262,5261,1092868,2134279,Risk 1 (High),60657,41.9440354,-87.66378712,1,1,0,Canvass,1911,SOUTHPORT,386.9278,335.1707,185.8764,2151.5071,1,95.60%,4.40%,5885
5127,5126,1496980,2121289,Risk 1 (High),60654,41.88889593,-87.62820008,1,1,1,Canvass,1962,STATE,246.8855,436.6471,890.2411,634.0979,1,95.60%,4.40%,5886
299,298,1325184,12026,Risk 1 (High),60647,41.92724326,-87.67795586,1,1,0,Canvass,1946,DAMEN,141.0944,1232.4396,856.0743,2139.0378,1,95.60%,4.40%,5887
6762,6761,1402032,2298937,Risk 1 (High),60644,41.88810024,-87.77385259,1,1,0,License,1924,LAKE,663.0646,569.3325,433.2085,1256.8685,1,95.60%,4.40%,5888
2924,2923,1418477,1681500,Risk 1 (High),60660,41.99817264,-87.67142114,1,1,0,Canvass,1910,DEVON,216.9127,778.4318,388.2912,1763.0514,1,95.60%,4.40%,5889
4256,4255,1372610,2003503,Risk 1 (High),60601,41.88539259,-87.61754796,1,1,0,Canvass,2011,FIELD,201.9885,919.5561,665.5278,1806.8894,1,95.60%,4.40%,5890
6249,6248,1474163,2256393,Risk 1 (High),60632,41.79908206,-87.70386302,1,1,0,Canvass,1935,KEDZIE,244.8154,559.0375,461.0225,2821.9932,1,95.60%,4.40%,5891
3773,3772,1372576,1927268,Risk 2 (Medium),60602,41.88366907,-87.62608541,1,1,0,Canvass,2005,WABASH,1594.4798,331.1006,480.5123,1710.0185,1,95.60%,4.40%,5892
6452,6451,1307277,2278728,Risk 1 (High),60629,41.78644599,-87.69799211,1,0,0,License,1919,59TH,422.0964,308.5771,265.4974,3140.7452,1,95.61%,4.39%,5893
7268,7267,1307467,2327823,Risk 2 (Medium),60621,41.77227131,-87.6444456,1,1,0,License,1966,HALSTED,946.0738,377.7739,513.2326,3337.4263,1,95.61%,4.39%,5894
4579,4578,1434812,2054547,Risk 1 (High),60632,41.80802515,-87.72003743,1,1,0,Canvass,1956,47TH,946.0738,190.3179,726.9247,2472.0728,1,95.61%,4.39%,5895
5268,5267,1490678,2134493,Risk 1 (High),60632,41.80808535,-87.71539544,1,1,0,Canvass,1950,47TH,469.9878,1168.6571,856.2535,2724.6286,1,95.61%,4.39%,5896
2343,2342,1441301,1476091,Risk 1 (High),60657,41.94689705,-87.65644321,1,1,0,Canvass,1921,CLARK,579.8875,596.3258,407.0978,2283.5208,1,95.61%,4.39%,5897
1988,1987,1496821,1273391,Risk 2 (Medium),60632,41.7991955,-87.70386636,1,1,0,Complaint,1935,KEDZIE,157.6894,567.5826,459.6027,2824.4042,1,95.61%,4.39%,5898
6261,6260,1307276,2261756,Risk 1 (High),60629,41.78644599,-87.69799211,1,1,0,Canvass,1919,59TH,224.4081,308.5771,265.4974,3140.7452,1,95.61%,4.39%,5899
5130,5129,1497085,2121437,Risk 1 (High),60625,41.96881437,-87.68264478,1,1,0,Canvass,1918,LAWRENCE,620.6807,800.834,225.7449,1563.4609,1,95.61%,4.39%,5900
641,640,1473698,26483,Risk 1 (High),60629,41.77887569,-87.70222876,1,1,0,Canvass,1935,63RD,600.3151,194.4849,335.1048,2938.8094,1,95.61%,4.39%,5901
7053,7052,1497590,2313925,Risk 1 (High),60654,41.89673705,-87.63183376,1,0,0,License,2010,CHICAGO,354.0474,352.8758,412.3003,1289.6189,1,95.61%,4.39%,5902
2613,2612,1464608,1577863,Risk 2 (Medium),60626,41.99687304,-87.67043243,1,1,0,Canvass,1908,clark,669.944,581.82,459.1806,1962.6716,1,95.61%,4.39%,5903
6387,6386,1496879,2270604,Risk 2 (Medium),60618,41.96106629,-87.70932483,1,1,0,Canvass,1962,MONTROSE,211.3482,198.9853,233.8652,429.7792,1,95.62%,4.38%,5904
443,442,1460200,19444,Risk 1 (High),60613,41.94959069,-87.65860702,1,1,0,Canvass,1911,CLARK,163.0616,516.6774,263.3311,2261.0753,1,95.62%,4.38%,5905
5479,5478,1296841,2152726,Risk 1 (High),60620,41.74275709,-87.66339171,1,1,0,Canvass,1986,ASHLAND,69.7612,377.8492,452.0506,2869.3413,1,95.62%,4.38%,5906
3411,3410,1447480,1868073,Risk 2 (Medium),60606,41.87799905,-87.63468562,1,1,1,Canvass,1910,JACKSON,174.3945,735.144,684.0148,1469.7118,1,95.62%,4.38%,5907
247,246,1325028,9115,Risk 2 (Medium),60612,41.86909182,-87.68561912,1,1,0,Canvass,1908,TAYLOR,260.9738,265.3533,269.9194,2764.8774,1,95.62%,4.38%,5908
3947,3946,1401929,1959587,Risk 1 (High),60654,41.89496867,-87.62939918,1,1,0,Canvass,1999,HURON,438.4132,524.0656,625.3597,1818.0195,1,95.62%,4.38%,5909
6199,6198,1496773,2252584,Risk 2 (Medium),60618,41.93347108,-87.71438889,1,1,0,Canvass,1905,MILWAUKEE,424.972,333.8569,267.7341,1836.8623,1,95.62%,4.38%,5910
7385,7384,1493520,2340288,Risk 1 (High),60642,41.90830579,-87.65179957,1,1,0,License,2009,KINGSBURY,535.0762,1399.312,844.385,1399.2893,1,95.62%,4.38%,5911
5661,5660,1493528,2177836,Risk 1 (High),60613,41.94866423,-87.66905079,1,1,0,Canvass,1933,ASHLAND,535.0762,224.919,431.4251,1929.6203,1,95.62%,4.38%,5912
7384,7383,1493521,2340287,Risk 1 (High),60642,41.90830579,-87.65179957,1,0,0,License,2009,KINGSBURY,425.9388,1399.312,844.385,1399.2893,1,95.62%,4.38%,5913
7569,7568,1497568,2350382,Risk 1 (High),60640,41.96697754,-87.6666311,1,0,0,License,1925,LELAND,1839.9589,701.0187,319.6149,1840.9483,1,95.62%,4.38%,5914
3243,3242,1296876,1816807,Risk 2 (Medium),60620,41.75784542,-87.62651095,1,1,0,Complaint,2005,LAFAYETTE,484.5041,656.1133,547.704,2948.4889,1,95.62%,4.38%,5915
1725,1724,1325261,1122312,Risk 2 (Medium),60624,41.86607379,-87.72437268,1,1,0,Canvass,1909,ROOSEVELT,67.2414,383.1024,345.4453,2346.7996,1,95.62%,4.38%,5916
1987,1986,1367468,1273285,Risk 2 (Medium),60636,41.768707,-87.68320837,1,1,0,Complaint,1988,WESTERN,630.2438,328.0004,309.1656,2187.668,1,95.62%,4.38%,5917
4424,4423,1493595,2027323,Risk 2 (Medium),60616,41.83111342,-87.6269922,1,1,0,Canvass,1962,35TH,195.255,1040.7856,79.5313,2525.5604,1,95.62%,4.38%,5918
7410,7409,1441560,2340891,Risk 1 (High),60657,41.93990865,-87.66138497,1,0,0,License,1956,BELMONT,461.4025,357.4047,692.7984,1951.0175,1,95.62%,4.38%,5919
6641,6640,1459233,2292951,Risk 1 (High),60614,41.92192156,-87.64894867,1,1,0,Canvass,2006,WEBSTER,345.4595,269.1883,265.2224,756.4448,1,95.62%,4.38%,5920
2690,2689,1490883,1596021,Risk 1 (High),60654,41.89365848,-87.63427038,1,1,0,Canvass,1985,WELLS,392.4881,645.7563,386.9088,1769.0135,1,95.62%,4.38%,5921
7411,7410,1441561,2340892,Risk 1 (High),60657,41.93990865,-87.66138497,1,0,0,License,1956,BELMONT,440.8463,357.4047,692.7984,1951.0175,1,95.63%,4.37%,5922
1036,1035,1435078,40422,Risk 1 (High),60610,41.89155904,-87.62813938,1,1,1,Complaint,1930,GRAND,921.6782,240.8428,400.5162,761.2126,1,95.63%,4.37%,5923
5902,5901,1490344,2202828,Risk 1 (High),60629,41.78622899,-87.69781773,1,1,0,Canvass,1925,59TH,3126.4423,309.0347,227.6145,3123.3392,1,95.63%,4.37%,5924
2195,2194,1453539,1381669,Risk 1 (High),60607,41.88663777,-87.65158723,1,1,1,Canvass,1899,FULTON,131.0688,560.1524,586.0847,1299.2286,1,95.63%,4.37%,5925
6187,6186,1453315,2252323,Risk 1 (High),60605,41.86593147,-87.6272401,1,1,0,Canvass,2006,STATE,491.2766,308.1507,331.3533,1662.3141,1,95.63%,4.37%,5926
6939,6938,1459237,2308197,Risk 1 (High),60614,41.92192156,-87.64894867,1,0,0,License,2006,WEBSTER,237.6262,269.1883,265.2224,756.4448,1,95.63%,4.37%,5927
6532,6531,1502137,2284168,Risk 2 (Medium),60602,41.88388263,-87.62803907,1,1,0,Canvass,2009,STATE,103.1971,441.9159,428.627,1512.2969,1,95.63%,4.37%,5928
2488,2487,1493636,1518496,Risk 1 (High),60657,41.94604178,-87.65575347,1,1,0,Canvass,1911,CLARK,1563.5357,508.4414,131.6335,2258.5744,1,95.63%,4.37%,5929
2369,2368,1441277,1479950,Risk 1 (High),60657,41.94532486,-87.65517564,1,1,0,Canvass,1911,CLARK,137.9123,465.7287,168.3713,2262.2497,1,95.63%,4.37%,5930
3529,3528,1496562,1884007,Risk 1 (High),60616,41.85358937,-87.63512892,1,1,0,Canvass,1994,CHINA,506.9823,230.9378,444.8184,2068.5786,1,95.63%,4.37%,5931
1750,1749,1473540,1140862,Risk 1 (High),60615,41.80617039,-87.58579957,1,1,1,Complaint,1962,CHICAGO,380.9235,701.9542,711.4291,1805.2824,1,95.63%,4.37%,5932
1065,1064,1441336,41707,Risk 1 (High),60657,41.94416192,-87.66379057,1,1,0,Canvass,1911,SOUTHPORT,128.8735,343.0922,179.6917,2183.0653,1,95.63%,4.37%,5933
4547,4546,1401781,2048650,Risk 2 (Medium),60660,41.99257145,-87.6604939,1,1,0,Canvass,1921,BROADWAY,480.9655,448.4483,543.4517,2004.9133,1,95.63%,4.37%,5934
3404,3403,1494143,1847741,Risk 1 (High),60618,41.96155025,-87.68027083,1,1,0,Canvass,1934,MONTROSE,323.9074,510.4704,664.479,1909.102,1,95.63%,4.37%,5935
7489,7488,1385479,2348465,Risk 1 (High),60639,41.91704982,-87.72707606,1,1,0,License,1916,ARMITAGE,211.1133,589.5092,340.9139,1684.7906,1,95.63%,4.37%,5936
6463,6462,1471218,2278883,Risk 1 (High),60647,41.91723545,-87.71165855,1,1,0,Canvass,1954,ARMITAGE,103.1068,605.6943,339.3591,1103.9399,1,95.63%,4.37%,5937
1566,1565,1107021,83340,Risk 1 (High),60640,41.97733079,-87.66852552,1,1,0,Canvass,1929,CLARK,151.427,628.384,602.6802,1929.2412,1,95.63%,4.37%,5938
2604,2603,1496788,1576954,Risk 1 (High),60639,41.91723398,-87.72982496,1,1,0,Canvass,1910,ARMITAGE,341.1666,497.2586,237.9545,1660.0789,1,95.63%,4.37%,5939
6654,6653,1385320,2293319,Risk 1 (High),60639,41.91704982,-87.72707606,1,1,0,Canvass,1916,ARMITAGE,143.2384,589.5092,340.9139,1684.7906,1,95.63%,4.37%,5940
3553,3552,1494172,1887703,Risk 2 (Medium),60610,41.91040819,-87.63454009,1,1,1,Canvass,1881,WELLS,46.397,669.8971,229.6949,1244.759,1,95.64%,4.36%,5941
3219,3218,1493762,1803494,Risk 1 (High),60616,41.85360599,-87.63509441,1,1,0,Canvass,1994,CHINA,158.72,221.5482,445.3943,2066.3027,1,95.64%,4.36%,5942
1903,1902,1418475,1226727,Risk 2 (Medium),60660,41.99385357,-87.66023864,1,1,0,Canvass,1914,BROADWAY,310.4261,412.1674,344.1022,1906.8058,1,95.64%,4.36%,5943
4849,4848,1494072,2088256,Risk 1 (High),60654,41.89666242,-87.63710138,0,1,0,Complaint,2008,CHICAGO,458.8255,291.2116,664.1397,1616.7068,1,95.64%,4.36%,5944
2561,2560,1498078,1548445,Risk 2 (Medium),60611,41.89680864,-87.62661991,1,1,0,Canvass,2005,CHICAGO,236.7487,173.3772,387.038,1483.0255,1,95.64%,4.36%,5945
3334,3333,1473622,1840837,Risk 1 (High),60625,41.96427236,-87.68554257,1,1,0,Canvass,1922,LINCOLN,222.6163,478.5203,797.3666,2227.0002,1,95.64%,4.36%,5946
6414,6413,1395316,2277412,Risk 3 (Low),60637,41.79397981,-87.60121394,1,0,0,License Re-Inspection,2006,ELLIS,1230.5838,1103.7708,1059.3873,3557.4745,1,95.64%,4.36%,5947
4138,4137,1493310,1985350,Risk 1 (High),60616,41.83116513,-87.62210905,1,1,0,Canvass,2006,35TH,179.5075,89.8954,527.032,2320.4214,1,95.64%,4.36%,5948
2952,2951,1307496,1696152,Risk 2 (Medium),60636,41.78684724,-87.66504733,1,1,0,Complaint,2005,59TH,430.1775,138.6126,351.7519,1993.9421,1,95.64%,4.36%,5949
617,616,1494013,25493,Risk 2 (Medium),60618,41.94863688,-87.68845751,1,1,0,Canvass,1962,WESTERN,656.0106,540.9902,622.4836,1331.6617,1,95.64%,4.36%,5950
3775,3774,1501649,1927410,Risk 2 (Medium),60654,41.89658519,-87.64299618,1,0,0,Canvass,2005,CHICAGO,240.1942,1044.0695,746.1455,1645.7365,1,95.64%,4.36%,5951
1235,1234,1418247,51011,Risk 2 (Medium),60640,41.96553723,-87.65502741,1,1,0,Canvass,1920,WILSON,680.3708,550.2509,324.2854,2115.1143,1,95.64%,4.36%,5952
2507,2506,1395370,1542917,Risk 1 (High),60618,41.94332263,-87.6788491,1,1,0,Canvass,1911,ROSCOE,752.533,295.8073,160.442,2020.5929,1,95.64%,4.36%,5953
5888,5887,1491152,2202595,Risk 1 (High),60654,41.89658519,-87.64299618,1,0,0,Canvass,2005,CHICAGO,204.3842,1044.0695,746.1455,1645.7365,1,95.64%,4.36%,5954
3558,3557,1460176,1887880,Risk 1 (High),60613,41.95409491,-87.67504824,1,1,0,Canvass,1924,IRVING,502.5002,577.3469,535.2571,2123.0293,1,95.64%,4.36%,5955
5747,5746,1441351,2188922,Risk 2 (Medium),60657,41.94609558,-87.66413731,1,1,0,Canvass,1927,SOUTHPORT,112.7252,262.0105,513.4192,2262.7461,1,95.65%,4.35%,5956
2847,2846,1473927,1649695,Risk 1 (High),60602,41.88196533,-87.62679322,1,0,1,Canvass,1905,MADISON,596.0805,235.5288,171.3406,1129.4178,1,95.65%,4.35%,5957
6713,6712,1453277,2294327,Risk 2 (Medium),60601,41.88463208,-87.62224799,1,1,0,Canvass,2006,RANDOLPH,833.2337,819.7393,523.4633,1795.5677,1,95.65%,4.35%,5958
6524,6523,1464409,2283749,Risk 1 (High),60660,41.98486239,-87.66970638,1,1,0,Canvass,1921,ASHLAND,847.0418,851.0697,426.7787,1833.8514,1,95.65%,4.35%,5959
4912,4911,1515356,2093922,Risk 2 (Medium),60632,41.79378047,-87.69496028,1,1,0,Canvass,1947,55TH,813.1543,398.9,439.476,2833.1985,1,95.65%,4.35%,5960
2120,2119,1473388,1337761,Risk 1 (High),60632,41.80721665,-87.72371316,1,1,0,Canvass,1922,PULASKI,960.4245,643.2497,317.1521,2678.8461,1,95.65%,4.35%,5961
6832,6831,1459554,2303911,Risk 1 (High),60613,41.95045847,-87.66396416,1,1,0,License,1916,SOUTHPORT,731.1429,584.0381,410.3558,2334.6009,1,95.65%,4.35%,5962
4866,4865,1464317,2088978,Risk 2 (Medium),60660,41.9833772,-87.66910121,1,1,0,Complaint,1911,BRYN,597.7229,917.3215,351.9145,1957.3724,1,95.65%,4.35%,5963
2189,2188,1372624,1381404,Risk 1 (High),60601,41.88462378,-87.62047604,1,1,1,Canvass,1899,RANDOLPH,613.3662,945.3321,525.4304,1689.9407,1,95.65%,4.35%,5964
1095,1094,1459463,43177,Risk 1 (High),60613,41.95007593,-87.66395326,1,1,0,Canvass,1909,SOUTHPORT,285.3305,574.7145,340.908,2382.4077,1,95.65%,4.35%,5965
3461,3460,1152064,1873495,Risk 1 (High),60629,41.78622233,-87.69823813,1,1,0,Canvass,1924,59TH,705.058,342.8633,254.2692,3112.7745,1,95.65%,4.35%,5966
4702,4701,1473867,2069204,Risk 1 (High),60647,41.91887088,-87.68730482,1,1,0,Canvass,1910,WESTERN,357.3303,414.6753,76.3061,2049.3286,1,95.65%,4.35%,5967
2430,2429,1372540,1494561,Risk 1 (High),60602,41.8825402,-87.62453094,1,1,1,Canvass,1893,MICHIGAN,368.9837,417.1855,301.2321,1542.5329,1,95.65%,4.35%,5968
4477,4476,1453417,2033170,Risk 1 (High),60607,41.87914037,-87.6669,1,1,0,Canvass,2006,ASHLAND,296.9337,594.01,726.4465,1503.219,1,95.65%,4.35%,5969
586,585,1439283,24156,Risk 1 (High),60611,41.89244202,-87.62314748,1,1,0,Canvass,2007,OHIO,643.4751,703.6392,136.583,1235.4779,1,95.65%,4.35%,5970
7570,7569,1497573,2350383,Risk 1 (High),60640,41.96697754,-87.6666311,1,0,0,License,1925,LELAND,507.8685,701.0187,319.6149,1840.9483,1,95.65%,4.35%,5971
2432,2431,1512270,1494999,Risk 1 (High),60610,41.89730374,-87.63480417,1,1,0,Complaint,2005,INSTITUTE,259.6382,566.0803,608.5223,1635.8983,1,95.65%,4.35%,5972
2567,2566,1497701,1573356,Risk 2 (Medium),60611,41.89681131,-87.6264488,1,1,0,Canvass,2005,CHICAGO,564.0221,184.4957,375.326,1511.6262,1,95.65%,4.35%,5973
5085,5084,1434268,2115332,Risk 1 (High),60660,41.98506583,-87.66894907,1,1,0,Canvass,1930,CLARK,408.1966,938.305,582.1288,1830.1333,1,95.65%,4.35%,5974
3801,3800,1447460,1932904,Risk 1 (High),60607,41.87676981,-87.64796315,1,1,1,Canvass,1909,VAN,295.7615,289.6989,576.7752,1301.2729,1,95.65%,4.35%,5975
5260,5259,1372545,2134172,Risk 1 (High),60601,41.88462378,-87.62047604,1,1,1,Canvass,1899,RANDOLPH,356.3238,945.3321,525.4304,1689.9407,1,95.66%,4.34%,5976
6394,6393,1435050,2271065,Risk 1 (High),60652,41.74974186,-87.71794639,1,1,0,Canvass,1953,79TH,725.4562,635.4642,695.1826,3123.3746,1,95.66%,4.34%,5977
7304,7303,1471286,2328569,Risk 1 (High),60647,41.92466148,-87.72111624,1,1,0,License,1910,FULLERTON,632.799,391.4192,328.7494,1871.6488,1,95.66%,4.34%,5978
6982,6981,1464475,2308871,Risk 1 (High),60626,42.00803722,-87.66489552,1,0,0,License,1930,MORSE,40.3048,553.7798,448.0567,1520.6525,1,95.66%,4.34%,5979
4062,4061,1092873,1975441,Risk 1 (High),60657,41.93829399,-87.64448816,1,1,0,Canvass,1955,BROADWAY,475.3958,405.7816,113.1375,1572.8041,1,95.66%,4.34%,5980
2588,2587,1372676,1575339,Risk 2 (Medium),60601,41.88462378,-87.62047604,1,1,1,Canvass,1899,RANDOLPH,256.6545,945.3321,525.4304,1689.9407,1,95.66%,4.34%,5981
6777,6776,1467278,2299153,Risk 1 (High),60607,41.88325552,-87.64743608,1,1,0,License,2006,WASHINGTON,848.8375,589.9793,412.2716,1376.5663,1,95.66%,4.34%,5982
6170,6169,1372677,2247250,Risk 2 (Medium),60601,41.88462378,-87.62047604,1,1,1,Canvass,1899,RANDOLPH,251.6591,945.3321,525.4304,1689.9407,1,95.66%,4.34%,5983
1616,1615,1474089,1043422,Risk 1 (High),60632,41.79358773,-87.70606831,1,1,0,Canvass,1931,55TH,1255.444,515.8915,597.9288,3231.5526,1,95.66%,4.34%,5984
2310,2309,1513144,1473500,Risk 2 (Medium),60629,41.77563915,-87.70320686,1,1,0,Canvass,1929,KEDZIE,659.6166,209.3094,215.6289,3021.3662,1,95.66%,4.34%,5985
47,46,1497369,1462,Risk 2 (Medium),60647,41.924942,-87.6874964,1,1,0,Canvass,1917,WESTERN,297.7689,402.6136,284.4752,2108.4149,1,95.66%,4.34%,5986
3419,3418,1512841,1868489,Risk 2 (Medium),60632,41.79358404,-87.70634492,1,1,0,Canvass,1929,55TH,178.1296,516.7928,597.695,3226.9055,1,95.66%,4.34%,5987
6778,6777,1467279,2299154,Risk 1 (High),60607,41.88325552,-87.64743608,1,1,0,License,2006,WASHINGTON,744.649,589.9793,412.2716,1376.5663,1,95.66%,4.34%,5988
2198,2197,1199280,1382056,Risk 1 (High),60611,41.89325125,-87.62279184,1,1,0,Canvass,2004,ONTARIO,154.2165,739.694,239.5657,1407.697,1,95.66%,4.34%,5989
549,548,1501383,23095,Risk 2 (Medium),60601,41.88463208,-87.62224799,1,1,0,Canvass,2006,RANDOLPH,264.6625,819.7393,523.4633,1795.5677,1,95.66%,4.34%,5990
3532,3531,1497648,1884173,Risk 2 (Medium),60603,41.8797189,-87.62628115,1,1,1,Canvass,1925,WABASH,336.42,683.865,408.9885,1017.9399,1,95.66%,4.34%,5991
6830,6829,1459551,2303909,Risk 1 (High),60613,41.95045847,-87.66396416,1,1,0,License,1916,SOUTHPORT,180.2302,584.0381,410.3558,2334.6009,1,95.66%,4.34%,5992
7471,7470,1460208,2341804,Risk 3 (Low),60618,41.94328755,-87.68161181,1,0,0,License,1913,ROSCOE,667.2815,322.1179,201.4874,2019.8493,1,95.66%,4.34%,5993
6160,6159,1324888,2246928,Risk 2 (Medium),60612,41.87627065,-87.68074934,1,1,0,Canvass,1894,VAN,549.3221,535.0278,343.0759,3210.1432,1,95.66%,4.34%,5994
4376,4375,1372522,2020849,Risk 2 (Medium),60602,41.88222094,-87.62636517,1,1,0,Canvass,2006,WABASH,1060.4959,113.2821,42.0209,1278.6209,1,95.67%,4.33%,5995
2169,2168,1441352,1358623,Risk 1 (High),60657,41.9459919,-87.65571319,1,1,0,Canvass,1911,CLARK,294.7115,503.8669,119.4493,2258.1072,1,95.67%,4.33%,5996
553,552,1497081,23112,Risk 2 (Medium),60618,41.94309688,-87.679429,1,1,0,Canvass,1906,ROSCOE,324.0991,272.6395,60.654,2024.352,1,95.67%,4.33%,5997
3785,3784,1092835,1927742,Risk 1 (High),60657,41.94504968,-87.65495322,1,1,0,Canvass,1920,CLARK,338.5997,466.4521,257.5996,2266.4176,1,95.67%,4.33%,5998
4710,4709,1391479,2069506,Risk 1 (High),60626,42.00582695,-87.66114013,1,1,0,Canvass,1926,SHERIDAN,400.5272,405.4545,407.1778,1670.7764,1,95.67%,4.33%,5999
6612,6611,1107051,2289610,Risk 1 (High),60640,41.96521815,-87.66258555,1,1,0,License,1926,WILSON,107.952,304.066,278.2126,1879.1048,1,95.67%,4.33%,6000
3740,3739,1395708,1916362,Risk 1 (High),60607,41.87677249,-87.64778829,1,1,1,Canvass,1909,VAN,688.918,274.9188,555.3854,1321.4059,1,95.67%,4.33%,6001
2364,2363,1493299,1479249,Risk 1 (High),60625,41.96580613,-87.69386749,1,1,0,Canvass,1920,ROCKWELL,814.3953,631.2498,499.3613,1855.2628,1,95.67%,4.33%,6002
3692,3691,1459304,1909508,Risk 1 (High),60625,41.96866668,-87.69563455,1,1,0,Canvass,1932,LAWRENCE,224.2739,766.7079,402.5069,1412.6728,1,95.67%,4.33%,6003
2563,2562,1325127,1572999,Risk 1 (High),60647,41.91367837,-87.6773884,1,1,0,Canvass,1933,DAMEN,430.9667,645.0388,151.9337,1874.7025,1,95.67%,4.33%,6004
4694,4693,1325103,2069042,Risk 1 (High),60647,41.91005175,-87.72131578,1,1,0,Canvass,1909,NORTH,934.8424,698.1237,593.1964,2363.9531,1,95.67%,4.33%,6005
5095,5094,1385587,2120094,Risk 1 (High),60639,41.90953789,-87.76143046,1,1,0,Canvass,1958,NORTH,103.37,721.3225,595.5337,807.1311,1,95.67%,4.33%,6006
2987,2986,1367469,1717372,Risk 1 (High),60636,41.78333925,-87.68390047,1,1,0,Canvass,2007,WESTERN,305.4201,567.1006,479.2055,1912.035,1,95.67%,4.33%,6007
7222,7221,1459316,2326813,Risk 1 (High),60625,41.96700987,-87.71346842,1,1,0,License,1915,KIMBALL,493.3584,442.8754,503.9857,1698.2725,1,95.67%,4.33%,6008
3427,3426,1473833,1869112,Risk 1 (High),60618,41.94328079,-87.68215298,1,1,0,Canvass,1915,ROSCOE,103.1156,341.3403,228.7081,2000.6837,1,95.67%,4.33%,6009
2960,2959,1367470,1696656,Risk 1 (High),60636,41.7833958,-87.68390217,1,1,0,Canvass,2007,WESTERN,814.0608,570.4739,468.4166,1920.1955,1,95.67%,4.33%,6010
3826,3825,1490658,1937529,Risk 1 (High),60632,41.804762,-87.71921534,1,1,0,Canvass,1959,ARCHER,844.2279,559.3743,617.1422,2411.5689,1,95.67%,4.33%,6011
1466,1465,1401555,71898,Risk 1 (High),60632,41.79358545,-87.70625294,1,1,0,Canvass,1931,55TH,333.7752,515.3661,599.2992,3228.3087,1,95.68%,4.32%,6012
6889,6888,1372458,2307693,Risk 1 (High),60601,41.88539005,-87.61898671,1,0,0,License,2011,BENTON,49.7197,996.8227,492.1352,1702.4316,1,95.68%,4.32%,6013
4335,4334,1399268,2013478,Risk 1 (High),60625,41.96700987,-87.71346842,1,1,0,Canvass,1915,KIMBALL,237.4372,442.8754,503.9857,1698.2725,1,95.68%,4.32%,6014
456,455,1453219,20442,Risk 1 (High),60605,41.86748423,-87.61915038,1,1,0,Canvass,2006,LAKE,289.2803,1352.8367,1143.6589,2737.1371,1,95.68%,4.32%,6015
552,551,1459487,23110,Risk 2 (Medium),60613,41.95255659,-87.64950023,1,1,0,Complaint,1931,BROADWAY,628.4383,526.4513,203.8268,2006.1496,1,95.68%,4.32%,6016
2309,2308,1473567,1473497,Risk 2 (Medium),60625,41.96848652,-87.69084636,1,1,0,Canvass,1993,LAWRENCE,247.7292,527.2589,680.8254,597.6356,1,95.68%,4.32%,6017
455,454,1453220,20440,Risk 1 (High),60605,41.86748423,-87.61915038,1,1,0,Canvass,2006,LAKE,262.453,1352.8367,1143.6589,2737.1371,1,95.68%,4.32%,6018
7483,7482,1453522,2342288,Risk 1 (High),60605,41.8644656,-87.6239358,1,1,0,License,2007,MICHIGAN,539.9099,484.62,468.374,1948.7569,1,95.68%,4.32%,6019
2618,2617,1439586,1578562,Risk 2 (Medium),60611,41.89335244,-87.62556699,1,1,0,Canvass,2005,RUSH,643.1219,905.3178,507.9106,1717.3894,1,95.68%,4.32%,6020
311,310,1325099,12453,Risk 1 (High),60647,41.9173369,-87.72144999,1,1,0,Canvass,1905,ARMITAGE,370.7748,522.5537,213.8936,1931.823,1,95.68%,4.32%,6021
6422,6421,1434971,2277592,Risk 1 (High),60651,41.89559039,-87.71415546,1,1,0,Canvass,1914,CHICAGO,576.3519,512.6,386.2042,2266.9144,1,95.68%,4.32%,6022
481,480,1471291,21547,Risk 1 (High),60647,41.92470862,-87.69624964,1,1,0,Canvass,1911,FULLERTON,278.929,484.8592,181.3209,2033.5309,1,95.68%,4.32%,6023
7578,7577,1480249,2353863,Risk 1 (High),60623,41.83908027,-87.71205827,1,1,0,License,1926,ST,314.0465,411.1736,279.4383,2458.0245,1,95.68%,4.32%,6024
1296,1295,1372531,55825,Risk 1 (High),60611,41.89387135,-87.61527478,1,1,1,Canvass,1964,LAKE,21087.1053,520.3571,1060.1109,1909.349,1,95.69%,4.31%,6025
7314,7313,1473451,2333136,Risk 1 (High),60632,41.8007213,-87.70307308,1,1,0,License,1963,51ST,1068.9717,748.448,657.1441,2647.1077,1,95.69%,4.31%,6026
6416,6415,1496513,2277462,Risk 2 (Medium),60623,41.84030863,-87.73310706,1,1,0,Canvass,1904,KOLIN,540.7785,512.2227,639.3785,3052.8601,1,95.69%,4.31%,6027
3279,3278,1467532,1819005,Risk 2 (Medium),60607,41.88588962,-87.65696174,1,1,1,Canvass,1911,RACINE,21087.1053,559.3326,779.5947,2182.3882,1,95.69%,4.31%,6028
7787,7786,1501938,2364151,Risk 1 (High),60651,41.89548303,-87.72538177,1,1,0,License,1924,CHICAGO,294.753,551.967,566.3898,2124.259,1,95.69%,4.31%,6029
505,504,1325119,22758,Risk 1 (High),60647,41.91538473,-87.68497372,1,1,0,Canvass,1925,MILWAUKEE,275.9244,400.936,351.171,2205.7722,1,95.69%,4.31%,6030
4094,4093,1325290,1979994,Risk 2 (Medium),60612,41.87401634,-87.67026083,1,1,0,Canvass,1981,Harrison,707.9282,1720.2813,1302.7351,2715.4593,1,95.69%,4.31%,6031
6328,6327,1471493,2263443,Risk 2 (Medium),60639,41.90942295,-87.77073265,1,1,0,Canvass,1924,NORTH,125.2333,592.8887,87.3616,817.6551,1,95.69%,4.31%,6032
2008,2007,1493315,1276889,Risk 1 (High),60614,41.92545243,-87.64195621,1,0,0,Canvass,1970,FULLERTON,517.6701,424.7775,323.1897,1740.6027,1,95.69%,4.31%,6033
7265,7264,1497875,2327538,Risk 1 (High),60647,41.92501633,-87.6870333,1,0,0,License,1917,FULLERTON,288.2914,374.8488,234.6001,2119.8521,1,95.69%,4.31%,6034
2568,2567,1490706,1573418,Risk 2 (Medium),60642,41.89099244,-87.6553823,1,1,1,Canvass,1869,GRAND,200.1119,463.0632,181.6415,1469.2693,1,95.69%,4.31%,6035
5253,5252,1497420,2134060,Risk 2 (Medium),60638,41.79401754,-87.77414737,1,1,0,Canvass,1901,ARCHER,338.1075,1092.2956,708.3663,3061.9969,1,95.70%,4.30%,6036
3108,3107,1488231,1767962,Risk 2 (Medium),60608,41.84530356,-87.68560744,1,1,0,Canvass,1978,WESTERN,478.4402,721.9796,710.7411,2207.6865,1,95.70%,4.30%,6037
2972,2971,1496673,1698884,Risk 1 (High),60625,41.97413797,-87.68923602,1,1,0,Canvass,1929,WESTERN,840.7513,693.1525,351.4866,1522.1822,1,95.70%,4.30%,6038
7162,7161,1408225,2320606,Risk 2 (Medium),60624,41.88510313,-87.71127829,1,1,0,License,1899,HOMAN,859.0835,327.7391,202.3382,2539.1366,1,95.70%,4.30%,6039
2420,2419,1399336,1493582,Risk 2 (Medium),60625,41.96911042,-87.70834947,1,1,0,Complaint,1989,KEDZIE,21087.1053,645.3316,627.5403,1249.6812,1,95.70%,4.30%,6040
5833,5832,1107062,2196649,Risk 1 (High),60640,41.96527014,-87.65755429,1,1,0,Complaint,1926,BROADWAY,451.5119,598.3752,154.5419,1847.5193,1,95.70%,4.30%,6041
3155,3154,1372617,1798214,Risk 1 (High),60601,41.88460307,-87.62711569,1,1,0,Canvass,1990,RANDOLPH,183.9647,481.2067,273.7066,1852.2076,1,95.70%,4.30%,6042
2086,2085,1480404,1332913,Risk 2 (Medium),60623,41.84420224,-87.70488699,1,1,0,Canvass,1966,KEDZIE,691.0332,425.5818,770.7568,2318.3383,1,95.70%,4.30%,6043
6563,6562,1401518,2284801,Risk 1 (High),60640,41.96527014,-87.65755429,1,0,0,License,1926,BROADWAY,345.0373,598.3752,154.5419,1847.5193,1,95.70%,4.30%,6044
2584,2583,1325381,1574657,Risk 2 (Medium),60612,41.87146692,-87.66973629,1,1,0,Canvass,1959,POLK,364.4493,1373.8253,1050.3967,2923.6731,1,95.70%,4.30%,6045
1161,1160,1324968,46660,Risk 1 (High),60612,41.87401634,-87.67026083,1,1,0,Canvass,1981,HARRISON,228.641,1720.2813,1302.7351,2715.4593,1,95.70%,4.30%,6046
5539,5538,1473575,2157276,Risk 1 (High),60618,41.95399669,-87.7193732,1,1,0,Canvass,1912,ELSTON,231.5928,569.8934,434.518,1757.5602,1,95.70%,4.30%,6047
3080,3079,1372692,1743553,Risk 2 (Medium),60601,41.88462845,-87.6226127,1,0,0,Canvass,2006,RANDOLPH,267.6845,805.235,490.891,1830.592,1,95.70%,4.30%,6048
5284,5283,1453512,2136896,Risk 1 (High),60607,41.88423207,-87.65125633,1,1,0,Canvass,2006,RANDOLPH,252.2801,516.251,577.8997,1579.7054,1,95.70%,4.30%,6049
1683,1682,1387448,1093547,Risk 2 (Medium),60619,41.75883292,-87.59086222,0,0,1,Consultation,1986,75TH,210.6324,236.1199,623.4194,1751.3922,1,95.70%,4.30%,6050
1550,1549,1107151,81578,Risk 1 (High),60640,41.96503885,-87.65740624,1,1,0,Canvass,1926,BROADWAY,504.4704,622.5511,220.6379,1940.6628,1,95.70%,4.30%,6051
306,305,1513204,12285,Risk 2 (Medium),60632,41.80750255,-87.72372116,1,1,0,Canvass,1923,PULASKI,142.7463,627.6034,294.1379,2700.2593,1,95.71%,4.29%,6052
84,83,1496510,2218,Risk 2 (Medium),60625,41.96848269,-87.69140891,1,1,0,Canvass,1987,LAWRENCE,463.508,505.3084,595.7792,672.7117,1,95.71%,4.29%,6053
5461,5460,1501218,2152347,Risk 2 (Medium),60611,41.89479837,-87.61586665,1,1,1,Canvass,1926,LAKE,513.8778,713.5345,1243.9297,2079.4628,1,95.71%,4.29%,6054
7778,7777,1501782,2363853,Risk 1 (High),60632,41.8007213,-87.70307308,1,1,0,License,1963,51ST,88.9267,748.448,657.1441,2647.1077,1,95.71%,4.29%,6055
6733,6732,1496233,2298459,Risk 1 (High),60614,41.91844708,-87.63792342,1,1,0,Canvass,2006,ARMITAGE,236.0321,548.9085,44.6661,799.7962,1,95.71%,4.29%,6056
1856,1855,1497529,1194787,Risk 2 (Medium),60618,41.96099495,-87.71505149,1,1,0,Canvass,1916,MONTROSE,318.7471,443.5774,186.1758,1393.9229,1,95.71%,4.29%,6057
2298,2297,1372487,1473187,Risk 1 (High),60607,41.88423038,-87.65134305,1,1,0,Canvass,2006,RANDOLPH,396.3019,525.651,568.4665,1584.3886,1,95.71%,4.29%,6058
5332,5331,1385343,2138343,Risk 2 (Medium),60639,41.90973929,-87.72902158,1,1,0,Canvass,1989,North,434.7541,535.1718,248.9944,282.768,1,95.71%,4.29%,6059
7759,7758,1501541,2363714,Risk 1 (High),60614,41.9165503,-87.65716548,0,0,0,License,1939,CLYBOURN,451.243,689.4941,83.2272,1982.1594,1,95.71%,4.29%,6060
3308,3307,1493357,1822416,Risk 2 (Medium),60647,41.92474575,-87.69239098,1,1,0,Canvass,1912,FULLERTON,706.4445,924.7072,198.7304,2122.4986,1,95.71%,4.29%,6061
3253,3252,1401367,1816823,Risk 2 (Medium),60616,41.83119241,-87.6192892,1,1,0,Complaint,1984,35TH,220.1709,671.1073,121.0336,2413.85,1,95.71%,4.29%,6062
6062,6061,1496322,2234061,Risk 1 (High),60625,41.96532838,-87.68622836,1,1,0,Canvass,1926,LINCOLN,393.4858,319.4251,553.9917,1987.5411,1,95.71%,4.29%,6063
3688,3687,1473430,1909371,Risk 2 (Medium),60609,41.81572223,-87.66529164,1,1,0,Canvass,1985,ASHLAND,1056.2968,601.5266,794.955,2785.5647,1,95.72%,4.28%,6064
3652,3651,1199552,1904294,Risk 2 (Medium),60614,41.92521233,-87.67192543,1,1,0,Canvass,1957,FULLERTON,655.4734,690.2413,473.2348,1821.6693,1,95.72%,4.28%,6065
3173,3172,1490513,1800172,Risk 1 (High),60632,41.82265672,-87.69004512,1,1,0,Canvass,1924,ARCHER,79.9686,518.041,575.7263,3343.3916,1,95.72%,4.28%,6066
482,481,1307653,21565,Risk 1 (High),60629,41.7805799,-87.70303419,1,1,0,Canvass,1963,KEDZIE,1655.5559,367.8927,624.9715,2909.7467,1,95.72%,4.28%,6067
2353,2352,1325188,1477528,Risk 1 (High),60639,41.92617421,-87.72667174,1,1,0,Canvass,1910,PULASKI,413.334,895.1509,693.2442,2289.0921,1,95.72%,4.28%,6068
662,661,1107149,27137,Risk 1 (High),60640,41.97630115,-87.66827594,1,1,0,Canvass,1919,CLARK,239.4135,725.7078,382.0615,2032.925,1,95.72%,4.28%,6069
4049,4048,1473539,1974613,Risk 1 (High),60625,41.96521836,-87.68615654,1,1,0,Canvass,1927,LINCOLN,929.1198,336.6453,581.0039,2031.9667,1,95.72%,4.28%,6070
2095,2094,1490504,1333490,Risk 1 (High),60610,41.90198587,-87.62901188,1,1,1,Canvass,1921,MAPLE,444.8395,640.2762,245.2194,772.0586,1,95.72%,4.28%,6071
4668,4667,1496800,2065260,Risk 1 (High),60625,41.9683304,-87.67902763,1,1,0,Canvass,1929,DAMEN,283.5426,428.352,463.1288,1886.185,1,95.72%,4.28%,6072
2763,2762,1305544,1621766,Risk 1 (High),60608,41.85182261,-87.69312801,1,1,0,Canvass,1989,CERMAK,259.7564,586.6962,506.6589,1624.1684,1,95.72%,4.28%,6073
7086,7085,1490236,2314412,Risk 2 (Medium),60614,41.92521233,-87.67192543,1,1,0,License,1957,FULLERTON,422.8809,690.2413,473.2348,1821.6693,1,95.72%,4.28%,6074
1777,1776,1401613,1143865,Risk 1 (High),60618,41.9601933,-87.68282875,1,1,0,Canvass,1952,LINCOLN,547.9402,803.1059,1017.8453,2095.4189,1,95.72%,4.28%,6075
6367,6366,1434668,2269719,Risk 1 (High),60642,41.90734971,-87.64926041,1,1,0,Canvass,2007,EASTMAN,363.7109,1741.786,866.5172,1666.2876,1,95.72%,4.28%,6076
7751,7750,1385740,2363465,Risk 1 (High),60651,41.89562614,-87.71035215,1,1,0,License,1903,CHICAGO,790.3716,249.4465,526.8062,2810.3986,1,95.72%,4.28%,6077
1229,1228,1493224,50418,Risk 1 (High),60632,41.80983242,-87.71141244,1,1,0,Canvass,1933,ARCHER,296.056,497.3202,393.4503,2803.9846,1,95.72%,4.28%,6078
4884,4883,1490209,2092934,Risk 2 (Medium),60618,41.95393909,-87.71482576,1,1,0,Canvass,1900,IRVING,220.0515,526.5955,435.5014,2109.1295,1,95.73%,4.27%,6079
2450,2449,1325094,1496146,Risk 1 (High),60647,41.91019154,-87.70942127,1,1,0,Canvass,1912,NORTH,210.026,563.0422,212.9643,2086.8272,1,95.73%,4.27%,6080
2630,2629,1447402,1579725,Risk 1 (High),60606,41.8855345,-87.63667609,1,1,0,Canvass,2002,WACKER,138.4056,715.6579,572.3085,1862.0562,1,95.73%,4.27%,6081
3102,3101,1199490,1767602,Risk 2 (Medium),60661,41.88581472,-87.64284713,1,0,0,Canvass,2005,LAKE,431.6786,532.8029,546.3842,1710.8991,1,95.73%,4.27%,6082
5597,5596,1482282,2163536,Risk 2 (Medium),60640,41.97988252,-87.65981805,1,1,1,Canvass,1915,BROADWAY,234.9862,479.0907,495.6703,65.4255,1,95.73%,4.27%,6083
5688,5687,1418446,2183633,Risk 2 (Medium),60657,41.93674905,-87.64791189,1,1,0,Canvass,1985,CLARK,1769.4367,356.5123,277.0591,1313.8818,1,95.73%,4.27%,6084
1056,1055,1418245,41443,Risk 2 (Medium),60640,41.96498065,-87.6570432,1,1,0,Canvass,1928,BROADWAY,434.7541,637.8727,253.299,1987.7845,1,95.73%,4.27%,6085
6919,6918,1399300,2308015,Risk 3 (Low),60618,41.94325126,-87.68457606,1,0,0,License,1931,ROSCOE,590.459,566.8287,287.7275,1822.9461,1,95.73%,4.27%,6086
5726,5725,1389373,2184968,Risk 1 (High),60651,41.8948978,-87.76984311,1,1,0,Canvass,1909,CHICAGO,512.8407,219.1237,418.927,1785.3026,1,95.73%,4.27%,6087
6917,6916,1399298,2308013,Risk 2 (Medium),60618,41.94325126,-87.68457606,1,1,0,License,1931,ROSCOE,447.218,566.8287,287.7275,1822.9461,1,95.73%,4.27%,6088
462,461,1496787,20639,Risk 2 (Medium),60625,41.97569146,-87.6889953,1,1,0,Canvass,1915,WESTERN,495.2073,819.8797,475.8883,1992.3141,1,95.73%,4.27%,6089
4933,4932,1410221,2098003,Risk 1 (High),60616,41.8552817,-87.63199264,1,1,0,Canvass,2006,WENTWORTH,786.6332,434.2769,348.8954,1921.1048,1,95.74%,4.26%,6090
4769,4768,1324854,2078898,Risk 1 (High),60624,41.88490238,-87.71381982,1,1,0,Canvass,1909,LAKE,272.3328,428.1776,181.998,2320.3915,1,95.74%,4.26%,6091
4038,4037,1387445,1970361,Risk 2 (Medium),60628,41.7202241,-87.64332798,1,1,0,Complaint,1989,HALSTED,310.5651,818.1146,358.0224,3370.6925,1,95.74%,4.26%,6092
1639,1638,1490371,1045614,Risk 1 (High),60647,41.92161436,-87.69548143,1,1,0,Canvass,1953,MILWAUKEE,630.3573,859.2143,274.4653,1411.3153,1,95.74%,4.26%,6093
4946,4945,1491027,2098861,Risk 1 (High),60608,41.85214902,-87.68465317,1,1,0,Canvass,1990,CERMAK,515.8373,457.7797,279.7809,1490.1492,1,95.74%,4.26%,6094
750,749,1515229,30958,Risk 2 (Medium),60625,41.96429284,-87.68588219,1,1,0,Canvass,1929,LINCOLN,917.5357,434.0191,743.0174,2224.6745,1,95.74%,4.26%,6095
2433,2432,1490520,1495003,Risk 1 (High),60625,41.96499709,-87.68601382,1,1,0,Canvass,1927,LINCOLN,448.7733,367.8189,640.6623,2120.741,1,95.74%,4.26%,6096
6918,6917,1399299,2308014,Risk 3 (Low),60618,41.94325126,-87.68457606,1,0,0,License,1931,ROSCOE,283.9853,566.8287,287.7275,1822.9461,1,95.74%,4.26%,6097
1656,1655,1441305,1069215,Risk 2 (Medium),60657,41.94094464,-87.66884145,1,1,0,Canvass,2009,ASHLAND,487.4847,352.3659,273.3969,466.7555,1,95.74%,4.26%,6098
4284,4283,1490430,2008196,Risk 1 (High),60647,41.92247228,-87.68771381,1,1,0,Canvass,1931,WESTERN,547.4208,221.127,402.7959,2152.2633,1,95.74%,4.26%,6099
3818,3817,1199577,1937141,Risk 1 (High),60661,41.88559508,-87.64302328,0,1,0,Canvass,2004,LAKE,131.9691,492.7059,600.5456,1803.9967,1,95.74%,4.26%,6100
6179,6178,1434635,2252237,Risk 1 (High),60616,41.8552817,-87.63199264,1,0,0,License,2006,WENTWORTH,525.938,434.2769,348.8954,1921.1048,1,95.74%,4.26%,6101
3912,3911,1473869,1953695,Risk 1 (High),60629,41.78646851,-87.69646343,1,1,0,Canvass,1924,59TH,342.8905,292.8545,174.4865,3192.5298,1,95.74%,4.26%,6102
7804,7803,1412223,2368165,Risk 1 (High),60616,41.8552817,-87.63199264,1,0,0,License,2006,WENTWORTH,461.0797,434.2769,348.8954,1921.1048,1,95.74%,4.26%,6103
6180,6179,1434371,2252238,Risk 1 (High),60616,41.8552817,-87.63199264,1,1,0,License,2006,WENTWORTH,455.7521,434.2769,348.8954,1921.1048,1,95.74%,4.26%,6104
5027,5026,1493327,2109877,Risk 1 (High),60616,41.8552817,-87.63199264,1,1,0,Complaint,2006,WENTWORTH,439.261,434.2769,348.8954,1921.1048,1,95.74%,4.26%,6105
5270,5269,1453675,2134517,Risk 2 (Medium),60605,41.87025039,-87.62427758,1,1,1,Canvass,1911,MICHIGAN,267.2842,545.7721,394.1543,1561.3199,1,95.74%,4.26%,6106
3038,3037,1107068,1740142,Risk 1 (High),60640,41.97406912,-87.65509449,1,1,0,Canvass,1940,SHERIDAN,257.3837,390.9667,484.7677,1994.6051,1,95.74%,4.26%,6107
4906,4905,1410222,2093845,Risk 1 (High),60616,41.8552817,-87.63199264,1,0,0,Canvass,2006,WENTWORTH,311.7278,434.2769,348.8954,1921.1048,1,95.75%,4.25%,6108
6111,6110,1496947,2245426,Risk 2 (Medium),60625,41.96846882,-87.7174886,1,1,0,Canvass,1918,LAWRENCE,219.3508,595.7312,451.1929,1619.7334,1,95.75%,4.25%,6109
4115,4114,1494085,1980748,Risk 1 (High),60614,41.9220638,-87.63223306,1,1,0,Canvass,2007,Cannon,529.7714,1408.5864,1215.8178,2243.6522,1,95.75%,4.25%,6110
7655,7654,1496956,2358593,Risk 1 (High),60616,41.8552817,-87.63199264,1,1,0,License,2006,WENTWORTH,178.9815,434.2769,348.8954,1921.1048,1,95.75%,4.25%,6111
6553,6552,1424515,2284630,Risk 1 (High),60616,41.8552817,-87.63199264,1,1,0,Canvass,2006,WENTWORTH,162.9821,434.2769,348.8954,1921.1048,1,95.75%,4.25%,6112
4344,4343,1474085,2013998,Risk 1 (High),60616,41.83468535,-87.63309454,1,1,1,Canvass,1888,33RD,450.2722,712.8181,532.6585,2423.5714,1,95.75%,4.25%,6113
409,408,1434737,17636,Risk 1 (High),60618,41.93771579,-87.72135113,1,1,0,Complaint,1901,MILWAUKEE,283.7111,534.258,413.3911,2178.8537,1,95.75%,4.25%,6114
7439,7438,1496624,2341106,Risk 2 (Medium),60618,41.94794732,-87.68844043,1,0,0,License,1961,WESTERN,310.3727,461.9293,566.4295,1481.9402,1,95.75%,4.25%,6115
5970,5969,1453426,2222373,Risk 2 (Medium),60607,41.86461407,-87.64698871,1,1,0,Canvass,2004,HALSTED,291.1056,985.0792,640.7051,2004.6693,1,95.76%,4.24%,6116
4114,4113,1494092,1980746,Risk 2 (Medium),60614,41.9220638,-87.63223306,1,0,0,Canvass,2007,CANNON,133.9886,1408.5864,1215.8178,2243.6522,1,95.76%,4.24%,6117
7369,7368,1467347,2334484,Risk 2 (Medium),60607,41.8649599,-87.64699992,1,1,0,License,2005,HALSTED,1710.3328,1061.1969,706.5058,2112.3541,1,95.76%,4.24%,6118
1147,1146,1092852,45575,Risk 2 (Medium),60657,41.93650026,-87.64892751,1,1,0,Canvass,1977,WELLINGTON,765.8541,420.8011,140.7072,1308.3134,1,95.76%,4.24%,6119
4574,4573,1482325,2050182,Risk 1 (High),60640,41.97564877,-87.66821133,1,1,0,Canvass,1909,CLARK,326.7645,528.2944,151.0668,2057.2168,1,95.76%,4.24%,6120
3439,3438,1460191,1869463,Risk 1 (High),60610,41.88790616,-87.6293947,1,1,1,Complaint,1962,DEARBORN,326.145,394.1711,776.7861,780.6191,1,95.76%,4.24%,6121
6699,6698,1490334,2294108,Risk 2 (Medium),60613,41.9499666,-87.66395008,1,1,0,Canvass,1918,SOUTHPORT,720.5939,574.8365,319.7666,2389.7753,1,95.76%,4.24%,6122
188,187,1493654,6773,Risk 1 (High),60622,41.90322156,-87.66848596,1,1,0,Canvass,1985,DIVISION,181.0566,450.7542,405.1092,1496.2416,1,95.76%,4.24%,6123
260,259,1199557,9586,Risk 2 (Medium),60614,41.91143458,-87.63486625,1,1,0,Canvass,2007,WELLS,800.3882,486.2749,394.487,1424.0414,1,95.76%,4.24%,6124
4450,4449,1385307,2032093,Risk 1 (High),60639,41.91693929,-87.73594733,1,1,0,Canvass,1924,ARMITAGE,209.2847,414.0737,468.6815,1806.8961,1,95.76%,4.24%,6125
7666,7665,1497076,2358877,Risk 1 (High),60613,41.9499666,-87.66395008,1,1,0,License,1918,SOUTHPORT,384.7432,574.8365,319.7666,2389.7753,1,95.77%,4.23%,6126
2221,2220,1459234,1403499,Risk 1 (High),60622,41.91072929,-87.65315262,1,1,1,Canvass,1906,NORTH,171.2062,638.6992,696.4275,1292.1159,1,95.77%,4.23%,6127
1934,1933,1372358,1245817,Risk 1 (High),60601,41.88786189,-87.62541304,1,1,1,Canvass,1923,WACKER,184.4483,498.0619,639.9963,1472.1115,1,95.77%,4.23%,6128
4591,4590,1447405,2055163,Risk 1 (High),60606,41.88309983,-87.63443384,1,1,0,Canvass,2010,WASHINGTON,271.0654,351.2984,402.9109,1653.4749,1,95.77%,4.23%,6129
6953,6952,1402134,2308396,Risk 3 (Low),60618,41.93439289,-87.71589989,1,0,0,License,1910,MILWAUKEE,401.9045,402.4274,251.2485,1951.2461,1,95.77%,4.23%,6130
6147,6146,1497090,2246717,Risk 1 (High),60654,41.89560871,-87.64157917,1,1,0,Canvass,2005,SUPERIOR,265.3681,828.7134,599.1265,1743.3156,1,95.77%,4.23%,6131
302,301,1441459,12194,Risk 1 (High),60616,41.85165948,-87.63213228,1,1,1,Canvass,1935,WENTWORTH,447.5018,345.8124,458.8435,1289.7377,1,95.77%,4.23%,6132
6800,6799,1474161,2299483,Risk 1 (High),60632,41.79620977,-87.70348643,1,1,0,Canvass,1955,KEDZIE,199.1865,366.1938,606.6689,2931.9967,1,95.77%,4.23%,6133
5450,5449,1393295,2151995,Risk 1 (High),60614,41.93184647,-87.64473274,1,1,0,Canvass,1969,CLARK,451.0058,635.3896,44.7373,1453.05,1,95.77%,4.23%,6134
7331,7330,1496459,2333476,Risk 1 (High),60618,41.94783455,-87.68843771,1,0,0,License,1961,WESTERN,174.3878,452.7024,562.1593,1508.674,1,95.77%,4.23%,6135
5081,5080,1480236,2115244,Risk 2 (Medium),60623,41.84243106,-87.71552975,1,1,0,Canvass,1957,27TH,52.018,451.0572,498.9678,2158.1278,1,95.77%,4.23%,6136
100,99,1473368,3542,Risk 2 (Medium),60632,41.79427426,-87.72304339,1,1,0,Canvass,1926,PULASKI,68.6602,489.4062,462.0502,3105.3037,1,95.77%,4.23%,6137
4788,4787,1467541,2079896,Risk 2 (Medium),60607,41.88421927,-87.65195445,1,1,0,Canvass,2006,RANDOLPH,416.6645,550.754,512.5015,1627.0635,1,95.77%,4.23%,6138
5616,5615,1513108,2164116,Risk 2 (Medium),60620,41.7430139,-87.65338918,1,1,1,Canvass,1957,RACINE,161.7937,392.2032,331.5071,1435.8907,1,95.77%,4.23%,6139
3670,3669,1072720,1908088,Risk 2 (Medium),60606,41.87856015,-87.63652387,1,1,1,Canvass,1974,WACKER,21087.1053,1059.1697,672.0239,1236.4,1,95.78%,4.22%,6140
4137,4136,1447303,1985331,Risk 2 (Medium),60606,41.87856015,-87.63652387,1,1,1,Canvass,1974,WACKER,21087.1053,1059.1697,672.0239,1236.4,1,95.78%,4.22%,6141
951,950,1453434,36751,Risk 1 (High),60605,41.87689658,-87.62465145,1,1,1,Canvass,1949,VAN,182.6579,1000.2526,1193.0045,1698.1519,1,95.78%,4.22%,6142
6250,6249,1324897,2256508,Risk 1 (High),60624,41.88600052,-87.73329708,1,1,0,Canvass,1930,LAKE,289.0412,773.1652,633.6855,2216.5252,1,95.78%,4.22%,6143
6971,6970,1494118,2308746,Risk 1 (High),60654,41.89600475,-87.63138052,1,1,0,License,2005,CLARK,539.1565,424.7153,238.8546,1503.6521,1,95.78%,4.22%,6144
6268,6267,1496300,2261940,Risk 3 (Low),60654,41.89600475,-87.63138052,1,1,0,Canvass,2005,CLARK,525.938,424.7153,238.8546,1503.6521,1,95.78%,4.22%,6145
6159,6158,1439222,2246914,Risk 1 (High),60611,41.89000134,-87.62143869,1,1,1,Canvass,1988,CITYFRONT,341.3085,737.2624,809.0965,391.7442,1,95.78%,4.22%,6146
337,336,1399222,13660,Risk 1 (High),60625,41.96854125,-87.7107038,1,1,0,Canvass,1930,LAWRENCE,257.5588,682.8425,325.2543,1372.3603,1,95.78%,4.22%,6147
5672,5671,1296858,2179289,Risk 2 (Medium),60620,41.74943395,-87.68268499,1,1,0,Complaint,2009,WESTERN,445.4432,586.765,530.4735,2475.4183,1,95.78%,4.22%,6148
2663,2662,1453463,1594216,Risk 2 (Medium),60604,41.87803443,-87.63117141,1,1,1,Complaint,1961,JACKSON,721.9785,675.8325,669.0318,784.1078,1,95.78%,4.22%,6149
259,258,1199558,9580,Risk 2 (Medium),60614,41.91167374,-87.63487362,1,1,0,Canvass,2007,WELLS,147.6432,457.7541,410.0197,1460.1115,1,95.78%,4.22%,6150
6374,6373,1497224,2269792,Risk 2 (Medium),60639,41.92435238,-87.74608614,1,1,0,Canvass,1925,FULLERTON,1068.9717,600.3722,692.6594,1910.5292,1,95.78%,4.22%,6151
1027,1026,1497535,39977,Risk 2 (Medium),60613,41.95447295,-87.66358644,1,1,0,Canvass,1953,IRVING,215.9274,536.599,741.2265,2170.293,1,95.78%,4.22%,6152
4639,4638,1496658,2064183,Risk 1 (High),60647,41.92469107,-87.71882929,1,1,0,Canvass,1910,FULLERTON,489.5445,354.1314,110.7048,1871.9777,1,95.78%,4.22%,6153
4307,4306,1467292,2009063,Risk 1 (High),60607,41.88031878,-87.66691311,1,1,1,Canvass,1905,ASHLAND,822.4805,460.4401,681.4291,1471.2064,1,95.78%,4.22%,6154
7586,7585,1496737,2354232,Risk 1 (High),60654,41.89600475,-87.63138052,1,1,0,License,2005,CLARK,271.6916,424.7153,238.8546,1503.6521,1,95.79%,4.21%,6155
7746,7745,1501453,2363299,Risk 1 (High),60638,41.79355997,-87.80143106,1,1,0,License,1986,HARLEM,400.113,981.1307,1051.9769,1559.5377,1,95.79%,4.21%,6156
3422,3421,1434652,1868701,Risk 1 (High),60660,41.99016589,-87.65832086,1,1,0,Canvass,1927,THORNDALE,1033.3304,595.4812,426.331,2089.6307,1,95.79%,4.21%,6157
3075,3074,1199493,1742999,Risk 2 (Medium),60661,41.88559227,-87.64200029,1,1,0,Canvass,2005,LAKE,157.0191,622.7319,446.3975,1696.067,1,95.79%,4.21%,6158
2324,2323,1228425,1474110,Risk 1 (High),60604,41.87803443,-87.63117141,1,1,1,Canvass,1961,JACKSON,467.3614,675.8325,669.0318,784.1078,1,95.79%,4.21%,6159
3924,3923,1493581,1954289,Risk 1 (High),60610,41.90397455,-87.63374356,1,1,0,Canvass,1987,DIVISION,625.8107,354.8908,224.993,1771.0058,1,95.79%,4.21%,6160
3487,3486,1447231,1874936,Risk 1 (High),60606,41.88487225,-87.63553722,1,1,1,Canvass,1874,FRANKLIN,0,507.0761,447.9541,2167.0878,1,95.79%,4.21%,6161
7828,7827,1515369,2372990,Risk 1 (High),60610,41.90775713,-87.6357294,0,1,0,License,1995,SCHILLER,209.5028,711.6824,211.2101,1489.0182,1,95.79%,4.21%,6162
511,510,1434354,22949,Risk 2 (Medium),60618,41.94670044,-87.71086358,1,1,0,Complaint,1916,ADDISON,5212.6998,1329.8453,570.0681,2330.6467,1,95.79%,4.21%,6163
6572,6571,1473536,2284916,Risk 1 (High),60632,41.80666846,-87.71612755,1,1,0,Canvass,1952,ARCHER,954.886,838.3838,521.5642,2662.3833,1,95.79%,4.21%,6164
653,652,1329673,26885,Risk 1 (High),60639,41.9242835,-87.75135196,1,1,0,Canvass,1922,FULLERTON,78.2828,383.6717,451.9375,1603.7254,1,95.79%,4.21%,6165
1549,1548,1496579,81276,Risk 2 (Medium),60622,41.91067167,-87.67251693,1,1,1,Canvass,1889,NORTH,314.4447,178.3513,79.4784,727.5281,1,95.79%,4.21%,6166
6244,6243,1387790,2256258,Risk 2 (Medium),60628,41.7124333,-87.60535894,1,1,0,Canvass,1976,100TH,352.0709,942.3948,696.095,4711.9196,1,95.79%,4.21%,6167
2487,2486,1434323,1518455,Risk 2 (Medium),60615,41.80094198,-87.58763679,1,1,1,Complaint,2004,LAKE,219.2705,385.2801,246.7149,730.1106,1,95.79%,4.21%,6168
3412,3411,1453682,1868077,Risk 2 (Medium),60604,41.87803443,-87.63117141,1,1,1,Canvass,1961,JACKSON,209.4126,675.8325,669.0318,784.1078,1,95.79%,4.21%,6169
990,989,1418496,38123,Risk 1 (High),60660,41.99826122,-87.66394414,1,1,0,Canvass,1940,DEVON,692.894,368.8851,226.9032,1452.777,1,95.80%,4.20%,6170
2468,2467,1482364,1515134,Risk 1 (High),60640,41.97594612,-87.67772575,1,1,0,Canvass,1896,FOSTER,834.5373,697.0636,128.5526,2248.9325,1,95.80%,4.20%,6171
2365,2364,1460057,1479275,Risk 1 (High),60613,41.95255855,-87.67747503,1,1,0,Canvass,1932,LINCOLN,348.0942,708.4972,292.1767,1917.5023,1,95.80%,4.20%,6172
6202,6201,1445213,2252682,Risk 1 (High),60610,41.90489682,-87.63436942,1,0,0,Canvass,1970,WELLS,328.0662,482.2611,259.1159,2144.5938,1,95.80%,4.20%,6173
3280,3279,1447390,1819532,Risk 1 (High),60606,41.88545388,-87.634069,1,1,1,Canvass,1878,WELLS,195.6345,216.6735,316.3347,1993.0313,1,95.80%,4.20%,6174
3990,3989,1434782,1964646,Risk 1 (High),60642,41.90742473,-87.67307367,1,1,1,Canvass,1883,MILWAUKEE,214.7137,324.0359,395.3328,1257.2781,1,95.80%,4.20%,6175
4195,4194,1402119,1992181,Risk 1 (High),60647,41.91737008,-87.69824926,1,1,0,Complaint,1953,ARMITAGE,136.1967,402.5193,103.6978,1344.4681,1,95.80%,4.20%,6176
7723,7722,1482503,2360035,Risk 2 (Medium),60640,41.97613893,-87.66856053,1,1,0,License,1925,CLARK,917.2613,666.7824,332.6002,2036.6214,1,95.80%,4.20%,6177
6246,6245,1473491,2256339,Risk 1 (High),60623,41.83674601,-87.7265528,1,1,0,Canvass,1959,31ST,189.6437,621.8899,613.1827,2212.6401,1,95.80%,4.20%,6178
4926,4925,1435064,2094445,Risk 1 (High),60625,41.97576346,-87.69219986,1,1,0,Canvass,1907,LINCOLN,163.6711,827.6282,351.9202,2078.1984,1,95.80%,4.20%,6179
4949,4948,1473934,2098901,Risk 1 (High),60647,41.92469427,-87.71859338,1,1,0,Canvass,1910,FULLERTON,1068.9717,337.9744,66.1289,1883.7763,1,95.80%,4.20%,6180
1406,1405,1307654,66049,Risk 1 (High),60629,41.79030995,-87.70361169,1,1,0,Canvass,1924,KEDZIE,367.7694,596.4107,368.4152,3389.3751,1,95.80%,4.20%,6181
588,587,1497902,24239,Risk 2 (Medium),60654,41.88927036,-87.63450599,1,1,1,Canvass,1929,KINZIE,687.6088,565.2205,603.8039,1255.4303,1,95.80%,4.20%,6182
1329,1328,1387442,59122,Risk 1 (High),60619,41.76495795,-87.6247478,1,1,1,Canvass,1930,STATE,353.7167,593.2017,754.4172,2711.0111,1,95.80%,4.20%,6183
6200,6199,1480256,2252586,Risk 1 (High),60623,41.84442315,-87.70366176,1,1,0,Canvass,1989,26th,113.5711,368.816,915.1664,2209.982,1,95.81%,4.19%,6184
1697,1696,1435130,1118793,Risk 1 (High),60622,41.90183142,-87.66760189,1,1,1,Canvass,1882,ASHLAND,320.5567,334.6355,201.3962,1181.8017,1,95.81%,4.19%,6185
327,326,1401623,12755,Risk 1 (High),60618,41.95031209,-87.7137859,1,1,0,Canvass,1914,GRACE,167.6867,959.9498,411.3816,1959.2955,1,95.81%,4.19%,6186
7380,7379,1467361,2334909,Risk 1 (High),60606,41.88524803,-87.63554592,1,1,0,License,1990,FRANKLIN,497.2274,513.1921,417.4917,2114.1675,1,95.81%,4.19%,6187
1806,1805,1496498,1166473,Risk 1 (High),60647,41.9317018,-87.71244866,1,1,0,Canvass,1937,KIMBALL,240.5871,375.0879,138.0907,1404.7082,1,95.81%,4.19%,6188
1557,1556,1471494,82112,Risk 2 (Medium),60639,41.90940677,-87.77217745,1,1,0,Canvass,1924,NORTH,531.4987,732.267,212.3836,1169.0811,1,95.81%,4.19%,6189
3460,3459,1496437,1873482,Risk 2 (Medium),60607,41.88444504,-87.65161225,1,1,0,Complaint,2006,RANDOLPH,435.6785,545.776,499.8318,1678.2688,1,95.81%,4.19%,6190
4686,4685,1434793,2068942,Risk 1 (High),60640,41.98251414,-87.65989035,1,1,1,Complaint,1891,BROADWAY,139.7827,511.4797,702.4518,916.6793,1,95.81%,4.19%,6191
4856,4855,1491133,2088572,Risk 1 (High),60601,41.88458837,-87.62327256,1,1,0,Canvass,2006,RANDOLPH,345.5478,712.2394,377.8055,1894.7323,1,95.81%,4.19%,6192
4706,4705,1296747,2069372,Risk 2 (Medium),60620,41.74947552,-87.68297884,1,1,0,Short Form Complaint,2009,WESTERN,418.6838,582.4393,539.4976,2536.8377,1,95.81%,4.19%,6193
4934,4933,1329729,2098083,Risk 1 (High),60639,41.92405911,-87.751728,1,1,0,Canvass,1929,FULLERTON,544.4838,435.487,484.8777,1552.1367,1,95.81%,4.19%,6194
3309,3308,1464290,1822499,Risk 1 (High),60645,41.9981314,-87.68487441,1,1,0,Canvass,1929,LEAVITT,435.943,221.5989,282.5851,1501.9395,1,95.81%,4.19%,6195
1964,1963,1491110,1271831,Risk 1 (High),60618,41.95406688,-87.70175255,1,1,0,Canvass,1918,IRVING,491.7923,509.3173,209.9715,1819.7042,1,95.81%,4.19%,6196
2553,2552,1490923,1547805,Risk 1 (High),60632,41.79984493,-87.73474014,1,1,0,Canvass,1923,ARCHER,21087.1053,560.7843,565.7065,4010.5638,1,95.82%,4.18%,6197
1420,1419,1155245,67839,Risk 1 (High),60622,41.91075187,-87.6668909,1,1,1,Canvass,1891,NORTH,495.6156,431.2687,156.1781,889.5563,1,95.82%,4.18%,6198
815,814,1439434,33156,Risk 1 (High),60611,41.89475437,-87.62439435,1,0,0,Canvass,1989,MICHIGAN,409.4519,706.1353,344.545,2105.5533,1,95.82%,4.18%,6199
6719,6718,1325097,2294432,Risk 1 (High),60647,41.91752759,-87.68755598,1,1,0,Canvass,1931,WESTERN,449.216,399.8991,235.9618,2135.6347,1,95.82%,4.18%,6200
2532,2531,1447561,1544951,Risk 1 (High),60606,41.88525719,-87.6337698,1,1,0,Canvass,1990,WELLS,633.7289,216.914,268.4895,2010.198,1,95.82%,4.18%,6201
6057,6056,1471206,2233259,Risk 1 (High),60647,41.93191768,-87.72554475,1,1,0,Canvass,1925,DIVERSEY,198.2653,842.4731,304.4323,1662.7868,1,95.82%,4.18%,6202
7832,7831,1515491,2373633,Risk 1 (High),60653,41.83065731,-87.61681053,1,1,0,License,2004,DR,517.2253,685.6516,471.009,2673.0995,1,95.82%,4.18%,6203
660,659,1460171,27121,Risk 1 (High),60614,41.91377314,-87.64850695,1,1,0,Canvass,1985,HALSTED,264.3924,352.0977,401.5686,1782.3699,1,95.82%,4.18%,6204
2130,2129,1497282,1352997,Risk 2 (Medium),60610,41.90397013,-87.63399178,1,0,0,Canvass,1987,DIVISION,235.0088,324.7393,218.7965,1809.4485,1,95.82%,4.18%,6205
6715,6714,1474030,2294369,Risk 2 (Medium),60622,41.90323156,-87.66789341,1,1,0,License,1985,DIVISION,313.6156,424.871,328.7333,1537.9589,1,95.82%,4.18%,6206
4409,4408,1496833,2026727,Risk 2 (Medium),60609,41.83012507,-87.66570582,1,1,0,Canvass,1989,ASHLAND,1657.6945,768.0056,888.665,2882.8417,1,95.82%,4.18%,6207
1686,1685,1460119,1094556,Risk 1 (High),60654,41.88919802,-87.6341573,1,1,1,Canvass,1933,WELLS,251.9486,484.6769,575.6474,1169.1223,1,95.82%,4.18%,6208
218,217,1092796,7778,Risk 1 (High),60657,41.93581018,-87.64440388,1,1,0,Canvass,1942,BROADWAY,219.1983,225.1908,64.7542,2113.2152,1,95.82%,4.18%,6209
5248,5247,1490951,2133989,Risk 1 (High),60601,41.88452436,-87.62776455,1,1,0,Canvass,2007,STATE,248.2887,454.2081,297.2844,1757.5288,1,95.82%,4.18%,6210
63,62,1490351,1800,Risk 1 (High),60629,41.77863125,-87.71742438,1,1,0,Canvass,1924,63RD,1048.1307,622.3066,864.8164,3974.0826,1,95.82%,4.18%,6211
814,813,1439435,33154,Risk 1 (High),60611,41.89475437,-87.62439435,1,1,0,Canvass,1989,MICHIGAN,70.4902,706.1353,344.545,2105.5533,1,95.82%,4.18%,6212
5483,5482,1418464,2152753,Risk 1 (High),60660,41.99744133,-87.6705687,1,1,0,Canvass,1917,CLARK,410.2091,662.3766,346.412,2007.7507,1,95.82%,4.18%,6213
5824,5823,1493497,2196482,Risk 2 (Medium),60617,41.73975048,-87.58585675,1,1,1,Canvass,1915,STONY,92.3016,579.0957,359.709,3329.6999,1,95.83%,4.17%,6214
5491,5490,1491018,2152993,Risk 1 (High),60622,41.89890432,-87.66722318,1,1,1,Canvass,1889,ASHLAND,293.1157,290.5572,175.4672,1085.2902,1,95.83%,4.17%,6215
6092,6091,1385856,2241001,Risk 2 (Medium),60651,41.90216833,-87.75302478,1,1,0,Canvass,1932,DIVISION,128.8735,214.5467,160.2477,1324.3543,1,95.83%,4.17%,6216
6319,6318,1228478,2263323,Risk 1 (High),60605,41.86607359,-87.62426767,1,1,0,Canvass,2005,MICHIGAN,796.1633,358.0006,346.1208,2117.8382,1,95.83%,4.17%,6217
5232,5231,1473880,2133635,Risk 1 (High),60610,41.90819047,-87.6344723,1,1,0,Canvass,1995,WELLS,312.8983,841.5684,53.5928,1384.5256,1,95.83%,4.17%,6218
6447,6446,1435165,2278353,Risk 1 (High),60651,41.90215169,-87.75476822,1,1,0,Canvass,1919,DIVISION,1035.0774,495.5576,119.2911,1538.4018,1,95.83%,4.17%,6219
6079,6078,1464215,2240588,Risk 1 (High),60626,42.01258706,-87.67448205,1,1,0,Canvass,1955,CLARK,348.958,819.1595,768.5961,1540.326,1,95.83%,4.17%,6220
366,365,1490929,15419,Risk 1 (High),60601,41.88458627,-87.63101045,1,1,1,Canvass,1911,RANDOLPH,392.3167,689.9932,561.5061,1693.7912,1,95.83%,4.17%,6221
4200,4199,1494010,1992491,Risk 1 (High),60610,41.90824642,-87.63447383,1,1,0,Canvass,1995,WELLS,210.5892,842.3775,45.0468,1375.3,1,95.83%,4.17%,6222
7484,7483,1464367,2342293,Risk 1 (High),60660,41.99797536,-87.66981876,1,1,0,License,1921,Devon,744.5019,747.5521,348.2755,1957.2486,1,95.83%,4.17%,6223
3718,3717,1155230,1914120,Risk 1 (High),60622,41.90468983,-87.66878127,1,1,0,Canvass,1973,MILWAUKEE,197.3545,227.9069,326.0427,1785.4117,1,95.83%,4.17%,6224
2900,2899,1372382,1678885,Risk 1 (High),60601,41.88458627,-87.63101045,1,1,1,Canvass,1911,RANDOLPH,257.7395,689.9932,561.5061,1693.7912,1,95.83%,4.17%,6225
7693,7692,1464506,2359288,Risk 2 (Medium),60626,41.99964587,-87.66053367,1,1,0,License,1991,SHERIDAN,611.3909,313.4607,752.3743,1147.0586,1,95.84%,4.16%,6226
1387,1386,1496313,64391,Risk 1 (High),60657,41.93840419,-87.63934306,1,1,0,Canvass,1954,SHERIDAN,165.3067,655.5748,552.0234,2487.5218,1,95.84%,4.16%,6227
4154,4153,1490572,1986451,Risk 1 (High),60632,41.8008335,-87.72829049,1,1,0,Canvass,1925,ARCHER,501.2034,567.5228,335.0159,2975.7726,1,95.84%,4.16%,6228
4370,4369,1383363,2017995,Risk 1 (High),60607,41.87805084,-87.64765376,1,1,1,Canvass,1950,JACKSON,434.0325,317.4468,705.1917,955.4061,1,95.84%,4.16%,6229
140,139,1439417,3943,Risk 1 (High),60611,41.89500492,-87.62687687,1,1,0,Canvass,2002,HURON,227.3831,400.6663,467.35,2009.0792,1,95.84%,4.16%,6230
7712,7711,1385691,2359751,Risk 1 (High),60639,41.90973595,-87.72927347,0,1,1,License,1892,NORTH,666.0441,537.2655,257.2678,219.9309,1,95.84%,4.16%,6231
1632,1631,1464356,1044933,Risk 1 (High),60660,41.98357123,-87.65675393,1,1,0,Canvass,1949,BRYN,321.5881,602.2176,237.9837,1572.4762,1,95.84%,4.16%,6232
7271,7270,1307552,2327853,Risk 2 (Medium),60629,41.77885534,-87.71712585,1,1,0,License,1925,63RD,116.6757,588.0317,853.4592,3943.2527,1,95.84%,4.16%,6233
6779,6778,1385300,2299230,Risk 1 (High),60639,41.91695673,-87.75280847,1,1,0,Canvass,1930,ARMITAGE,288.2914,576.3114,252.7059,1346.8991,1,95.84%,4.16%,6234
4227,4226,1493552,1998906,Risk 1 (High),60610,41.90393926,-87.63610773,1,1,0,Canvass,2004,DIVISION,334.5011,469.19,549.8443,1866.7373,1,95.84%,4.16%,6235
5613,5612,1496664,2163983,Risk 1 (High),60657,41.94021289,-87.64044977,1,1,0,Canvass,1967,BELMONT,529.7714,516.735,452.8821,2108.6337,1,95.84%,4.16%,6236
3851,3850,1459210,1942435,Risk 1 (High),60660,41.99797536,-87.66981876,1,1,0,Canvass,1921,Devon,81.3679,747.5521,348.2755,1957.2486,1,95.85%,4.15%,6237
7477,7476,1490621,2342048,Risk 2 (Medium),60620,41.73905686,-87.66329415,1,1,0,License,2005,ASHLAND,353.866,666.1739,561.2198,3063.387,1,95.85%,4.15%,6238
1170,1169,1228451,46876,Risk 2 (Medium),60605,41.8665721,-87.62566434,1,1,1,Canvass,1909,WABASH,196.9158,406.184,306.3983,1719.0369,1,95.85%,4.15%,6239
3378,3377,1434959,1845306,Risk 1 (High),60632,41.80933273,-87.72349163,1,1,0,Canvass,1956,PULASKI,1336.0766,617.577,575.8502,2666.9213,1,95.85%,4.15%,6240
2049,2048,1493939,1305335,Risk 1 (High),60614,41.93245781,-87.65805863,1,1,0,Canvass,2006,DIVERSEY,313.7977,422.749,348.6532,1039.8471,1,95.85%,4.15%,6241
808,807,1464466,33141,Risk 1 (High),60626,42.01927307,-87.67256797,1,1,0,Canvass,1899,HOWARD,1068.9717,848.2813,915.4395,2885.0996,1,95.85%,4.15%,6242
5781,5780,1434929,2192611,Risk 1 (High),60651,41.90480946,-87.72270161,1,1,0,Canvass,1909,GRAND,512.8407,397.8681,147.8372,2200.1689,1,95.85%,4.15%,6243
1943,1942,1441354,1248011,Risk 1 (High),60657,41.94469544,-87.66380543,1,1,0,Canvass,1933,SOUTHPORT,472.7244,364.3609,289.5835,2279.575,1,95.85%,4.15%,6244
5891,5890,1408218,2202616,Risk 2 (Medium),60642,41.89239717,-87.66088796,1,1,0,Canvass,1956,OHIO,187.9325,411.6862,375.9387,2437.9187,1,95.85%,4.15%,6245
695,694,1387525,28487,Risk 2 (Medium),60628,41.70715686,-87.62007048,1,1,1,Canvass,1888,MICHIGAN,250.3339,542.9964,599.0804,4087.6734,1,95.85%,4.15%,6246
916,915,1496983,34857,Risk 1 (High),60616,41.85274293,-87.62533627,1,1,1,Canvass,1935,E,745.1308,451.5972,747.7017,1880.137,1,95.86%,4.14%,6247
2218,2217,1490654,1384276,Risk 1 (High),60657,41.9451081,-87.65441182,1,1,0,Canvass,1948,SHEFFIELD,544.2015,446.7214,362.5965,2188.5693,1,95.86%,4.14%,6248
3811,3810,1396169,1933682,Risk 2 (Medium),60654,41.89537585,-87.63136271,1,1,0,Canvass,2004,CLARK,890.3162,465.5641,268.7272,1725.4578,1,95.86%,4.14%,6249
3803,3802,1473589,1933022,Risk 1 (High),60614,41.93288386,-87.64627175,1,1,0,Canvass,1990,DIVERSEY,231.5928,437.8146,291.4353,1460.7078,1,95.86%,4.14%,6250
3141,3140,1490436,1771664,Risk 1 (High),60610,41.89581509,-87.63254774,1,1,1,Complaint,1893,LA,580.1179,440.1362,280.4781,1675.3711,1,95.86%,4.14%,6251
1955,1954,1393275,1249664,Risk 1 (High),60614,41.93288068,-87.64642428,1,1,0,Canvass,1990,DIVERSEY,385.8661,433.5643,262.5337,1431.3418,1,95.86%,4.14%,6252
1718,1717,1473847,1121243,Risk 1 (High),60640,41.98057426,-87.65495538,1,1,0,Canvass,1974,SHERIDAN,859.2771,624.0966,416.7815,1382.7436,1,95.86%,4.14%,6253
501,500,1401621,22676,Risk 1 (High),60614,41.93287909,-87.64650055,1,1,0,Canvass,1990,DIVERSEY,477.0069,432.0737,246.9275,1416.886,1,95.86%,4.14%,6254
3823,3822,1387428,1937465,Risk 1 (High),60619,41.73741813,-87.60469753,1,1,1,Canvass,1957,COTTAGE,358.7462,288.8832,518.0295,2531.8727,1,95.86%,4.14%,6255
1434,1433,1473792,68917,Risk 1 (High),60654,41.88978309,-87.6294536,1,1,1,Canvass,2000,DEARBORN,378.5756,489.0334,771.1556,168.4746,1,95.86%,4.14%,6256
3159,3158,1307529,1798522,Risk 1 (High),60636,41.76136856,-87.68329738,1,1,0,Complaint,2008,WESTERN,402.7293,567.9541,152.2341,2072.4719,1,95.86%,4.14%,6257
1104,1103,1115257,43618,Risk 2 (Medium),60616,41.83118341,-87.62017889,1,1,1,Canvass,1898,35TH,475.9835,449.2289,274.6009,2346.0857,1,95.86%,4.14%,6258
7610,7609,1496251,2354661,Risk 1 (High),60614,41.92163371,-87.65317222,1,1,0,License,2009,WEBSTER,290.8172,364.3291,245.3206,1048.7195,1,95.86%,4.14%,6259
3531,3530,1496369,1884093,Risk 2 (Medium),60613,41.94959988,-87.66423354,1,1,0,Canvass,1925,SOUTHPORT,720.1954,590.4806,254.9189,2365.7633,1,95.86%,4.14%,6260
3575,3574,1473671,1892169,Risk 1 (High),60614,41.92776406,-87.65221663,1,1,1,Canvass,1891,LINCOLN,63.6652,422.7766,169.9583,1013.7868,1,95.87%,4.13%,6261
427,426,1493227,18313,Risk 1 (High),60632,41.82388298,-87.68804755,1,1,0,Canvass,1926,ARCHER,1058.6631,222.1934,510.1899,3575.9788,1,95.87%,4.13%,6262
1745,1744,1497101,1140463,Risk 1 (High),60654,41.89530394,-87.6313607,1,1,0,Canvass,2004,CLARK,525.3049,469.3121,288.4449,1750.943,1,95.87%,4.13%,6263
5918,5917,1401462,2203417,Risk 1 (High),60614,41.93288705,-87.64611922,1,1,0,Canvass,1990,DIVERSEY,352.0591,443.849,295.3173,1490.6545,1,95.87%,4.13%,6264
5225,5224,1494004,2130263,Risk 1 (High),60654,41.89555189,-87.63432061,1,1,1,Canvass,1875,WELLS,136.1533,650.9825,272.0782,2002.7995,1,95.87%,4.13%,6265
5961,5960,1395421,2222187,Risk 1 (High),60618,41.95395117,-87.71398211,1,1,0,Canvass,1912,IRVING,444.1506,368.2234,426.874,2159.6555,1,95.87%,4.13%,6266
4445,4444,1418343,2031740,Risk 1 (High),60659,41.9979521,-87.6832302,1,1,0,Canvass,1951,DEVON,88.1305,389.7527,413.0663,1319.0425,1,95.87%,4.13%,6267
3578,3577,1498027,1892523,Risk 2 (Medium),60622,41.90942003,-87.67619508,1,1,1,Canvass,1877,MILWAUKEE,228.8702,226.3825,272.1275,1314.0545,1,95.87%,4.13%,6268
3776,3775,1498103,1927458,Risk 2 (Medium),60654,41.88807428,-87.6349552,1,1,1,Canvass,1933,MERCHANDISE,354.0474,719.74,799.9669,1520.8607,1,95.87%,4.13%,6269
595,594,1471383,24710,Risk 2 (Medium),60634,41.94536819,-87.7960435,1,1,0,Complaint,1913,ADDISON,93.5786,750.7708,1182.1585,2001.8529,1,95.87%,4.13%,6270
2632,2631,1490254,1579789,Risk 2 (Medium),60654,41.88807428,-87.6349552,1,1,1,Complaint,1933,MERCHANDISE,321.9293,719.74,799.9669,1520.8607,1,95.87%,4.13%,6271
4440,4439,1501224,2031651,Risk 2 (Medium),60654,41.88807428,-87.6349552,1,1,1,Canvass,1933,Merchandise,319.3026,719.74,799.9669,1520.8607,1,95.87%,4.13%,6272
7566,7565,1480293,2350277,Risk 1 (High),60612,41.88085208,-87.6715854,1,0,0,License,2006,WOOD,492.3284,975.3433,975.387,2114.9111,1,95.87%,4.13%,6273
7464,7463,1490434,2341662,Risk 1 (High),60618,41.95395117,-87.71398211,1,1,0,License,1912,IRVING,324.8702,368.2234,426.874,2159.6555,1,95.88%,4.12%,6274
7625,7624,1501283,2354928,Risk 2 (Medium),60638,41.79223626,-87.78185617,1,0,0,License,1973,ARCHER,537.022,1015.67,662.1325,1803.121,1,95.88%,4.12%,6275
7628,7627,1501980,2354932,Risk 2 (Medium),60624,41.86634424,-87.72052963,1,1,0,License,1929,ROOSEVELT,315.701,398.1456,320.1808,2433.7532,1,95.88%,4.12%,6276
3135,3134,1497372,1770844,Risk 2 (Medium),60622,41.90116003,-87.66757975,1,1,1,Canvass,1896,ASHLAND,301.5133,389.4588,212.3669,1047.5603,1,95.88%,4.12%,6277
43,42,1401985,1246,Risk 1 (High),60610,41.89564749,-87.63402986,1,1,1,Canvass,1881,WELLS,191.1248,605.7297,294.9716,1928.6031,1,95.88%,4.12%,6278
174,173,1515431,6414,Risk 2 (Medium),60632,41.81218105,-87.70712481,1,1,0,Canvass,1967,ARCHER,340.8702,551.8757,260.0159,2269.9877,1,95.88%,4.12%,6279
5176,5175,1497772,2125866,Risk 2 (Medium),60601,41.88438762,-87.62586885,1,1,0,Canvass,2005,RANDOLPH,355.7381,499.195,317.1944,1955.0296,1,95.88%,4.12%,6280
6280,6279,1199278,2262340,Risk 1 (High),60611,41.89497951,-87.62439997,1,0,0,License,1991,MICHIGAN,437.5468,646.4156,332.7992,2174.4046,1,95.88%,4.12%,6281
4604,4603,1439372,2059545,Risk 1 (High),60611,41.89168852,-87.62430718,1,1,1,Canvass,1932,MICHIGAN,234.3027,870.8222,530.9613,1324.4112,1,95.88%,4.12%,6282
6474,6473,1199277,2279056,Risk 1 (High),60611,41.89497951,-87.62439997,1,0,0,License,1991,MICHIGAN,411.4741,646.4156,332.7992,2174.4046,1,95.88%,4.12%,6283
694,693,1387453,28486,Risk 2 (Medium),60628,41.69267124,-87.64253262,1,1,1,Complaint,1961,HALSTED,711.0862,735.6283,705.4485,2626.3774,1,95.88%,4.12%,6284
6473,6472,1199276,2279055,Risk 1 (High),60611,41.89497951,-87.62439997,1,0,0,License,1991,MICHIGAN,318.3202,646.4156,332.7992,2174.4046,1,95.88%,4.12%,6285
6472,6471,1199279,2279054,Risk 1 (High),60611,41.89497951,-87.62439997,1,0,0,License,1991,MICHIGAN,250.5698,646.4156,332.7992,2174.4046,1,95.88%,4.12%,6286
1172,1171,1372546,47013,Risk 1 (High),60602,41.88352649,-87.6260822,1,1,1,Canvass,1915,WABASH,129.5896,293.0749,448.136,1670.2662,1,95.88%,4.12%,6287
7533,7532,1385534,2349534,Risk 1 (High),60639,41.90984744,-87.73744355,1,1,0,License,1951,NORTH,370.63,709.7432,670.5989,1761.1601,1,95.89%,4.11%,6288
4433,4432,1491118,2027873,Risk 2 (Medium),60618,41.95406094,-87.70291104,1,1,0,Canvass,1920,IRVING,413.2852,584.5134,242.6565,1928.874,1,95.89%,4.11%,6289
5005,5004,1383379,2108640,Risk 1 (High),60607,41.86553468,-87.64081331,1,1,0,Canvass,2005,CLINTON,422.5568,1346.5631,821.8061,2503.055,1,95.89%,4.11%,6290
159,158,1473316,5960,Risk 1 (High),60652,41.74101286,-87.71437418,1,1,0,Canvass,1974,COLUMBUS,391.1974,658.4846,724.0468,3279.1015,1,95.89%,4.11%,6291
2700,2699,1512866,1597233,Risk 2 (Medium),60632,41.79517107,-87.70346175,1,1,0,Canvass,1957,KEDZIE,590.459,508.5193,534.8165,3047.5189,1,95.89%,4.11%,6292
6879,6878,1391370,2304676,Risk 1 (High),60626,42.00314757,-87.67220279,1,1,0,License,1917,CLARK,563.5942,525.5134,256.0216,1963.4932,1,95.89%,4.11%,6293
7431,7430,1490990,2341072,Risk 2 (Medium),60610,41.9039437,-87.63582875,1,1,0,License,2004,DIVISION,560.6072,447.0804,483.8267,1893.4876,1,95.89%,4.11%,6294
2934,2933,1490388,1694684,Risk 1 (High),60632,41.82381862,-87.70428542,1,1,0,Canvass,1922,KEDZIE,1053.2897,421.8326,508.4097,3476.743,1,95.89%,4.11%,6295
4336,4335,1434809,2013495,Risk 1 (High),60622,41.90686821,-87.67174892,1,1,1,Canvass,1891,MILWAUKEE,176.5971,328.3358,353.9285,1236.5779,1,95.89%,4.11%,6296
4203,4202,1152118,1997569,Risk 1 (High),60637,41.78499353,-87.60102212,1,1,0,Canvass,2013,ELLIS,585.8463,637.5918,977.1642,3880.1583,1,95.89%,4.11%,6297
1469,1468,1387437,72002,Risk 2 (Medium),60619,41.76581938,-87.61534677,1,1,1,Canvass,1941,71ST,422.7046,177.3525,131.9705,2058.701,1,95.89%,4.11%,6298
2197,2196,1395616,1381754,Risk 1 (High),60620,41.73611661,-87.64826717,1,1,1,Canvass,1965,87TH,263.2809,275.9474,204.0252,1492.0555,1,95.89%,4.11%,6299
3266,3265,1453408,1817276,Risk 1 (High),60605,41.87396104,-87.63080445,1,1,1,Canvass,1911,CLARK,367.7682,578.9368,171.2708,1459.9811,1,95.90%,4.10%,6300
4381,4380,1473690,2021350,Risk 1 (High),60618,41.95405926,-87.70319086,1,1,0,Canvass,1920,Irving,644.7128,613.5408,250.1193,1962.0188,1,95.90%,4.10%,6301
2713,2712,1474041,1616762,Risk 1 (High),60622,41.90891862,-87.66779137,1,1,1,Canvass,1914,ASHLAND,196.9045,350.6765,279.7236,718.8452,1,95.90%,4.10%,6302
2858,2857,1358244,1675267,Risk 1 (High),60651,41.90235982,-87.76580522,1,1,0,Canvass,1918,CENTRAL,563.4111,286.601,218.1562,1651.3556,1,95.90%,4.10%,6303
2220,2219,1498030,1403406,Risk 2 (Medium),60614,41.926901,-87.64111148,1,1,0,Canvass,2006,CLARK,373.8796,284.0099,139.5822,1169.1222,1,95.90%,4.10%,6304
2913,2912,1434799,1680019,Risk 2 (Medium),60625,41.96816125,-87.72537704,1,1,0,Canvass,1899,LAWRENCE,396.3173,591.2441,179.6053,1876.096,1,95.90%,4.10%,6305
6177,6176,1391373,2252182,Risk 1 (High),60626,42.0023417,-87.67192512,1,1,0,Canvass,1925,CLARK,219.0672,355.6623,242.8265,1813.3768,1,95.90%,4.10%,6306
6714,6713,1395441,2294347,Risk 2 (Medium),60651,41.89495336,-87.76606263,1,1,0,License Re-Inspection,1913,CHICAGO,581.7868,252.9569,442.2124,2099.3969,1,95.90%,4.10%,6307
5828,5827,1493905,2196570,Risk 1 (High),60654,41.88935203,-87.62884885,1,1,1,Canvass,2000,KINZIE,428.6117,493.4877,881.0583,392.438,1,95.90%,4.10%,6308
3518,3517,1464375,1883213,Risk 1 (High),60626,42.00240433,-87.67194721,1,1,0,Canvass,1924,CLARK,286.0858,364.5967,228.2207,1824.0979,1,95.90%,4.10%,6309
4698,4697,1473550,2069148,Risk 1 (High),60614,41.91170438,-87.64814712,1,1,0,Canvass,2006,HALSTED,437.5468,478.3986,291.2755,1401.2531,1,95.90%,4.10%,6310
7237,7236,1418278,2327015,Risk 1 (High),60657,41.94508056,-87.65463471,1,0,0,License,1948,CLARK,522.6044,464.2978,318.302,2220.7108,1,95.90%,4.10%,6311
6435,6434,1418392,2278074,Risk 1 (High),60660,41.99723585,-87.65688616,1,1,0,Canvass,2013,KENMORE,21087.1053,507.6286,900.6498,1897.195,1,95.91%,4.09%,6312
3473,3472,1493445,1874389,Risk 1 (High),60647,41.92438087,-87.72620077,1,1,0,Canvass,1925,FULLERTON,996.5224,577.8857,414.9281,2070.4231,1,95.91%,4.09%,6313
7724,7723,1482469,2360064,Risk 1 (High),60640,41.98309881,-87.66852394,1,1,0,License,1932,CLARK,529.6727,891.3829,345.5138,2007.4178,1,95.91%,4.09%,6314
7275,7274,1473645,2328080,Risk 1 (High),60657,41.94619142,-87.6558743,1,0,0,License,1935,CLARK,272.0939,523.3944,161.9365,2260.629,1,95.91%,4.09%,6315
1925,1924,1459326,1244937,Risk 1 (High),60654,41.88935203,-87.62884885,1,1,1,Canvass,2000,KINZIE,252.7627,493.4877,881.0583,392.438,1,95.91%,4.09%,6316
5546,5545,1515243,2157525,Risk 2 (Medium),60604,41.87948933,-87.62449812,1,1,1,Canvass,1958,MICHIGAN,403.8734,1022.5327,770.6913,1239.0526,1,95.91%,4.09%,6317
1811,1810,1459319,1166762,Risk 1 (High),60654,41.88935203,-87.62884885,1,1,1,Canvass,2000,KINZIE,228.1257,493.4877,881.0583,392.438,1,95.91%,4.09%,6318
1118,1117,1441479,44199,Risk 1 (High),60657,41.93977619,-87.63865432,1,1,0,Canvass,1963,LAKE,1130.0808,589.2223,610.3256,2545.4231,1,95.91%,4.09%,6319
6118,6117,1467229,2245722,Risk 1 (High),60607,41.86490383,-87.64605899,1,1,0,License,2005,MAXWELL,598.4941,1027.9985,529.1236,2154.2711,1,95.91%,4.09%,6320
3519,3518,1460103,1883472,Risk 1 (High),60614,41.92674094,-87.64101757,1,1,0,Canvass,2006,CLARK,348.0942,272.2219,164.1464,1219.502,1,95.91%,4.09%,6321
6347,6346,1393321,2269445,Risk 1 (High),60614,41.92668812,-87.64098658,1,1,0,Canvass,2006,CLARK,354.0474,270.5539,176.2593,1236.3967,1,95.91%,4.09%,6322
685,684,1459558,28299,Risk 1 (High),60642,41.90128364,-87.66348362,1,1,1,Canvass,1882,MILWAUKEE,466.4973,375.8503,271.8255,1523.807,1,95.91%,4.09%,6323
733,732,1372509,30270,Risk 1 (High),60601,41.88700442,-87.62439466,1,1,1,Canvass,1925,MICHIGAN,200.954,325.9504,546.6665,1619.7655,1,95.91%,4.09%,6324
3725,3724,1493823,1914762,Risk 1 (High),60610,41.90543301,-87.63468086,1,1,0,Canvass,1988,Wells,338.4229,503.7917,362.3733,2096.0443,1,95.91%,4.09%,6325
408,407,1307488,17602,Risk 2 (Medium),60636,41.76485938,-87.66394018,1,1,0,Complaint,2005,ASHLAND,138.9846,170.4073,338.5788,2687.1794,1,95.91%,4.09%,6326
5879,5878,1490666,2202343,Risk 2 (Medium),60625,41.96827298,-87.71511749,1,1,0,License,1924,LAWRENCE,474.0044,281.3495,144.385,1504.2049,1,95.91%,4.09%,6327
6263,6262,1395406,2261761,Risk 1 (High),60661,41.88452285,-87.64652058,1,1,0,License Re-Inspection,2003,RANDOLPH,1392.4545,614.0012,386.1954,1901.1299,1,95.91%,4.09%,6328
3617,3616,1497267,1898470,Risk 2 (Medium),60610,41.90380601,-87.63058113,1,1,1,Canvass,1906,DIVISION,494.7688,699.1627,243.882,1395.9529,1,95.91%,4.09%,6329
4621,4620,1441343,2060329,Risk 1 (High),60657,41.93289126,-87.66826723,1,1,0,Canvass,1988,ASHLAND,200.9933,501.6447,162.4994,1154.3065,1,95.91%,4.09%,6330
2637,2636,1501231,1592156,Risk 1 (High),60614,41.92324676,-87.64590018,1,1,0,Canvass,1985,LINCOLN,119.8135,284.4589,167.8786,1626.3057,1,95.92%,4.08%,6331
1511,1510,1464521,78136,Risk 2 (Medium),60660,41.99736196,-87.66063304,0,1,0,Canvass,1985,BROADWAY,21087.1053,829.7547,265.6644,1661.3126,1,95.92%,4.08%,6332
1922,1921,1473346,1243910,Risk 1 (High),60608,41.85214259,-87.68536058,1,1,0,Canvass,1990,CERMAK,187.2535,504.2874,95.3586,1587.9626,1,95.92%,4.08%,6333
5979,5978,1493679,2229420,Risk 1 (High),60657,41.94513285,-87.65467699,1,1,0,Canvass,1948,CLARK,386.5193,462.3869,305.1378,2230.4958,1,95.92%,4.08%,6334
3431,3430,1307333,1869225,Risk 1 (High),60629,41.78462928,-87.70315583,1,1,0,Canvass,1955,KEDZIE,1050.118,102.0533,306.793,3033.2613,1,95.92%,4.08%,6335
824,823,1152175,33347,Risk 1 (High),60637,41.78792148,-87.59580626,1,1,0,Canvass,2004,59TH,473.0643,1176.1403,1127.0841,4302.9331,1,95.92%,4.08%,6336
5249,5248,1496992,2133991,Risk 2 (Medium),60654,41.89533583,-87.63431422,1,1,1,Canvass,1875,WELLS,759.1225,655.7027,213.1268,2066.0518,1,95.93%,4.07%,6337
6679,6678,1434266,2293833,Risk 3 (Low),60647,41.92415031,-87.69915088,1,0,0,License,1961,MILWAUKEE,1147.528,518.264,336.0428,1652.8145,1,95.93%,4.07%,6338
6680,6679,1434263,2293835,Risk 3 (Low),60647,41.92415031,-87.69915088,1,1,0,License,1961,MILWAUKEE,1147.528,518.264,336.0428,1652.8145,1,95.93%,4.07%,6339
911,910,1459811,34633,Risk 1 (High),60622,41.89037477,-87.67704268,1,1,0,Canvass,1962,DAMEN,118.6774,435.9088,262.9195,2123.5124,1,95.93%,4.07%,6340
6120,6119,1467230,2245724,Risk 1 (High),60607,41.86490771,-87.64574933,1,1,0,License,2005,MAXWELL,1756.5989,1017.7122,471.0643,2179.8827,1,95.93%,4.07%,6341
465,464,1325132,20841,Risk 1 (High),60647,41.91151627,-87.6773407,1,1,0,Canvass,1989,DAMEN,485.1251,317.0282,246.142,1375.6504,1,95.93%,4.07%,6342
4042,4041,1434740,1970451,Risk 1 (High),60642,41.90222674,-87.66494547,1,1,0,Canvass,2006,MILWAUKEE,196.1251,432.7537,518.1728,1587.2963,1,95.93%,4.07%,6343
4981,4980,1512516,2103776,Risk 2 (Medium),60601,41.88454011,-87.62430852,1,1,0,Canvass,2006,MICHIGAN,2595.0156,549.2041,221.7265,2028.2862,1,95.93%,4.07%,6344
6395,6394,1439523,2271170,Risk 1 (High),60607,41.87694912,-87.63415934,1,1,1,Canvass,1926,VAN,53.7648,689.9015,551.3673,1587.1935,1,95.93%,4.07%,6345
3962,3961,1092939,1960254,Risk 2 (Medium),60657,41.93340487,-87.66858033,1,1,0,Canvass,1985,ASHLAND,424.1968,462.9357,197.0017,1299.5265,1,95.93%,4.07%,6346
4150,4149,1464398,1986407,Risk 2 (Medium),60660,41.99785644,-87.67642503,1,1,0,Canvass,1974,DEVON,356.9123,535.349,681.3573,1380.0955,1,95.93%,4.07%,6347
6615,6614,1496334,2289663,Risk 1 (High),60618,41.96107163,-87.72666843,1,1,0,Canvass,1903,MONTROSE,401.9045,356.7069,116.4218,1855.3054,1,95.94%,4.06%,6348
7102,7101,1092871,2314779,Risk 2 (Medium),60657,41.94312984,-87.64951169,1,1,0,License,2006,HALSTED,629.5538,310.6148,277.4234,1148.2707,1,95.94%,4.06%,6349
5881,5880,1418485,2202462,Risk 2 (Medium),60626,42.01926996,-87.6720333,1,1,0,Canvass,1899,HOWARD,329.891,791.7146,829.156,2926.2818,1,95.94%,4.06%,6350
4842,4841,1493419,2087767,Risk 1 (High),60618,41.95384697,-87.72162849,1,1,0,Canvass,1934,Irving,165.8565,983.262,517.1236,1796.3567,1,95.94%,4.06%,6351
6190,6189,1493960,2252376,Risk 2 (Medium),60641,41.93923957,-87.73718864,1,1,0,Canvass,1910,KOSTNER,389.813,254.6418,262.2124,1975.4026,1,95.94%,4.06%,6352
4189,4188,1372425,1991945,Risk 1 (High),60602,41.88323718,-87.63255558,1,1,1,Complaint,1929,LA,553.8381,476.7757,409.4565,1369.6581,1,95.94%,4.06%,6353
1300,1299,1496762,56003,Risk 2 (Medium),60616,41.85395238,-87.62537587,1,1,1,Canvass,1930,WABASH,552.8096,375.0089,667.5111,2038.5317,1,95.94%,4.06%,6354
3256,3255,1497146,1816828,Risk 1 (High),60637,41.79420061,-87.62538927,1,1,0,Canvass,1966,GARFIELD,1392.4545,507.4784,868.795,4440.4391,1,95.94%,4.06%,6355
600,599,1464269,24902,Risk 1 (High),60645,42.00853185,-87.69001159,1,1,0,Canvass,1933,WESTERN,238.3144,422.05,239.9967,1430.2491,1,95.94%,4.06%,6356
6485,6484,1497088,2279390,Risk 2 (Medium),60639,41.92429008,-87.73381781,1,1,0,Canvass,1927,W,1485.0266,400.3401,421.137,2044.9615,1,95.94%,4.06%,6357
4251,4250,1329733,2003158,Risk 1 (High),60639,41.92425667,-87.75325758,1,1,0,Canvass,1925,FULLERTON,721.1318,361.8136,408.4124,1786.6477,1,95.95%,4.05%,6358
1211,1210,1460188,49336,Risk 1 (High),60614,41.92660482,-87.64125866,1,1,0,Canvass,2006,CLARK,685.4479,259.9533,146.7579,1283.787,1,95.95%,4.05%,6359
3397,3396,1496715,1847346,Risk 1 (High),60616,41.85395238,-87.62537587,1,1,1,Canvass,1930,WABASH,376.0721,375.0089,667.5111,2038.5317,1,95.95%,4.05%,6360
2796,2795,1155216,1647385,Risk 1 (High),60622,41.89009739,-87.65744103,1,1,1,Canvass,1891,HUBBARD,623.0364,359.0235,399.4312,1760.6853,1,95.95%,4.05%,6361
1936,1935,1496352,1246126,Risk 1 (High),60639,41.92424573,-87.73733169,1,1,0,Canvass,1921,FULLERTON,586.0872,504.0407,466.7754,2137.4306,1,95.95%,4.05%,6362
1040,1039,1424275,40543,Risk 1 (High),60630,41.96524258,-87.74411673,1,1,0,Canvass,1916,KNOX,415.5251,930.7231,849.9072,2184.2594,1,95.95%,4.05%,6363
7802,7801,1512317,2368044,Risk 1 (High),60647,41.92441607,-87.72331978,1,1,0,License,1924,FULLERTON,202.7312,469.2921,318.7297,2074.0404,1,95.95%,4.05%,6364
1823,1822,1372418,1167940,Risk 2 (Medium),60611,41.89583964,-87.62498814,1,0,0,Canvass,2001,SUPERIOR,431.9687,401.4273,273.0454,2035.4018,1,95.95%,4.05%,6365
3193,3192,1460168,1801485,Risk 1 (High),60622,41.90973834,-87.67669265,1,1,1,Canvass,1881,MILWAUKEE,688.918,272.3461,173.2083,1272.8986,1,95.95%,4.05%,6366
3359,3358,1490518,1843200,Risk 2 (Medium),60647,41.928488,-87.68223245,1,1,0,Canvass,1987,ELSTON,358.818,1060.6586,1020.5015,2105.0962,1,95.95%,4.05%,6367
3100,3099,1325172,1767508,Risk 1 (High),60647,41.91782992,-87.67953075,1,1,0,Complaint,1979,ARMITAGE,330.8182,168.4544,264.9477,1565.3602,1,95.96%,4.04%,6368
1123,1122,1490873,44318,Risk 1 (High),60632,41.79754391,-87.70352333,1,1,0,Canvass,1973,KEDZIE,721.9785,433.4543,528.3513,2829.9031,1,95.96%,4.04%,6369
782,781,1286358,32269,Risk 2 (Medium),60606,41.87853128,-87.63942746,1,1,1,Canvass,1972,CANAL,603.3665,867.3054,844.0556,970.5025,1,95.96%,4.04%,6370
7230,7229,1307458,2326946,Risk 1 (High),60629,41.7642999,-87.7006989,1,1,0,License,1957,71ST,409.9632,648.7168,224.074,3120.9757,1,95.96%,4.04%,6371
418,417,1460184,18177,Risk 1 (High),60640,41.9791854,-87.65491163,1,1,0,Canvass,1988,SHERIDAN,288.6725,808.1575,533.3838,1405.6764,1,95.96%,4.04%,6372
786,785,1434478,32350,Risk 1 (High),60655,41.70201325,-87.6915235,1,1,0,Canvass,1949,CALIFORNIA,114.9257,1601.2008,1991.2934,6035.5926,1,95.96%,4.04%,6373
3441,3440,1325268,1869514,Risk 2 (Medium),60647,41.90995419,-87.71090488,1,1,0,Complaint,1909,NORTH,635.3109,622.2744,80.8341,2424.0999,1,95.96%,4.04%,6374
2313,2312,1493420,1473504,Risk 2 (Medium),60647,41.93044609,-87.68769718,1,1,0,Canvass,1969,WESTERN,146.1853,767.3692,244.6536,1478.9547,1,95.96%,4.04%,6375
5384,5383,1453515,2142681,Risk 1 (High),60607,41.88427123,-87.64900872,1,1,0,Canvass,2006,RANDOLPH,872.468,387.8204,118.2332,1579.7182,1,95.96%,4.04%,6376
785,784,1447262,32318,Risk 1 (High),60606,41.87853128,-87.63942746,1,1,1,Canvass,1972,CANAL,405.9639,867.3054,844.0556,970.5025,1,95.96%,4.04%,6377
2812,2811,1497499,1648477,Risk 2 (Medium),60602,41.88311522,-87.62517251,1,1,1,Canvass,1916,WASHINGTON,525.938,317.7319,370.6009,1736.9684,1,95.96%,4.04%,6378
3451,3450,1389362,1870209,Risk 2 (Medium),60651,41.89506187,-87.75431855,1,1,0,Complaint,1911,CHICAGO,1130.0808,594.5046,228.9917,2157.1374,1,95.96%,4.04%,6379
6518,6517,1460161,2283634,Risk 2 (Medium),60647,41.91273042,-87.68132703,1,0,0,License,1972,MILWAUKEE,820.2341,376.9172,183.8571,1659.8765,1,95.97%,4.03%,6380
2685,2684,1447477,1595894,Risk 1 (High),60607,41.88657733,-87.65599107,1,1,1,Canvass,1896,FULTON,379.8176,369.7754,597.5447,1974.323,1,95.97%,4.03%,6381
801,800,1402006,32881,Risk 1 (High),60657,41.94259952,-87.65264482,1,1,1,Canvass,1901,CLARK,290.8128,414.0025,438.1152,1189.615,1,95.97%,4.03%,6382
4941,4940,1325020,2098659,Risk 2 (Medium),60612,41.87548423,-87.7058221,1,1,0,Canvass,1985,KEDZIE,310.0878,923.8388,850.9744,2177.1906,1,95.97%,4.03%,6383
3616,3615,1439267,1898469,Risk 1 (High),60611,41.89227497,-87.62009879,1,1,1,Canvass,1969,FAIRBANKS,391.12,376.8215,526.1795,829.464,1,95.97%,4.03%,6384
5148,5147,1459258,2124923,Risk 2 (Medium),60652,41.74929252,-87.72394906,1,1,0,Complaint,1969,79TH,406.0692,93.0271,901.2311,3588.4915,1,95.97%,4.03%,6385
842,841,1424464,33820,Risk 2 (Medium),60630,41.96246973,-87.73215028,1,1,0,Canvass,1894,ELSTON,232.9866,452.7869,451.6629,2414.7136,1,95.97%,4.03%,6386
5154,5153,1372481,2125009,Risk 1 (High),60603,41.88180696,-87.62954312,1,1,1,Canvass,1969,DEARBORN,536.5323,724.569,426.9265,670.129,1,95.97%,4.03%,6387
5311,5310,1439281,2137766,Risk 1 (High),60611,41.89424285,-87.62440858,1,1,0,Canvass,2012,ERIE,1073.7651,825.6916,342.4233,1957.4189,1,95.97%,4.03%,6388
7156,7155,1434942,2320520,Risk 1 (High),60660,41.99330419,-87.67026687,1,1,0,License,1967,CLARK,511.2559,688.1274,458.2685,1453.2581,1,95.97%,4.03%,6389
4620,4619,1496755,2060250,Risk 1 (High),60625,41.9685283,-87.68707835,1,1,0,Canvass,1997,LAWRENCE,1076.9172,732.5337,526.2025,958.6135,1,95.98%,4.02%,6390
7219,7218,1473515,2326727,Risk 1 (High),60660,41.99330419,-87.67026687,1,1,0,License,1967,CLARK,420.4629,688.1274,458.2685,1453.2581,1,95.98%,4.02%,6391
1679,1678,1391464,1092991,Risk 1 (High),60626,42.00349583,-87.67232209,1,1,0,Canvass,1927,CLARK,616.954,590.1233,353.302,2035.7353,1,95.98%,4.02%,6392
6517,6516,1460160,2283633,Risk 2 (Medium),60647,41.91273042,-87.68132703,1,1,0,License,1972,MILWAUKEE,229.4605,376.9172,183.8571,1659.8765,1,95.98%,4.02%,6393
6586,6585,1434239,2288917,Risk 1 (High),60618,41.93195795,-87.7170487,1,1,0,Canvass,1974,CENTRAL,669.944,581.4267,268.366,1074.2619,1,95.98%,4.02%,6394
1350,1349,1372493,61116,Risk 1 (High),60601,41.8847818,-87.62610787,1,1,0,Complaint,2006,WABASH,609.48,559.2025,242.727,2039.5812,1,95.98%,4.02%,6395
2961,2960,1391435,1697103,Risk 1 (High),60645,42.00833901,-87.69030024,1,1,0,Canvass,1933,WESTERN,236.2848,429.5723,252.2572,1512.1111,1,95.98%,4.02%,6396
3300,3299,1474055,1821381,Risk 1 (High),60613,41.94704229,-87.673233,1,1,0,Canvass,1961,ADDISON,347.9995,762.7711,436.539,1952.3161,1,95.98%,4.02%,6397
7736,7735,1501248,2362911,Risk 2 (Medium),60625,41.9682625,-87.71623497,1,1,0,License,1938,LAWRENCE,523.5427,366.4297,336.4796,1567.534,1,95.98%,4.02%,6398
4267,4266,1402019,2004115,Risk 1 (High),60632,41.8242253,-87.70429641,1,1,0,Canvass,1922,KEDZIE,388.2635,374.4412,428.0211,3526.2001,1,95.98%,4.02%,6399
7838,7837,1515394,2373749,Risk 1 (High),60601,41.88454011,-87.62430852,1,0,0,License,2006,MICHIGAN,187.2979,549.2041,221.7265,2028.2862,1,95.98%,4.02%,6400
3904,3903,1474061,1953329,Risk 1 (High),60601,41.88454011,-87.62430852,1,1,0,Canvass,2006,MICHIGAN,182.578,549.2041,221.7265,2028.2862,1,95.98%,4.02%,6401
1578,1577,1459862,84625,Risk 1 (High),60632,41.80070644,-87.70409936,1,1,0,Canvass,1972,51ST,104.9684,694.8131,419.3427,2695.0513,1,95.99%,4.01%,6402
3905,3904,1474065,1953331,Risk 1 (High),60601,41.88454011,-87.62430852,1,1,0,Canvass,2006,MICHIGAN,20.5442,549.2041,221.7265,2028.2862,1,95.99%,4.01%,6403
5158,5157,1460087,2125189,Risk 1 (High),60618,41.93221699,-87.68803328,1,1,0,Canvass,1973,WESTERN,340.5827,583.0218,393.4918,1624.7993,1,95.99%,4.01%,6404
4513,4512,1496925,2042572,Risk 2 (Medium),60625,41.97128054,-87.69009067,1,1,0,Canvass,2005,LINCOLN,133.9004,595.9273,312.1651,467.2986,1,95.99%,4.01%,6405
7006,7005,1399289,2309241,Risk 2 (Medium),60625,41.9682625,-87.71623497,1,1,0,License,1938,LAWRENCE,224.6825,366.4297,336.4796,1567.534,1,95.99%,4.01%,6406
2388,2387,1497410,1490003,Risk 2 (Medium),60642,41.89615079,-87.65579996,1,1,1,Canvass,1879,CHICAGO,200.2328,751.0347,385.6146,1991.1633,1,95.99%,4.01%,6407
1599,1598,1401458,1000612,Risk 1 (High),60654,41.89086224,-87.63125333,1,1,1,Canvass,1985,CLARK,980.242,350.9789,554.5825,463.889,1,95.99%,4.01%,6408
4139,4138,1434704,1985397,Risk 1 (High),60614,41.92787172,-87.67325881,1,1,0,Canvass,2006,CLYBOURN,181.8758,895.6487,403.788,1178.106,1,95.99%,4.01%,6409
6284,6283,1473752,2262449,Risk 1 (High),60632,41.80770599,-87.72807483,1,1,0,Canvass,1926,47TH,588.3478,472.1217,357.5469,3225.2505,1,95.99%,4.01%,6410
7109,7108,1471214,2314947,Risk 1 (High),60647,41.92447371,-87.71866668,1,1,0,License,1927,FULLERTON,386.1018,393.6387,89.8437,1895.8241,1,95.99%,4.01%,6411
6312,6311,1490644,2263115,Risk 1 (High),60618,41.9542546,-87.70543651,1,1,0,Canvass,1929,ALBANY,180.4664,691.8786,464.1235,2169.617,1,96.00%,4.00%,6412
5993,5992,1391481,2231765,Risk 1 (High),60626,42.00055166,-87.66056947,1,1,0,Canvass,2009,SHERIDAN,584.0556,297.2652,837.6543,1180.7528,1,96.00%,4.00%,6413
7499,7498,1482464,2348862,Risk 2 (Medium),60626,42.00055166,-87.66056947,1,1,0,License,2009,SHERIDAN,549.3215,297.2652,837.6543,1180.7528,1,96.00%,4.00%,6414
200,199,1474204,7098,Risk 1 (High),60641,41.95715498,-87.72757202,1,1,0,Canvass,1910,PULASKI,163.8418,707.287,518.7978,2305.798,1,96.00%,4.00%,6415
512,511,1387312,22951,Risk 1 (High),60619,41.7509211,-87.61993682,1,1,1,Canvass,1972,79TH,469.4112,437.4874,463.867,2094.0883,1,96.00%,4.00%,6416
3352,3351,1491064,1842767,Risk 1 (High),60622,41.90325452,-87.67982505,1,1,0,Canvass,2006,DIVISION,446.9499,285.7215,226.2234,1186.938,1,96.00%,4.00%,6417
6705,6704,1092927,2294196,Risk 1 (High),60657,41.93617165,-87.63693905,1,1,0,Canvass,1990,LAKE,744.8581,1034.9516,658.7308,2243.6106,1,96.00%,4.00%,6418
7500,7499,1482465,2348863,Risk 2 (Medium),60626,42.00055166,-87.66056947,1,1,0,License,2009,SHERIDAN,343.9441,297.2652,837.6543,1180.7528,1,96.00%,4.00%,6419
2732,2731,1498203,1619838,Risk 2 (Medium),60602,41.88280623,-87.6292815,1,1,1,Canvass,1966,DEARBORN,476.3008,658.6551,642.4036,1041.1739,1,96.00%,4.00%,6420
1842,1841,1497147,1172287,Risk 2 (Medium),60632,41.80178684,-87.72355455,1,1,0,Canvass,1989,PULASKI,1559.4816,838.3708,798.2485,2617.2838,1,96.00%,4.00%,6421
3195,3194,1493694,1801488,Risk 1 (High),60603,41.87943624,-87.62485436,1,0,1,Canvass,1958,ADAMS,466.784,953.1873,692.7499,1337.883,1,96.00%,4.00%,6422
4159,4158,1493569,1986644,Risk 1 (High),60657,41.94338116,-87.64951573,1,1,0,Canvass,2006,HALSTED,175.0396,323.7235,259.8655,1239.1682,1,96.00%,4.00%,6423
7618,7617,1385607,2354772,Risk 1 (High),60639,41.92450769,-87.73398033,1,1,0,License,1926,FULLERTON,134.9475,401.4706,409.0501,2108.5846,1,96.00%,4.00%,6424
3399,3398,1441335,1847485,Risk 1 (High),60657,41.94628081,-87.65560313,1,1,0,Canvass,1947,CLARK,615.6486,507.1886,177.72,2243.9308,1,96.01%,3.99%,6425
1339,1338,1439541,59485,Risk 1 (High),60607,41.88048626,-87.65407836,1,1,1,Canvass,1947,MONROE,667.2815,428.277,618.7747,1124.7165,1,96.01%,3.99%,6426
7799,7798,1502152,2364414,Risk 1 (High),60625,41.96853043,-87.68692173,1,1,0,License,1997,LAWRENCE,180.3441,743.3209,536.7616,993.7842,1,96.01%,3.99%,6427
2216,2215,1325029,1383921,Risk 1 (High),60612,41.86892168,-87.68232167,1,1,1,Canvass,1869,TAYLOR,645.4458,500.2826,571.6831,2395.7976,1,96.01%,3.99%,6428
4512,4511,1447330,2042566,Risk 1 (High),60606,41.8782277,-87.63380479,1,1,1,Canvass,1970,JACKSON,348.1373,645.0164,868.7376,1220.985,1,96.01%,3.99%,6429
5475,5474,1496976,2152639,Risk 1 (High),60654,41.89483049,-87.63430054,1,1,0,Canvass,1988,WELLS,393.0162,652.6288,134.7197,2114.1805,1,96.01%,3.99%,6430
3239,3238,1493458,1816604,Risk 2 (Medium),60623,41.85167565,-87.70369582,1,1,1,Canvass,1909,CERMAK,875.7465,278.9046,526.3441,1435.7423,1,96.01%,3.99%,6431
5481,5480,1497816,2152737,Risk 2 (Medium),60622,41.89749701,-87.67724471,1,1,0,Canvass,2007,DAMEN,780.5354,234.7785,134.2411,1180.9573,1,96.01%,3.99%,6432
6891,6890,1092928,2307706,Risk 1 (High),60657,41.93617165,-87.63693905,1,0,0,License,1990,LAKE,231.2452,1034.9516,658.7308,2243.6106,1,96.01%,3.99%,6433
494,493,1441338,21889,Risk 1 (High),60657,41.94624889,-87.65557735,1,1,0,Canvass,1947,CLARK,480.6629,502.4658,170.7287,2243.4958,1,96.01%,3.99%,6434
2956,2955,1385634,1696435,Risk 1 (High),60639,41.91255359,-87.76602025,1,1,0,Canvass,1960,BLOOMINGDALE,204.7436,882.3374,761.6438,1519.3587,1,96.02%,3.98%,6435
6616,6615,1493974,2289703,Risk 2 (Medium),60622,41.8959296,-87.66935205,1,1,0,Canvass,2008,Chicago,304.848,238.1415,431.0576,1628.6011,1,96.02%,3.98%,6436
7779,7778,1512287,2363877,Risk 1 (High),60625,41.96516872,-87.70851843,1,0,0,License,1922,KEDZIE,660.641,828.3372,153.1518,1854.131,1,96.02%,3.98%,6437
6369,6368,1396165,2269739,Risk 1 (High),60632,41.82444711,-87.70459624,1,0,0,License,1924,KEDZIE,374.0994,325.8473,412.9462,3539.0845,1,96.02%,3.98%,6438
2891,2890,1453405,1677809,Risk 1 (High),60605,41.87681825,-87.6308945,1,1,1,Canvass,1975,CLARK,435.7261,643.0651,857.2154,1184.7811,1,96.02%,3.98%,6439
2580,2579,1396163,1574564,Risk 1 (High),60632,41.82444711,-87.70459624,1,1,0,Canvass,1924,KEDZIE,359.374,325.8473,412.9462,3539.0845,1,96.02%,3.98%,6440
2704,2703,1199495,1598049,Risk 1 (High),60661,41.88452928,-87.64494525,1,1,0,Canvass,2007,RANDOLPH,243.9145,469.895,484.2071,2134.0172,1,96.02%,3.98%,6441
2598,2597,1493835,1576348,Risk 2 (Medium),60632,41.80189633,-87.72355764,1,1,0,Canvass,1989,PULASKI,427.7011,854.511,802.7449,2611.1744,1,96.02%,3.98%,6442
3603,3602,1418415,1894468,Risk 1 (High),60659,41.98536153,-87.68965151,1,1,0,Canvass,1926,WESTERN,525.938,742.4762,579.0604,2347.0176,1,96.02%,3.98%,6443
1716,1715,1296791,1120995,Risk 1 (High),60643,41.72090692,-87.67684433,1,1,0,Canvass,1954,95TH,1587.3345,874.6096,369.6547,4244.1808,1,96.02%,3.98%,6444
6559,6558,1372539,2284736,Risk 1 (High),60601,41.88525377,-87.62463473,1,1,1,Canvass,1888,MICHIGAN,327.5761,514.2161,159.6191,2141.0802,1,96.02%,3.98%,6445
3770,3769,1418401,1927149,Risk 1 (High),60659,41.99767672,-87.68662389,1,1,0,Canvass,1924,DEVON,553.675,396.0211,163.2902,1841.4593,1,96.02%,3.98%,6446
2258,2257,1435181,1444965,Risk 1 (High),60651,41.89474837,-87.76489253,1,1,0,Canvass,1922,W,256.6545,250.5523,478.0797,2205.4315,1,96.03%,3.97%,6447
2105,2104,1325037,1335555,Risk 1 (High),60612,41.8677234,-87.70585686,1,1,1,Canvass,1894,KEDZIE,806.5106,526.2405,379.8736,1400.6343,1,96.03%,3.97%,6448
340,339,1092915,13799,Risk 2 (Medium),60657,41.93609112,-87.66867815,1,1,0,Canvass,1985,ASHLAND,489.6121,711.5482,221.294,1469.1518,1,96.03%,3.97%,6449
4030,4029,1497562,1969968,Risk 2 (Medium),60603,41.88138628,-87.63071954,1,1,1,Canvass,1969,CLARK,320.7027,608.3029,241.3302,541.8494,1,96.03%,3.97%,6450
268,267,1387780,10139,Risk 2 (Medium),60628,41.70750957,-87.60818282,1,1,0,Canvass,1985,103RD,397.6978,528.8839,378.8848,4643.5714,1,96.03%,3.97%,6451
633,632,1473762,26233,Risk 1 (High),60647,41.92512495,-87.67875125,1,1,0,Canvass,1971,FULLERTON,851.2069,889.2073,524.7253,2094.9288,1,96.03%,3.97%,6452
2088,2087,1497473,1332921,Risk 2 (Medium),60622,41.89579651,-87.6773228,1,1,0,Canvass,1987,Chicago,281.6061,290.3022,194.4473,1696.3707,1,96.03%,3.97%,6453
5097,5096,1324934,2120226,Risk 1 (High),60612,41.86695926,-87.67120735,1,1,0,Canvass,2005,WOOD,2375.4535,1570.0708,1377.5829,3100.3729,1,96.04%,3.96%,6454
4258,4257,1325168,2003538,Risk 2 (Medium),60647,41.91050056,-87.68257841,1,1,1,Canvass,1889,NORTH,451.709,319.7202,233.4603,1246.4643,1,96.04%,3.96%,6455
3351,3350,1496713,1842575,Risk 2 (Medium),60601,41.88564259,-87.62693002,1,1,1,Complaint,1921,LAKE,580.9735,631.4564,437.8793,1794.4999,1,96.04%,3.96%,6456
4683,4682,1497188,2068866,Risk 1 (High),60642,41.89115748,-87.66038151,1,1,0,Canvass,1965,GRAND,461.9535,344.0081,114.0547,2332.2677,1,96.04%,3.96%,6457
614,613,1491177,25252,Risk 1 (High),60622,41.90279106,-87.66762445,1,1,1,Complaint,1902,ASHLAND,437.7634,334.078,376.8106,1426.5334,1,96.04%,3.96%,6458
5931,5930,1459360,2203593,Risk 1 (High),60622,41.91796074,-87.67270437,1,1,0,Canvass,1982,ARMITAGE,488.6532,331.3851,214.4038,1690.4593,1,96.04%,3.96%,6459
515,514,1493631,22971,Risk 1 (High),60632,41.8079245,-87.72816395,1,1,0,Canvass,1930,47TH,437.5468,477.5743,369.7515,3241.8977,1,96.04%,3.96%,6460
940,939,1345898,36194,Risk 1 (High),60646,41.99022936,-87.72992362,1,1,0,Canvass,1932,PETERSON,419.2632,1279.2767,1025.4069,2170.8244,1,96.04%,3.96%,6461
2302,2301,1496247,1473478,Risk 2 (Medium),60623,41.84260253,-87.70512781,1,1,0,Canvass,1979,KEDZIE,122.7719,390.6166,588.1225,2473.2593,1,96.04%,3.96%,6462
3319,3318,1307484,1823377,Risk 1 (High),60629,41.78624678,-87.71043107,1,1,0,Canvass,1940,59TH,254.2656,416.1865,440.0507,3563.6207,1,96.04%,3.96%,6463
7663,7662,1155251,2358818,Risk 2 (Medium),60622,41.90324196,-87.68058245,1,0,0,License,2007,DIVISION,103.1971,342.6595,199.107,1191.9988,1,96.04%,3.96%,6464
2757,2756,1513199,1621292,Risk 2 (Medium),60629,41.77527446,-87.70319733,1,1,0,Canvass,2005,KEDZIE,21087.1053,258.5213,223.5383,3040.9665,1,96.05%,3.95%,6465
5903,5902,1459364,2202879,Risk 2 (Medium),60622,41.91796074,-87.67270437,1,1,0,Canvass,1982,ARMITAGE,94.1091,331.3851,214.4038,1690.4593,1,96.05%,3.95%,6466
4490,4489,1460028,2037079,Risk 2 (Medium),60622,41.89768855,-87.67695627,1,1,1,Canvass,1896,DAMEN,790.3716,245.2703,100.3243,1181.6012,1,96.05%,3.95%,6467
2215,2214,1459680,1383807,Risk 1 (High),60622,41.90970817,-87.67619368,1,1,0,Canvass,2006,MILWAUKEE,250.6313,267.7557,256.3698,1300.651,1,96.05%,3.95%,6468
2316,2315,1490726,1473519,Risk 2 (Medium),60618,41.95407628,-87.69968216,1,1,0,Canvass,1938,IRVING,643.8681,613.1086,96.0034,1756.9439,1,96.05%,3.95%,6469
7245,7244,1471258,2327145,Risk 1 (High),60647,41.90987048,-87.71777242,1,1,0,License,1894,North,242.3975,305.9037,298.3347,3086.23,1,96.05%,3.95%,6470
2750,2749,1387551,1620818,Risk 1 (High),60619,41.75140381,-87.60459305,1,1,1,Canvass,1926,79TH,158.5444,193.3701,248.4195,3080.1819,1,96.05%,3.95%,6471
5402,5401,1401951,2146563,Risk 2 (Medium),60647,41.91898681,-87.69709568,1,1,1,Canvass,1879,CALIFORNIA,182.3037,448.0576,149.4526,1091.1793,1,96.05%,3.95%,6472
999,998,1493940,38483,Risk 2 (Medium),60622,41.89588463,-87.67203069,1,1,1,Canvass,1884,CHICAGO,262.5114,419.2958,296.8467,1721.5906,1,96.05%,3.95%,6473
3574,3573,1447386,1892053,Risk 2 (Medium),60606,41.88208823,-87.63368503,1,1,1,Canvass,1940,WELLS,959.1317,288.4486,297.2405,1259.4372,1,96.06%,3.94%,6474
6640,6639,1385448,2292935,Risk 2 (Medium),60612,41.8949973,-87.68697066,1,1,0,License,1979,WESTERN,540.0882,398.7565,370.4694,2000.2147,1,96.06%,3.94%,6475
7740,7739,1501458,2362994,Risk 1 (High),60618,41.9561934,-87.70823033,0,0,0,License,1958,KEDZIE,642.6853,644.5078,296.9809,1468.3163,1,96.06%,3.94%,6476
7101,7100,1496312,2314765,Risk 2 (Medium),60614,41.92149262,-87.6659985,1,0,0,License,1988,WEBSTER,263.9532,541.46,377.4865,1832.4209,1,96.06%,3.94%,6477
4484,4483,1496304,2036426,Risk 2 (Medium),60614,41.92149262,-87.6659985,1,1,0,Canvass,1988,WEBSTER,261.8,541.46,377.4865,1832.4209,1,96.06%,3.94%,6478
5063,5062,1491132,2114749,Risk 1 (High),60632,41.82273508,-87.69448432,1,1,0,Canvass,1958,CALIFORNIA,443.9986,480.0135,627.4266,3319.4344,1,96.06%,3.94%,6479
5768,5767,1493467,2189423,Risk 1 (High),60617,41.74735363,-87.58602791,1,1,1,Canvass,1986,STONY,581.2077,583.2707,950.1614,2982.783,1,96.06%,3.94%,6480
5318,5317,1152028,2138019,Risk 1 (High),60609,41.8089645,-87.6344335,1,1,1,Canvass,1926,47TH,472.131,1287.0207,555.3008,2460.0217,1,96.06%,3.94%,6481
4899,4898,1385411,2093641,Risk 1 (High),60639,41.91715084,-87.73666808,1,1,0,Canvass,1953,ARMITAGE,300.7501,462.5065,492.1446,1805.915,1,96.06%,3.94%,6482
1879,1878,1441318,1222715,Risk 1 (High),60657,41.93349134,-87.66374359,0,1,0,Canvass,1995,SOUTHPORT,481.0689,503.9123,380.4481,1629.8575,1,96.06%,3.94%,6483
3316,3315,1389392,1823092,Risk 1 (High),60651,41.90240592,-87.73601802,1,0,0,Canvass,1961,DIVISION,308.1275,476.7801,312.4161,1579.8081,1,96.06%,3.94%,6484
2593,2592,1493766,1575636,Risk 2 (Medium),60622,41.89118749,-87.65766709,1,1,1,Canvass,1891,GRAND,644.7128,285.5456,296.5985,1859.3532,1,96.06%,3.94%,6485
3317,3316,1401393,1823207,Risk 2 (Medium),60642,41.90219311,-87.6648939,1,1,1,Canvass,1907,MILWAUKEE,291.1634,442.4971,524.1946,1583.5374,1,96.07%,3.93%,6486
3946,3945,1092924,1959585,Risk 1 (High),60657,41.93975571,-87.65709968,1,1,0,Complaint,1998,BELMONT,1088.6982,317.978,433.737,1705.8041,1,96.07%,3.93%,6487
2559,2558,1387531,1548320,Risk 1 (High),60619,41.75136553,-87.60692951,1,1,1,Canvass,1936,79th,1411.5134,187.0031,199.9848,2871.5834,1,96.07%,3.93%,6488
5864,5863,1493542,2198276,Risk 1 (High),60614,41.92227753,-87.64454446,1,1,1,Canvass,1891,LINCOLN,655.4734,316.7169,83.2704,1489.4805,1,96.07%,3.93%,6489
2907,2906,1490978,1679502,Risk 1 (High),60632,41.79330539,-87.72423594,1,1,0,Canvass,1958,55TH,169.4356,568.7868,656.7647,3246.2283,1,96.07%,3.93%,6490
3996,3995,1497929,1968557,Risk 2 (Medium),60625,41.97581378,-87.71255298,1,1,0,Canvass,1920,FOSTER,516.8523,520.3174,488.6333,2259.0539,1,96.07%,3.93%,6491
5531,5530,1296903,2156933,Risk 1 (High),60620,41.75256556,-87.64377758,0,1,1,Canvass,2005,78TH,132.2376,353.1007,603.977,1391.6297,1,96.07%,3.93%,6492
7428,7427,1490542,2341067,Risk 1 (High),60618,41.96119792,-87.68929407,1,1,0,License,1925,MONTROSE,313.6156,736.0144,252.2709,2299.2811,1,96.07%,3.93%,6493
4458,4457,1491062,2032351,Risk 1 (High),60657,41.93617191,-87.65340849,1,0,0,Canvass,2006,WELLINGTON,329.5421,451.1401,497.6216,1675.1519,1,96.07%,3.93%,6494
2272,2271,1385490,1446627,Risk 1 (High),60639,41.92401471,-87.75494988,1,1,0,Canvass,1919,FULLERTON,324.8702,525.6546,300.6987,1988.7422,1,96.08%,3.92%,6495
982,981,1490374,37881,Risk 1 (High),60641,41.94602898,-87.73546639,1,1,0,Canvass,1952,MILWAUKEE,21087.1053,352.0555,564.6212,2537.4392,1,96.08%,3.92%,6496
7826,7825,1513131,2369222,Risk 1 (High),60641,41.96052726,-87.75382899,1,1,0,License,1914,MONTROSE,211.2624,483.1384,721.4446,2267.9896,1,96.08%,3.92%,6497
1450,1449,1441463,70372,Risk 1 (High),60616,41.84944169,-87.63179107,1,1,1,Canvass,1961,WENTWORTH,283.3089,712.4619,264.6604,1117.986,1,96.08%,3.92%,6498
2786,2785,1383467,1646241,Risk 3 (Low),60601,41.8852378,-87.62778183,1,1,1,Canvass,1921,STATE,321.3608,524.3965,409.8444,1837.5128,1,96.08%,3.92%,6499
1678,1677,1512565,1092789,Risk 2 (Medium),60601,41.88496367,-87.62806856,1,0,1,Canvass,1917,STATE,184.7053,472.072,379.7121,1883.7406,1,96.08%,3.92%,6500
3296,3295,1395791,1820972,Risk 2 (Medium),60617,41.7215582,-87.57518788,1,1,1,Complaint,1964,JEFFERY,109.7281,278.9927,344.0459,3145.5207,1,96.08%,3.92%,6501
3418,3417,1383466,1868390,Risk 3 (Low),60601,41.8852378,-87.62778183,1,1,1,Canvass,1921,STATE,209.0082,524.3965,409.8444,1837.5128,1,96.08%,3.92%,6502
5422,5421,1473360,2147080,Risk 2 (Medium),60610,41.91103954,-87.63606152,1,1,1,Canvass,1926,NORTH,1147.528,622.9521,272.5475,1248.2065,1,96.08%,3.92%,6503
4682,4681,1459515,2068861,Risk 1 (High),60642,41.90348137,-87.66510269,1,1,1,Canvass,1891,DIVISION,199.4118,373.3918,453.2311,1848.5666,1,96.09%,3.91%,6504
6531,6530,1496771,2284006,Risk 2 (Medium),60639,41.92412328,-87.76339011,1,1,0,Canvass,1915,FULLERTON,515.5514,445.4108,476.1001,2199.7613,1,96.09%,3.91%,6505
5302,5301,1401274,2137439,Risk 1 (High),60622,41.90324576,-87.68035526,1,1,1,Canvass,1899,DIVISION,448.5588,335.6586,190.3442,1186.7374,1,96.09%,3.91%,6506
206,205,1107137,7252,Risk 1 (High),60640,41.96875147,-87.67109479,1,1,0,Canvass,1974,LAWRENCE,672.7021,624.8066,497.5129,1813.4382,1,96.09%,3.91%,6507
1410,1409,1115215,66392,Risk 1 (High),60620,41.75621011,-87.63134494,1,1,1,Canvass,1950,YALE,435.2225,817.0135,556.4565,2599.8128,1,96.09%,3.91%,6508
5779,5778,1497421,2192579,Risk 2 (Medium),60614,41.91838769,-87.65971397,1,1,0,Canvass,1989,CLYBOURN,380.2564,865.2603,289.0932,1862.0652,1,96.09%,3.91%,6509
3901,3900,1496249,1953289,Risk 1 (High),60641,41.95342216,-87.7561262,1,1,0,Canvass,1916,IRVING,206.2029,1120.4798,670.0082,2176.9061,1,96.09%,3.91%,6510
5570,5569,1497206,2158493,Risk 2 (Medium),60639,41.92419154,-87.75807168,1,1,0,Canvass,1926,Fullerton,780.5354,509.3781,552.9516,2152.403,1,96.09%,3.91%,6511
6547,6546,1494218,2284512,Risk 1 (High),60623,41.85186754,-87.7059336,1,1,0,Canvass,2006,CERMAK,865.9026,444.6931,275.2016,1572.5198,1,96.09%,3.91%,6512
7124,7123,1107138,2319932,Risk 2 (Medium),60640,41.96892356,-87.67482236,1,1,0,License,1967,LAWRENCE,282.9843,586.8486,440.1877,1833.5041,1,96.09%,3.91%,6513
5797,5796,1107167,2192948,Risk 1 (High),60640,41.97805963,-87.65836618,1,0,1,Canvass,1918,BERWYN,522.6044,624.4458,575.2771,835.0795,1,96.09%,3.91%,6514
1649,1648,1418404,1047084,Risk 1 (High),60659,41.9976685,-87.6871297,1,1,0,Canvass,1929,DEVON,333.6509,478.7097,220.4531,1923.5928,1,96.09%,3.91%,6515
3443,3442,1497209,1869712,Risk 2 (Medium),60610,41.8908285,-87.62788987,1,1,1,Canvass,1992,STATE,654.8356,187.5275,620.0463,649.0614,1,96.09%,3.91%,6516
7492,7491,1490791,2348564,Risk 1 (High),60642,41.89119527,-87.65688616,1,1,0,License,2008,GRAND,979.5133,235.5032,186.7824,1730.5994,1,96.10%,3.90%,6517
6732,6731,1395566,2298409,Risk 2 (Medium),60622,41.90974253,-87.67759199,1,0,0,License,2006,DAMEN,375.1174,322.9791,129.5732,1224.7788,1,96.10%,3.90%,6518
296,295,1464341,11735,Risk 1 (High),60660,41.9955792,-87.67587688,1,1,0,Canvass,1972,RIDGE,983.8321,572.2124,872.1139,2023.7895,1,96.10%,3.90%,6519
937,936,1399319,36111,Risk 1 (High),60625,41.96840793,-87.72282935,1,1,0,Canvass,1925,LAWRENCE,1569.3412,380.3698,179.4867,1831.1079,1,96.10%,3.90%,6520
1876,1875,1385228,1222073,Risk 1 (High),60639,41.91342997,-87.7450697,1,1,0,Complaint,1974,GRAND,157.0922,1036.0064,913.099,1833.9204,1,96.10%,3.90%,6521
5346,5345,1434726,2138602,Risk 1 (High),60642,41.90450211,-87.64826687,1,1,1,Canvass,1947,HALSTED,924.5808,1352.3853,1119.3013,1707.1215,1,96.10%,3.90%,6522
4908,4907,1497203,2093900,Risk 2 (Medium),60609,41.83078218,-87.62679018,1,1,0,Canvass,2010,STATE,346.9706,988.4199,102.9464,2495.8527,1,96.10%,3.90%,6523
3737,3736,1401431,1915977,Risk 2 (Medium),60618,41.95019167,-87.70776827,1,1,0,Canvass,1947,KEDZIE,105.5539,873.5937,501.1199,2056.4909,1,96.11%,3.89%,6524
5020,5019,1460185,2109636,Risk 1 (High),60618,41.95547903,-87.70791239,1,1,0,Canvass,1953,KEDZIE,333.0535,686.2519,364.9087,1742.6111,1,96.11%,3.89%,6525
6372,6371,1453242,2269757,Risk 1 (High),60605,41.86403564,-87.61929707,1,1,1,Canvass,2006,LAKE,73.1352,1078.1818,1301.866,1483.0446,1,96.11%,3.89%,6526
7512,7511,1491193,2349126,Risk 1 (High),60641,41.94647991,-87.72764435,1,1,0,License,1923,ADDISON,114.9257,604.5338,418.9148,2242.1725,1,96.11%,3.89%,6527
2110,2109,1497415,1336561,Risk 1 (High),60657,41.93467889,-87.66862497,1,1,0,Canvass,1985,ASHLAND,347.7986,448.7573,298.1869,1745.6195,1,96.11%,3.89%,6528
2288,2287,1447365,1457904,Risk 1 (High),60606,41.87822324,-87.63424738,1,1,1,Canvass,1970,JACKSON,187.0747,692.4768,804.9868,1325.6043,1,96.11%,3.89%,6529
2983,2982,1372442,1717240,Risk 1 (High),60601,41.88670756,-87.62788348,1,1,1,Canvass,1961,WACKER,512.8407,471.335,628.9689,1331.0458,1,96.11%,3.89%,6530
7597,7596,1496227,2354431,Risk 1 (High),60615,41.80190189,-87.62192629,1,0,0,License,2005,51ST,521.4371,375.7323,210.4577,3128.419,1,96.11%,3.89%,6531
42,41,1372387,1242,Risk 1 (High),60601,41.88755604,-87.61965509,1,1,1,Canvass,1989,WACKER,236.1877,1005.7797,696.3422,895.5478,1,96.11%,3.89%,6532
4808,4807,1494066,2083897,Risk 1 (High),60639,41.92451657,-87.7332703,1,1,0,Canvass,1936,FULLERTON,189.8256,482.6073,401.0677,2107.6198,1,96.11%,3.89%,6533
5716,5715,1152156,2184368,Risk 1 (High),60609,41.81068115,-87.66487963,1,1,1,Canvass,1907,ASHLAND,344.6137,1170.0232,411.1871,2359.1189,1,96.11%,3.89%,6534
2842,2841,1447380,1649400,Risk 1 (High),60606,41.88374822,-87.63666184,1,1,1,Canvass,1980,WACKER,21087.1053,552.4413,691.23,1766.7811,1,96.11%,3.89%,6535
6030,6029,1502196,2232523,Risk 2 (Medium),60618,41.95957153,-87.70804923,1,1,1,Canvass,1894,KEDZIE,464.514,562.8528,298.5654,553.0924,1,96.11%,3.89%,6536
5142,5141,1493439,2124674,Risk 2 (Medium),60608,41.85454816,-87.67605573,1,1,0,Canvass,2006,DAMEN,510.9804,389.6962,272.7846,1975.279,1,96.11%,3.89%,6537
333,332,1372353,13391,Risk 1 (High),60602,41.8822157,-87.62955625,1,1,1,Complaint,1979,DEARBORN,383.5605,692.1522,492.9918,816.42,1,96.11%,3.89%,6538
7701,7700,1512792,2359449,Risk 1 (High),60640,41.96876506,-87.67001783,1,1,0,License,1980,LAWRENCE,471.1969,641.7852,565.8825,1832.9752,1,96.11%,3.89%,6539
963,962,1496407,37456,Risk 2 (Medium),60639,41.91952659,-87.76937583,1,1,0,Canvass,1910,GRAND,706.4445,592.327,395.8858,2230.0993,1,96.12%,3.88%,6540
6843,6842,1367466,2304195,Risk 1 (High),60629,41.77895709,-87.71082664,1,0,0,License,1973,63RD,574.2678,647.3486,592.725,3282.9537,1,96.12%,3.88%,6541
5025,5024,1482229,2109863,Risk 1 (High),60659,41.9978833,-87.68738928,1,1,0,Complaint,1932,DEVON,696.3712,487.1232,228.5582,1930.9306,1,96.12%,3.88%,6542
51,50,1424294,1529,Risk 1 (High),60630,41.96809026,-87.73166809,1,1,0,Canvass,1927,LAWRENCE,207.1811,897.9677,582.2091,2105.7988,1,96.12%,3.88%,6543
4347,4346,1493278,2014145,Risk 1 (High),60639,41.92397326,-87.75798631,1,1,0,Canvass,1928,FULLERTON,407.3093,538.5263,519.7475,2116.6019,1,96.12%,3.88%,6544
4465,4464,1496801,2032777,Risk 2 (Medium),60622,41.90338254,-87.67203153,1,1,0,Canvass,2006,DIVISION,460.0415,319.4507,270.5859,1575.6361,1,96.12%,3.88%,6545
1274,1273,1447318,53931,Risk 1 (High),60606,41.87961627,-87.63976452,1,1,1,Canvass,1999,CANAL,756.2581,1024.0011,786.0932,655.6502,1,96.12%,3.88%,6546
5454,5453,1493486,2152110,Risk 1 (High),60622,41.89886802,-87.67698935,1,1,1,Canvass,1916,DAMEN,717.5346,267.8014,108.82,917.5985,1,96.12%,3.88%,6547
4888,4887,1493785,2093000,Risk 1 (High),60614,41.92535736,-87.66138854,1,1,0,Canvass,1985,FULLERTON,151.2378,460.6514,112.6671,1733.5228,1,96.12%,3.88%,6548
6663,6662,1473981,2293472,Risk 1 (High),60608,41.83046066,-87.68518673,1,1,0,License,1913,WESTERN,243.3812,657.1596,310.8875,4019.4714,1,96.12%,3.88%,6549
6947,6946,1396160,2308288,Risk 1 (High),60618,41.9614127,-87.69010741,1,1,0,License,1933,MONTROSE,890.3162,589.1727,296.5897,2317.6799,1,96.13%,3.87%,6550
2229,2228,1490265,1422721,Risk 1 (High),60647,41.92249267,-87.70235877,1,1,0,Canvass,2006,LYNDALE,471.5179,422.9957,557.6938,1343.7103,1,96.13%,3.87%,6551
7251,7250,1418288,2327214,Risk 1 (High),60659,41.99767387,-87.68679263,1,1,0,License,1933,DEVON,411.7218,429.1804,177.4107,1868.5693,1,96.13%,3.87%,6552
3555,3554,1497263,1887754,Risk 2 (Medium),60657,41.9474472,-87.64405034,1,1,0,Canvass,2006,BROMPTON,610.3185,470.1829,579.7642,1909.3746,1,96.13%,3.87%,6553
6497,6496,1459628,2283170,Risk 1 (High),60618,41.93930173,-87.71938935,1,1,0,Canvass,1915,BELMONT,272.4492,571.5518,93.2222,2246.9374,1,96.13%,3.87%,6554
5786,5785,1497138,2192720,Risk 2 (Medium),60639,41.92424344,-87.75426697,1,1,0,Canvass,1929,Fullerton,505.6889,466.1963,321.5212,1933.8374,1,96.13%,3.87%,6555
6078,6077,1439290,2240569,Risk 2 (Medium),60611,41.89019628,-87.62673545,1,0,1,Canvass,1991,HUBBARD,449.217,359.094,747.581,891.782,1,96.13%,3.87%,6556
6606,6605,1391418,2289536,Risk 1 (High),60645,41.99803107,-87.68760323,1,1,0,Complaint,1932,OAKLEY,196.1251,478.464,241.7509,1944.0458,1,96.13%,3.87%,6557
1634,1633,1496543,1045159,Risk 2 (Medium),60647,41.92249267,-87.70235877,1,1,0,Canvass,2006,LYNDALE,310.8129,422.9957,557.6938,1343.7103,1,96.13%,3.87%,6558
4164,4163,1496585,1986998,Risk 1 (High),60654,41.88896196,-87.63090677,1,1,1,Canvass,2008,CLARK,552.935,340.9171,700.476,451.7245,1,96.13%,3.87%,6559
1551,1550,1496523,81673,Risk 2 (Medium),60618,41.95124734,-87.71536619,1,1,0,Canvass,1955,ELSTON,418.874,649.553,446.5335,1795.6958,1,96.13%,3.87%,6560
4468,4467,1473782,2032864,Risk 1 (High),60608,41.85392356,-87.6855418,1,1,1,Canvass,1899,WESTERN,281.919,546.6844,478.2095,1998.0745,1,96.13%,3.87%,6561
2225,2224,1496950,1403943,Risk 2 (Medium),60652,41.73756102,-87.71916759,1,1,0,Canvass,1958,COLUMBUS,477.0403,699.4121,706.5969,4028.4533,1,96.13%,3.87%,6562
503,502,1447233,22706,Risk 1 (High),60606,41.88524323,-87.63716479,1,1,1,Complaint,1928,WACKER,202.1736,760.6675,616.6887,1897.5736,1,96.13%,3.87%,6563
2131,2130,1151983,1353242,Risk 1 (High),60637,41.78599541,-87.59039689,1,1,0,Canvass,2011,60TH,572.3288,1010.7614,882.5451,4382.6736,1,96.13%,3.87%,6564
7585,7584,1418591,2354212,Risk 1 (High),60659,41.99765846,-87.68767204,1,1,0,License,1931,DEVON,890.3162,462.7671,251.7757,2015.0965,1,96.13%,3.87%,6565
46,45,1496854,1434,Risk 2 (Medium),60652,41.74051514,-87.72147836,1,1,0,Canvass,1956,PULASKI,525.938,433.7081,391.6638,3658.9297,1,96.13%,3.87%,6566
5394,5393,1439210,2146363,Risk 2 (Medium),60629,41.7857777,-87.70318982,1,1,0,Canvass,1967,KEDZIE,547.9402,324.7787,275.5768,3115.6396,1,96.13%,3.87%,6567
3482,3481,1482313,1874841,Risk 2 (Medium),60640,41.97552942,-87.65999238,1,1,0,Canvass,1995,BROADWAY,1321.9405,555.0098,528.0036,1629.1538,1,96.13%,3.87%,6568
943,942,1445254,36271,Risk 2 (Medium),60610,41.91056681,-87.6348392,1,0,1,Canvass,1925,WELLS,347.849,634.5769,251.5086,1333.353,1,96.13%,3.87%,6569
6869,6868,1307644,2304548,Risk 2 (Medium),60629,41.79101256,-87.72295302,1,0,0,License,1943,PULASKI,205.8405,369.2577,456.0059,3499.0341,1,96.14%,3.86%,6570
3438,3437,1401921,1869443,Risk 1 (High),60622,41.89575174,-87.67992373,1,1,0,Canvass,2007,CHICAGO,1569.3412,552.9657,237.5323,1548.2498,1,96.14%,3.86%,6571
6948,6947,1396164,2308290,Risk 3 (Low),60618,41.9614127,-87.69010741,1,1,0,License,1933,MONTROSE,311.221,589.1727,296.5897,2317.6799,1,96.14%,3.86%,6572
7776,7775,1441595,2363826,Risk 2 (Medium),60657,41.93416882,-87.66117542,1,1,0,License,1998,LINCOLN,707.9805,287.7052,197.4551,1552.4791,1,96.14%,3.86%,6573
2253,2252,1491116,1444502,Risk 1 (High),60657,41.93416882,-87.66117542,1,1,0,Canvass,1998,LINCOLN,654.8356,287.7052,197.4551,1552.4791,1,96.14%,3.86%,6574
6256,6255,1389380,2256673,Risk 1 (High),60644,41.88173636,-87.74274788,1,1,0,Canvass,1920,WASHINGTON,629.5538,431.9647,124.6149,2472.5041,1,96.14%,3.86%,6575
2235,2234,1493651,1441893,Risk 1 (High),60618,41.93909478,-87.6981095,1,1,1,Canvass,1896,ELSTON,94.8556,522.5579,339.0754,935.034,1,96.14%,3.86%,6576
2174,2173,1490532,1379458,Risk 1 (High),60632,41.79496271,-87.72306328,1,1,0,Canvass,1959,PULASKI,383.1334,471.7866,378.5416,3054.3773,1,96.14%,3.86%,6577
2923,2922,1497080,1681213,Risk 1 (High),60647,41.90992353,-87.71344146,1,1,0,Canvass,1909,NORTH,324.0991,329.2991,377.0735,3114.5861,1,96.14%,3.86%,6578
5356,5355,1434508,2141406,Risk 1 (High),60622,41.90337271,-87.67259245,1,1,1,Canvass,1891,Division,321.1176,337.2335,228.4023,1606.1543,1,96.14%,3.86%,6579
2955,2954,1473832,1696253,Risk 1 (High),60641,41.95178807,-87.74741981,1,1,0,Canvass,1930,CICERO,21087.1053,684.4204,507.6078,2814.4958,1,96.14%,3.86%,6580
1178,1177,1496315,47405,Risk 1 (High),60649,41.7587794,-87.57505447,1,1,1,Canvass,1937,75TH,480.1895,194.4328,206.2906,3321.8505,1,96.14%,3.86%,6581
4158,4157,1389325,1986621,Risk 1 (High),60651,41.9020223,-87.76641277,1,1,0,Canvass,1949,DIVISION,610.2964,322.7235,325.5215,1626.3681,1,96.14%,3.86%,6582
5807,5806,1385256,2195981,Risk 1 (High),60639,41.92424242,-87.7543435,1,1,0,Canvass,1929,Fullerton,262.7833,472.2783,314.8309,1946.1204,1,96.14%,3.86%,6583
265,264,1305499,9845,Risk 1 (High),60623,41.84483539,-87.70489989,1,1,1,Canvass,1894,KEDZIE,411.6424,505.8946,735.2736,2275.4635,1,96.14%,3.86%,6584
4977,4976,1473940,2103360,Risk 1 (High),60654,41.88990023,-87.63203248,1,1,1,Canvass,1988,HUBBARD,532.4245,200.9511,432.3177,554.6209,1,96.14%,3.86%,6585
4874,4873,1497242,2089198,Risk 1 (High),60625,41.96813695,-87.72765333,1,1,0,Canvass,1925,LAWRENCE,120.2857,976.1262,322.1306,1933.5535,1,96.15%,3.85%,6586
1995,1994,1325272,1273955,Risk 2 (Medium),60612,41.87418145,-87.67456721,1,1,1,Canvass,1913,HARRISON,82.645,1279.2008,1349.8983,2682.9331,1,96.15%,3.85%,6587
5980,5979,1459339,2229448,Risk 1 (High),60618,41.94608077,-87.68809394,1,1,0,Canvass,1979,WESTERN,264.0926,345.415,488.1505,1821.974,1,96.15%,3.85%,6588
4673,4672,1490790,2065310,Risk 1 (High),60610,41.9100256,-87.63452807,1,1,1,Canvass,1930,WELLS,459.8872,728.9865,218.5377,1232.6063,1,96.15%,3.85%,6589
1037,1036,1228429,40465,Risk 1 (High),60604,41.878041,-87.63049345,1,1,1,Canvass,1991,JACKSON,141.9549,657.5977,542.0938,726.4205,1,96.15%,3.85%,6590
1489,1488,1418422,75437,Risk 2 (Medium),60630,41.96622739,-87.73718362,1,1,0,Canvass,1924,ELSTON,485.1251,556.8771,592.2494,2228.3516,1,96.15%,3.85%,6591
3650,3649,1155241,1904279,Risk 2 (Medium),60622,41.90952655,-87.67590978,1,1,1,Canvass,1907,MILWAUKEE,146.8463,228.6886,332.1843,1323.1657,1,96.15%,3.85%,6592
6652,6651,1418269,2293205,Risk 1 (High),60659,41.9976569,-87.68775624,1,1,0,Canvass,1931,DEVON,149.716,456.7343,253.7718,2029.625,1,96.15%,3.85%,6593
3043,3042,1497944,1740515,Risk 2 (Medium),60614,41.92516402,-87.65966653,1,1,0,Canvass,2007,FULLERTON,289.8221,536.8883,442.5194,1764.6299,1,96.15%,3.85%,6594
2498,2497,1228430,1520425,Risk 1 (High),60604,41.878041,-87.63049345,1,1,1,Canvass,1991,JACKSON,73.4004,657.5977,542.0938,726.4205,1,96.15%,3.85%,6595
4052,4051,1480331,1974748,Risk 1 (High),60612,41.88124146,-87.67428253,1,1,0,Canvass,1994,MADISON,837.6873,1030.858,741.9947,2600.4629,1,96.15%,3.85%,6596
3610,3609,1453518,1898310,Risk 1 (High),60607,41.88545575,-87.65315631,1,1,1,Canvass,1901,LAKE,383.2547,286.1243,235.0892,1865.726,1,96.15%,3.85%,6597
1464,1463,1493851,71807,Risk 1 (High),60657,41.94658395,-87.65584945,1,1,0,Canvass,1966,CLARK,724.0591,544.9946,260.9707,2250.4491,1,96.16%,3.84%,6598
4747,4746,1395331,2074325,Risk 1 (High),60641,41.94170177,-87.72789069,1,1,0,Canvass,1990,MILWAUKEE,102.6528,589.4998,275.3137,844.9401,1,96.16%,3.84%,6599
2257,2256,1155220,1444948,Risk 1 (High),60622,41.88905037,-87.66235915,1,1,1,Canvass,1869,NOBLE,678.1072,727.9241,432.4311,2583.7801,1,96.16%,3.84%,6600
1144,1143,1490503,45234,Risk 1 (High),60657,41.94663702,-87.65589271,1,1,0,Canvass,1966,CLARK,203.2746,552.8391,278.8344,2252.0301,1,96.16%,3.84%,6601
7402,7401,1155229,2340693,Risk 2 (Medium),60622,41.91061792,-87.67610192,1,1,0,License,2007,NORTH,154.5021,342.71,126.3271,1321.2866,1,96.16%,3.84%,6602
1285,1284,1501551,54882,Risk 2 (Medium),60614,41.92150107,-87.66481662,1,1,0,Canvass,1988,WEBSTER,625.5957,429.799,191.1069,1846.0129,1,96.16%,3.84%,6603
1706,1705,1459596,1120265,Risk 1 (High),60641,41.9573322,-87.75179742,1,1,0,Canvass,1910,MILWAUKEE,385.9313,541.0508,359.7829,2135.8489,1,96.16%,3.84%,6604
7232,7231,1424546,2326955,Risk 2 (Medium),60630,41.96102838,-87.72768339,1,0,0,License,1922,PULASKI,411.5621,211.0896,295.4421,2123.1353,1,96.16%,3.84%,6605
1171,1170,1496229,46923,Risk 2 (Medium),60639,41.91792892,-87.76069948,1,1,0,Canvass,1955,GRAND,531.5117,563.8868,789.2502,1997.8748,1,96.16%,3.84%,6606
4060,4059,1439576,1975233,Risk 2 (Medium),60611,41.89209414,-87.61156988,1,1,1,Canvass,1967,GRAND,500.27,616.0097,1420.9223,2418.9496,1,96.16%,3.84%,6607
7231,7230,1424545,2326952,Risk 2 (Medium),60630,41.96102838,-87.72768339,1,0,0,License,1922,PULASKI,228.4227,211.0896,295.4421,2123.1353,1,96.16%,3.84%,6608
6436,6435,1307664,2278083,Risk 1 (High),60629,41.79066695,-87.72323575,1,1,0,Canvass,1943,PULASKI,340.634,378.1035,458.4502,3564.0211,1,96.16%,3.84%,6609
6694,6693,1418377,2294041,Risk 1 (High),60659,41.99628183,-87.68998285,1,1,0,Canvass,1926,WESTERN,197.3843,452.5238,472.2887,2399.9211,1,96.16%,3.84%,6610
7565,7564,1480334,2350276,Risk 1 (High),60612,41.88124146,-87.67428253,1,0,0,License,1994,MADISON,280.6761,1030.858,741.9947,2600.4629,1,96.17%,3.83%,6611
5618,5617,1464505,2164148,Risk 1 (High),60645,41.99812089,-87.68882213,1,1,0,Canvass,1928,CLAREMONT,338.1075,332.3041,279.4943,2146.3404,1,96.17%,3.83%,6612
2978,2977,1107095,1716839,Risk 1 (High),60659,41.99764153,-87.68859871,1,1,0,Canvass,1929,DEVON,633.7289,342.1637,309.135,2180.3168,1,96.17%,3.83%,6613
4736,4735,1152114,2073953,Risk 1 (High),60609,41.8268122,-87.68323709,1,1,0,Canvass,1947,ARCHER,432.6524,1040.7861,378.3499,3537.2989,1,96.17%,3.83%,6614
1720,1719,1459641,1121550,Risk 1 (High),60641,41.95869271,-87.75262378,1,1,0,Canvass,1932,MILWAUKEE,115.3649,236.8015,698.0961,2098.354,1,96.17%,3.83%,6615
4101,4100,1387478,1980111,Risk 1 (High),60628,41.70727358,-87.62358592,1,1,0,Canvass,2009,103RD,45.0149,571.08,465.3931,4320.8905,1,96.17%,3.83%,6616
4972,4971,1399221,2103019,Risk 1 (High),60625,41.96882861,-87.70833931,1,1,0,Canvass,1987,KEDZIE,133.9886,690.5322,580.9105,1295.9496,1,96.17%,3.83%,6617
5290,5289,1307269,2137180,Risk 2 (Medium),60636,41.7673282,-87.66400243,1,1,1,Canvass,1920,ASHLAND,166.8794,405.0264,275.7022,2524.537,1,96.17%,3.83%,6618
2871,2870,1496303,1676601,Risk 2 (Medium),60652,41.7490144,-87.72204098,1,1,0,Canvass,2005,PULASKI,182.1562,421.1267,949.6216,3303.6347,1,96.17%,3.83%,6619
4056,4055,1305605,1974864,Risk 1 (High),60623,41.84418037,-87.72159139,1,1,1,Canvass,1908,26TH,1292.7497,150.355,767.8025,1932.2958,1,96.17%,3.83%,6620
1579,1578,1325145,84648,Risk 1 (High),60647,41.9172915,-87.7070516,1,1,0,Canvass,1999,ARMITAGE,221.4797,393.0993,316.2491,1272.0543,1,96.17%,3.83%,6621
7633,7632,1512590,2355064,Risk 1 (High),60641,41.95276148,-87.74744675,1,0,0,License,1905,CICERO,263.7546,561.0079,613.6088,2665.9419,1,96.17%,3.83%,6622
5836,5835,1471230,2196729,Risk 1 (High),60647,41.91197123,-87.67735194,1,0,0,License,2007,DAMEN,290.8128,291.8299,230.658,1461.0686,1,96.17%,3.83%,6623
6687,6686,1471231,2293897,Risk 1 (High),60647,41.91197123,-87.67735194,1,0,0,License,2007,DAMEN,290.8128,291.8299,230.658,1461.0686,1,96.17%,3.83%,6624
1278,1277,1473237,54101,Risk 1 (High),60625,41.96628077,-87.70826052,1,1,0,Canvass,1950,KEDZIE,1075.6913,715.9446,308.7985,1796.1878,1,96.17%,3.83%,6625
4355,4354,1460121,2016897,Risk 1 (High),60625,41.97582182,-87.71172941,1,1,0,Canvass,1930,Foster,366.0172,610.1931,470.2736,2240.906,1,96.17%,3.83%,6626
4309,4308,1494014,2009116,Risk 1 (High),60647,41.9304398,-87.68799105,1,1,0,Canvass,1993,WESTERN,537.6003,749.6819,245.3659,1432.2507,1,96.18%,3.82%,6627
6382,6381,1501866,2270376,Risk 2 (Medium),60625,41.96839469,-87.72398095,1,1,0,Canvass,1926,LAWRENCE,352.9307,351.3615,121.3848,1836.5604,1,96.18%,3.82%,6628
3180,3179,1490453,1800532,Risk 1 (High),60642,41.89094232,-87.65985672,1,1,1,Canvass,1879,GRAND,469.6165,453.9806,247.1905,2233.7241,1,96.18%,3.82%,6629
341,340,1464557,13801,Risk 2 (Medium),60660,41.9907949,-87.67920712,1,1,0,Canvass,1988,PETERSON,252.0168,875.8545,1102.3303,2088.0442,1,96.18%,3.82%,6630
7836,7835,1515454,2373713,Risk 1 (High),60629,41.77894127,-87.71179415,1,1,0,License,1969,63RD,2595.0156,634.5786,480.0267,3431.3897,1,96.18%,3.82%,6631
124,123,1490669,3800,Risk 2 (Medium),60641,41.95598091,-87.75027916,1,1,0,Canvass,1905,MILWAUKEE,362.3708,604.4648,311.8175,2258.576,1,96.18%,3.82%,6632
2857,2856,1480260,1675193,Risk 1 (High),60623,41.85175767,-87.69802349,1,1,1,Canvass,1918,CERMAK,293.8022,534.8764,340.2593,1413.2629,1,96.18%,3.82%,6633
4028,4027,1473517,1969955,Risk 1 (High),60618,41.95385814,-87.71999799,1,1,0,Canvass,1962,IRVING,145.7156,659.8199,505.5871,1738.841,1,96.19%,3.81%,6634
1655,1654,1387391,1069184,Risk 1 (High),60619,41.73677605,-87.5875494,1,1,1,Complaint,2005,87TH,200.2552,561.1521,728.2558,2652.5338,1,96.19%,3.81%,6635
5482,5481,1439387,2152750,Risk 1 (High),60611,41.8920636,-87.61253372,1,1,1,Canvass,1967,GRAND,601.4272,574.099,1171.1772,2167.6033,1,96.19%,3.81%,6636
6790,6789,1424328,2299346,Risk 1 (High),60630,41.97240586,-87.7282915,1,1,0,Canvass,1944,Pulaski,297.0641,715.7063,587.9866,1925.8265,1,96.19%,3.81%,6637
2412,2411,1496248,1492714,Risk 2 (Medium),60647,41.92169657,-87.69515268,1,1,0,Canvass,1995,MILWAUKEE,142.1179,896.172,323.6487,1472.0554,1,96.19%,3.81%,6638
230,229,1513161,8372,Risk 2 (Medium),60629,41.78594077,-87.71572304,1,1,0,Canvass,1931,59TH,406.0692,248.9556,285.1262,3808.5009,1,96.19%,3.81%,6639
7012,7011,1401956,2313587,Risk 1 (High),60640,41.97127989,-87.66791543,1,1,0,License,2009,CLARK,350.516,533.557,746.4152,1615.163,1,96.19%,3.81%,6640
851,850,1372469,34039,Risk 1 (High),60601,41.8848189,-87.63257696,1,1,1,Canvass,1920,LA,397.5482,383.7025,291.6962,1891.0936,1,96.19%,3.81%,6641
4793,4792,1401986,2083363,Risk 2 (Medium),60647,41.91008509,-87.71814532,1,1,0,Canvass,1915,NORTH,385.0869,413.5238,376.3239,3025.1115,1,96.19%,3.81%,6642
4422,4421,1424264,2027275,Risk 1 (High),60630,41.96799701,-87.7403112,1,1,0,Canvass,1910,Lawrence,559.9046,503.3447,532.5164,2472.1767,1,96.19%,3.81%,6643
4178,4177,1493380,1991375,Risk 1 (High),60614,41.9278282,-87.66355568,1,1,1,Canvass,1925,SOUTHPORT,485.1251,459.0226,522.083,1250.0391,1,96.19%,3.81%,6644
7627,7626,1501306,2354930,Risk 2 (Medium),60609,41.80842103,-87.6745377,1,0,0,License,1965,DAMEN,447.9196,388.4415,351.745,3529.7837,1,96.20%,3.80%,6645
2331,2330,1491156,1474795,Risk 2 (Medium),60632,41.81237471,-87.7236084,1,1,0,Canvass,1985,PULASKI,437.7634,915.2939,823.982,2963.6846,1,96.20%,3.80%,6646
4260,4259,1325278,2003576,Risk 2 (Medium),60624,41.88057557,-87.72907779,1,1,1,Canvass,1914,MADISON,1710.3328,650.3619,234.4312,757.9747,1,96.20%,3.80%,6647
5629,5628,1434270,2172610,Risk 1 (High),60610,41.90382384,-87.62916036,1,1,1,Canvass,1930,DIVISION,287.3176,649.6227,183.4847,1412.0807,1,96.20%,3.80%,6648
4904,4903,1418471,2093797,Risk 2 (Medium),60660,41.98497175,-87.66970922,1,1,0,Canvass,1974,ASHLAND,640.6198,847.6228,446.7993,1825.8536,1,96.20%,3.80%,6649
7295,7294,1296895,2328402,Risk 2 (Medium),60643,41.67759107,-87.664479,1,1,0,License,2009,119TH,416.6717,1285.1342,1565.1039,5402.0044,1,96.20%,3.80%,6650
2832,2831,1447311,1649324,Risk 1 (High),60606,41.87856015,-87.63652387,1,1,1,Canvass,1974,WACKER,654.8356,1059.1697,672.0239,1236.4,1,96.20%,3.80%,6651
2728,2727,1473420,1619366,Risk 1 (High),60622,41.90977371,-87.67674794,1,1,1,Canvass,1906,MILWAUKEE,1056.2968,275.5587,170.9309,1268.9091,1,96.20%,3.80%,6652
2434,2433,1490378,1495009,Risk 1 (High),60632,41.82244969,-87.70434137,1,1,0,Canvass,1969,KEDZIE,181.5077,747.7117,659.3341,3264.6815,1,96.20%,3.80%,6653
1375,1374,1401365,63202,Risk 1 (High),60620,41.75009417,-87.675358,1,1,1,Canvass,1962,79TH,332.7674,487.4821,369.1558,1856.9782,1,96.20%,3.80%,6654
127,126,1493481,3814,Risk 2 (Medium),60617,41.73953307,-87.58585189,1,1,1,Complaint,1958,STONY,478.6105,579.2506,416.895,3278.1899,1,96.20%,3.80%,6655
4427,4426,1395438,2027441,Risk 1 (High),60622,41.89324989,-87.66735617,1,1,1,Canvass,1879,ASHLAND,121.6704,333.6099,353.5539,2280.3442,1,96.20%,3.80%,6656
1529,1528,1464421,79702,Risk 1 (High),60645,42.01933802,-87.68050926,1,1,0,Canvass,1930,HOWARD,541.2469,386.1549,476.6345,2327.5321,1,96.20%,3.80%,6657
2742,2741,1496228,1620442,Risk 1 (High),60617,41.75150375,-87.58543744,1,1,1,Canvass,2005,SOUTH,242.7295,499.5013,733.9733,2590.6134,1,96.20%,3.80%,6658
5370,5369,1453395,2142198,Risk 1 (High),60605,41.87148773,-87.62736964,1,1,1,Canvass,2009,S,371.4594,414.9869,790.5657,898.4478,1,96.21%,3.79%,6659
109,108,1424287,3663,Risk 1 (High),60630,41.96799424,-87.74064316,1,1,0,Canvass,1910,LAWRENCE,314.6117,528.285,529.6485,2485.0696,1,96.21%,3.79%,6660
4999,4998,1418408,2108371,Risk 1 (High),60659,41.99786101,-87.68860509,1,0,0,Canvass,1933,Devon,566.0972,349.3534,280.6413,2145.807,1,96.21%,3.79%,6661
2725,2724,1402039,1618579,Risk 1 (High),60642,41.89214682,-87.65793602,1,1,1,Complaint,1888,OGDEN,284.5769,315.5795,166.2429,2031.1547,1,96.21%,3.79%,6662
5400,5399,1434836,2146536,Risk 2 (Medium),60619,41.75821229,-87.61984215,1,1,1,Canvass,1921,75TH,583.2832,360.6078,369.2805,3386.5666,1,96.21%,3.79%,6663
1491,1490,1395643,75490,Risk 2 (Medium),60622,41.91060161,-87.67712004,1,1,1,Complaint,1909,NORTH,735.6382,245.5746,226.2234,1268.5948,1,96.21%,3.79%,6664
334,333,1490857,13468,Risk 2 (Medium),60632,41.82270063,-87.69043573,1,1,0,Canvass,1971,ARCHER,148.7491,557.5507,582.5738,3345.9211,1,96.21%,3.79%,6665
2601,2600,1385421,1576638,Risk 1 (High),60639,41.91729672,-87.75726362,1,1,0,Canvass,1955,GRAND,733.5875,356.1764,491.6512,1819.2297,1,96.21%,3.79%,6666
2318,2317,1488229,1473525,Risk 2 (Medium),60608,41.83660842,-87.66557057,1,1,0,Canvass,1989,ASHLAND,278.8422,637.1448,787.5766,3420.6838,1,96.21%,3.79%,6667
6495,6494,1395272,2283146,Risk 2 (Medium),60614,41.93221418,-87.6749872,1,1,0,License,2005,DIVERSEY,630.2438,446.9046,361.7264,1578.8469,1,96.21%,3.79%,6668
5401,5400,1395690,2146537,Risk 1 (High),60619,41.75821364,-87.61975561,1,1,1,Canvass,1921,75TH,317.0261,355.0412,377.9541,3391.7277,1,96.21%,3.79%,6669
1052,1051,1305610,40902,Risk 1 (High),60623,41.84417342,-87.72216918,1,1,1,Canvass,1904,26TH,230.7921,191.6213,709.83,1975.0381,1,96.21%,3.79%,6670
182,181,1418491,6539,Risk 2 (Medium),60660,41.99191242,-87.66047397,1,1,0,Canvass,1985,BROADWAY,161.1483,549.847,614.4095,1892.6286,1,96.22%,3.78%,6671
4538,4537,1441388,2048143,Risk 1 (High),60657,41.93443582,-87.64922023,1,1,0,Canvass,2005,HALSTED,123.0452,269.0805,137.0986,1630.3411,1,96.22%,3.78%,6672
3055,3054,1502156,1741650,Risk 2 (Medium),60614,41.92515701,-87.66011197,1,1,0,Canvass,2007,FULLERTON,191.1546,556.9019,343.4351,1765.1124,1,96.22%,3.78%,6673
6043,6042,1490733,2232992,Risk 1 (High),60603,41.88078401,-87.62922236,1,1,1,Canvass,2006,DEARBORN,280.5348,825.5177,386.3834,355.6335,1,96.22%,3.78%,6674
3680,3679,1228481,1909010,Risk 1 (High),60605,41.87169869,-87.62737565,1,1,1,Canvass,2009,State,370.8861,443.3549,809.6542,945.5844,1,96.22%,3.78%,6675
3168,3167,1434213,1799696,Risk 2 (Medium),60660,41.98438482,-87.66909931,1,1,0,Canvass,1974,CLARK,291.9176,922.9025,453.4803,1883.1418,1,96.23%,3.77%,6676
3238,3237,1447368,1816538,Risk 1 (High),60606,41.87767514,-87.63970129,1,1,1,Canvass,1989,CANAL,806.0656,650.6928,883.242,1235.7911,1,96.23%,3.77%,6677
4236,4235,1107038,2002631,Risk 1 (High),60640,41.96413022,-87.65462556,1,1,0,Canvass,1993,SHERIDAN,2158.7982,811.5746,473.2433,1988.9608,1,96.23%,3.77%,6678
2928,2927,1459924,1682228,Risk 1 (High),60618,41.96156203,-87.6794522,1,1,0,Canvass,1993,MONTROSE,201.0749,437.9722,618.9475,1815.2587,1,96.23%,3.77%,6679
513,512,1496642,22952,Risk 1 (High),60623,41.84429435,-87.71323173,1,1,1,Canvass,1902,26TH,445.3479,417.2528,766.0876,2229.8067,1,96.23%,3.77%,6680
1133,1132,1473636,44811,Risk 1 (High),60610,41.89150986,-87.6316332,1,1,1,Canvass,1998,GRAND,261.8492,481.7966,615.8968,707.4546,1,96.23%,3.77%,6681
5101,5100,1447459,2120452,Risk 1 (High),60661,41.87916454,-87.64223909,1,1,1,Canvass,1991,ADAMS,334.5011,726.0351,747.7892,972.3269,1,96.23%,3.77%,6682
4496,4495,1459457,2037325,Risk 1 (High),60625,41.96765093,-87.6875611,1,1,0,Canvass,2008,GIDDINGS,556.5824,568.9166,394.4679,1082.9243,1,96.23%,3.77%,6683
907,906,1447407,34514,Risk 1 (High),60606,41.87797514,-87.63842217,1,1,1,Canvass,1983,RIVERSIDE,578.4182,961.7385,725.1291,1164.9949,1,96.23%,3.77%,6684
3920,3919,1497269,1954116,Risk 2 (Medium),60639,41.9127695,-87.73634836,1,1,0,Canvass,1974,KOSTNER,169.2076,927.5892,619.0227,1884.2164,1,96.23%,3.77%,6685
3402,3401,1307548,1847608,Risk 1 (High),60629,41.79070412,-87.70362305,1,1,0,Complaint,1962,KEDZIE,453.4419,634.2404,295.1681,3368.4086,1,96.23%,3.77%,6686
6430,6429,1490450,2277924,Risk 1 (High),60632,41.79875026,-87.72346641,1,1,0,Canvass,1987,PULASKI,234.4893,748.4177,618.11,2889.5349,1,96.23%,3.77%,6687
1025,1024,1092898,39845,Risk 1 (High),60657,41.94332804,-87.67818416,1,1,0,Complaint,1974,ROSCOE,263.8566,288.2697,291.6793,2023.3367,1,96.23%,3.77%,6688
1795,1794,1493740,1145661,Risk 2 (Medium),60620,41.73593237,-87.64580479,1,1,1,Canvass,1989,87TH,373.1552,425.8645,337.0748,1873.0051,1,96.24%,3.76%,6689
6412,6411,1473916,2277360,Risk 1 (High),60629,41.77865394,-87.71590458,1,1,0,Canvass,1955,63RD,202.1348,577.4588,573.3995,3800.0336,1,96.24%,3.76%,6690
4930,4929,1439246,2097901,Risk 1 (High),60611,41.89326515,-87.62181212,1,1,1,Canvass,1959,ONTARIO,395.0978,625.3303,329.6974,1288.1101,1,96.24%,3.76%,6691
6059,6058,1473835,2233277,Risk 1 (High),60614,41.91427574,-87.65442049,1,1,0,Canvass,2005,CLYBOURN,402.7293,429.2228,342.7376,2051.5271,1,96.24%,3.76%,6692
2232,2231,1396057,1423731,Risk 1 (High),60647,41.91190692,-87.6776443,1,1,1,Complaint,1899,DAMEN,0,336.8606,194.5244,1444.8315,1,96.24%,3.76%,6693
3625,3624,1435125,1899172,Risk 1 (High),60651,41.89539165,-87.73068265,1,1,0,Canvass,1953,CHICAGO,158.2486,340.5171,119.6699,2016.8921,1,96.24%,3.76%,6694
4797,4796,1497458,2083467,Risk 2 (Medium),60637,41.78409362,-87.59044512,1,1,0,Canvass,2005,BLACKSTONE,550.7933,409.2524,620.8515,4477.2008,1,96.24%,3.76%,6695
318,317,1460129,12587,Risk 1 (High),60622,41.88983286,-87.66216783,1,1,1,Canvass,1879,HUBBARD,1723.5385,477.8536,364.8392,2533.6352,1,96.24%,3.76%,6696
3061,3060,1498056,1742248,Risk 2 (Medium),60603,41.88084496,-87.62859104,1,1,1,Canvass,2006,MONROE,262.2077,768.2737,442.3251,491.9761,1,96.25%,3.75%,6697
1082,1081,1418479,42510,Risk 1 (High),60660,41.99117446,-87.67265327,1,1,1,Canvass,1893,RIDGE,98.4091,469.9614,357.0692,1079.5225,1,96.25%,3.75%,6698
6141,6140,1490677,2246437,Risk 2 (Medium),60647,41.92974419,-87.70874482,1,1,1,Canvass,1900,MILWAUKEE,144.7562,391.4645,451.5346,1165.0178,1,96.25%,3.75%,6699
295,294,1387563,11696,Risk 1 (High),60619,41.73652031,-87.60618645,1,1,1,Canvass,1992,87TH,310.8319,283.2376,671.3035,2759.0525,1,96.25%,3.75%,6700
3294,3293,1490537,1820903,Risk 2 (Medium),60601,41.88561898,-87.62616146,1,1,1,Canvass,1927,LAKE,134.7302,575.9135,278.6591,1908.2256,1,96.25%,3.75%,6701
5135,5134,1474095,2124458,Risk 1 (High),60647,41.92986823,-87.70848378,1,1,1,Canvass,1900,MILWAUKEE,310.9548,393.9375,446.5872,1172.8685,1,96.25%,3.75%,6702
4895,4894,1464224,2093440,Risk 1 (High),60645,41.99849462,-87.69005307,1,1,0,Canvass,1933,WESTERN,485.417,329.7429,388.5359,2333.8598,1,96.25%,3.75%,6703
7000,6999,1459627,2309164,Risk 2 (Medium),60622,41.89605275,-87.66161251,1,1,1,License,1889,CHICAGO,1089.2479,413.9436,244.9129,2130.8926,1,96.25%,3.75%,6704
3393,3392,1434805,1847182,Risk 1 (High),60660,41.99069507,-87.66944918,1,1,1,Canvass,1926,ELMDALE,379.5179,565.6061,593.546,751.6698,1,96.25%,3.75%,6705
4216,4215,1497723,1998005,Risk 2 (Medium),60612,41.88543499,-87.66708806,1,1,1,Canvass,1931,Lake,340.999,1244.3998,1137.5024,2284.6618,1,96.25%,3.75%,6706
1953,1952,1496661,1249542,Risk 2 (Medium),60618,41.93979019,-87.71266666,1,1,0,Canvass,1967,KIMBALL,234.177,812.343,561.9914,2070.0259,1,96.25%,3.75%,6707
1432,1431,1490242,68790,Risk 2 (Medium),60610,41.90274617,-87.62861376,1,1,1,Canvass,1961,STATE,717.6491,536.8041,290.1061,1069.5357,1,96.25%,3.75%,6708
4036,4035,1447394,1970116,Risk 1 (High),60606,41.87801092,-87.63705852,1,1,1,Canvass,1971,WACKER,585.2946,1120.6296,567.0728,1275.152,1,96.26%,3.74%,6709
1017,1016,1434823,39472,Risk 1 (High),60654,41.89333774,-87.6312445,1,1,1,Complaint,1985,ONTARIO,304.848,539.7678,828.6449,1262.6331,1,96.26%,3.74%,6710
3032,3031,1496461,1739693,Risk 1 (High),60649,41.75663165,-87.57594788,1,1,1,Canvass,1961,JEFFERY,515.1261,404.2869,266.5362,3131.0139,1,96.26%,3.74%,6711
1401,1400,1490734,65376,Risk 1 (High),60654,41.89023675,-87.64442683,1,1,1,Canvass,1969,HUBBARD,115.2573,699.4129,645.4168,1208.469,1,96.26%,3.74%,6712
249,248,1324979,9154,Risk 1 (High),60612,41.87707754,-87.7058603,1,1,1,Canvass,1909,KEDZIE,822.4805,778.0214,941.1099,2129.9973,1,96.26%,3.74%,6713
1186,1185,1493213,47876,Risk 1 (High),60613,41.9585509,-87.65352005,1,1,1,Canvass,1911,BUENA,583.1648,458.4789,292.1572,1242.719,1,96.26%,3.74%,6714
3047,3046,1401993,1740710,Risk 1 (High),60632,41.79324189,-87.73112789,1,1,0,Canvass,1929,55TH,122.0782,452.5968,498.5197,3951.527,1,96.26%,3.74%,6715
1902,1901,1418268,1226628,Risk 1 (High),60659,41.99787482,-87.68784769,1,1,0,Canvass,1941,DEVON,145.4029,451.5392,228.3185,2009.6749,1,96.26%,3.74%,6716
1832,1831,1115237,1169446,Risk 1 (High),60652,41.73811752,-87.72169161,1,1,0,Canvass,1958,PULASKI,549.7935,581.399,531.173,4056.1062,1,96.26%,3.74%,6717
2303,2302,1491040,1473482,Risk 2 (Medium),60632,41.82581137,-87.68534421,1,1,0,Complaint,1966,ARCHER,574.7166,974.4111,680.3844,3692.8951,1,96.26%,3.74%,6718
1301,1300,1464221,56159,Risk 1 (High),60645,42.01418203,-87.69008399,1,1,0,Canvass,1962,WESTERN,327.9233,631.5064,873.2833,2168.8176,1,96.26%,3.74%,6719
4625,4624,1441333,2060545,Risk 1 (High),60657,41.94674201,-87.64961475,1,1,1,Complaint,1901,HALSTED,2563.2513,424.9557,499.5579,1952.2238,1,96.26%,3.74%,6720
787,786,1453460,32359,Risk 1 (High),60607,41.86933228,-87.65510679,1,1,1,Canvass,1869,TAYLOR,525.938,742.7194,524.5249,3201.7397,1,96.27%,3.73%,6721
7302,7301,1464286,2328550,Risk 1 (High),60626,42.00262823,-87.67232835,1,1,0,License,1953,CLARK,485.201,444.5444,127.1622,1836.0269,1,96.27%,3.73%,6722
3299,3298,1385221,1821281,Risk 2 (Medium),60639,41.91664394,-87.75257861,1,1,0,Canvass,1973,GRAND,326.4497,467.0077,320.9919,1410.0429,1,96.27%,3.73%,6723
3965,3964,1464461,1963402,Risk 1 (High),60626,42.01948985,-87.67205667,1,1,0,Canvass,1928,HOWARD,327.5006,809.6888,803.8623,2968.4898,1,96.27%,3.73%,6724
169,168,1391403,6344,Risk 1 (High),60660,41.99759056,-87.66063912,1,1,0,Complaint,1985,BROADWAY,498.32,811.7483,336.0622,1613.752,1,96.27%,3.73%,6725
4606,4605,1329676,2059628,Risk 1 (High),60639,41.92409327,-87.76577412,1,1,0,Canvass,1931,FULLERTON,183.9716,741.6209,538.6005,2264.4395,1,96.27%,3.73%,6726
5278,5277,1473648,2134785,Risk 1 (High),60632,41.79380306,-87.69365621,1,1,0,Canvass,2005,55TH,343.597,443.2554,303.2478,2692.4924,1,96.27%,3.73%,6727
3645,3644,1401311,1903978,Risk 1 (High),60654,41.88874161,-87.63236505,1,1,1,Canvass,2001,LA,767.089,302.5912,619.5768,790.5768,1,96.27%,3.73%,6728
5756,5755,1418483,2189285,Risk 1 (High),60660,41.98352604,-87.65931794,1,1,1,Canvass,1914,BRYN,814.0703,544.986,623.1278,1298.2615,1,96.27%,3.73%,6729
4379,4378,1474063,2021170,Risk 1 (High),60629,41.77860716,-87.71888742,1,1,0,Canvass,1952,63RD,614.5994,699.7955,776.5003,4150.0621,1,96.27%,3.73%,6730
5328,5327,1199639,2138252,Risk 1 (High),60614,41.93274653,-87.65392873,1,1,1,Canvass,1916,1002,477.0654,450.309,337.2545,1464.4633,1,96.28%,3.72%,6731
2397,2396,1107050,1491355,Risk 2 (Medium),60640,41.9654799,-87.65950777,1,1,0,Canvass,2006,WILSON,114.5676,571.2446,447.5665,1652.6263,1,96.28%,3.72%,6732
4316,4315,1402042,2009382,Risk 1 (High),60654,41.88906874,-87.63312817,1,1,1,Canvass,1989,KINZIE,407.574,314.7352,539.9774,916.8957,1,96.28%,3.72%,6733
3273,3272,1459398,1817753,Risk 1 (High),60622,41.91220413,-87.67718869,1,1,1,Canvass,1904,WABANSIA,107.421,286.0496,264.4272,1511.7133,1,96.28%,3.72%,6734
4623,4622,1402058,2060444,Risk 2 (Medium),60610,41.90268671,-87.62828448,1,1,1,Canvass,1961,STATE,435.943,527.9148,266.5375,1084.7613,1,96.28%,3.72%,6735
6323,6322,1155222,2263375,Risk 1 (High),60622,41.89577762,-87.69430044,1,1,0,Canvass,2007,CHICAGO,586.8395,612.3773,552.565,1983.8405,1,96.28%,3.72%,6736
5047,5046,1155233,2114256,Risk 1 (High),60622,41.90307675,-87.67752782,1,1,1,Canvass,1908,DIVISION,296.9337,266.0158,78.6903,1307.6926,1,96.28%,3.72%,6737
208,207,1307585,7332,Risk 1 (High),60629,41.76080612,-87.70251735,1,1,0,Canvass,1957,KEDZIE,741.3827,444.7325,218.7679,3804.4171,1,96.28%,3.72%,6738
5665,5664,1480288,2177985,Risk 2 (Medium),60623,41.84408464,-87.70517689,1,1,1,Canvass,1904,KEDZIE,223.2281,417.9446,714.4568,2332.3367,1,96.28%,3.72%,6739
1475,1474,1473775,73985,Risk 1 (High),60632,41.79358358,-87.69364941,1,1,0,Canvass,2006,55TH,1411.5134,415.449,280.0003,2715.6894,1,96.28%,3.72%,6740
3197,3196,1496399,1801595,Risk 2 (Medium),60652,41.74447217,-87.72160213,1,1,0,Canvass,2007,PULASKI,1198.4791,325.8487,708.2214,3304.7428,1,96.28%,3.72%,6741
480,479,1372488,21539,Risk 1 (High),60607,41.86960863,-87.65171626,1,1,1,Canvass,1888,TAYLOR,227.9867,1207.5626,884.5014,3278.1994,1,96.29%,3.71%,6742
3211,3210,1395536,1803050,Risk 1 (High),60601,41.88436188,-87.63316454,1,1,1,Canvass,1926,RANDOLPH,375.1174,295.8029,155.0478,1808.1045,1,96.29%,3.71%,6743
3637,3636,1493587,1903311,Risk 1 (High),60603,41.87938999,-87.62692005,1,1,1,Canvass,1990,ADAMS,982.0709,561.5029,345.2632,867.7366,1,96.29%,3.71%,6744
3871,3870,1325092,1947441,Risk 1 (High),60647,41.91009811,-87.71716587,1,1,0,Canvass,1912,NORTH,764.6739,261.307,257.701,3185.1266,1,96.29%,3.71%,6745
4340,4339,1498057,2013819,Risk 1 (High),60607,41.86927518,-87.65878741,1,1,0,Canvass,2008,TAYLOR,289.8205,512.0982,812.3858,3011.8704,1,96.29%,3.71%,6746
1101,1100,1358292,43518,Risk 1 (High),60608,41.85532909,-87.66314792,1,1,1,Canvass,1889,BLUE,266.1713,635.9784,542.2563,2887.4227,1,96.29%,3.71%,6747
4713,4712,1408238,2069556,Risk 2 (Medium),60647,41.91810712,-87.6973653,0,1,1,Canvass,1904,California,478.6105,321.5515,252.5551,1219.9809,1,96.29%,3.71%,6748
6845,6844,1490693,2304206,Risk 1 (High),60641,41.953335,-87.74486146,1,0,0,License,1944,IRVING,220.7363,945.3661,999.5067,2582.8078,1,96.29%,3.71%,6749
5112,5111,1307686,2120806,Risk 1 (High),60629,41.76035641,-87.70236441,1,1,0,Canvass,1953,KEDZIE,315.9997,551.0441,198.4605,3871.3253,1,96.30%,3.70%,6750
4401,4400,1395484,2026344,Risk 1 (High),60651,41.9081776,-87.74621519,1,1,0,Canvass,2006,CICERO,349.7181,605.6067,552.3465,1225.7433,1,96.30%,3.70%,6751
2827,2826,1493707,1649295,Risk 1 (High),60610,41.90244229,-87.62819416,1,1,1,Canvass,1965,STATE,392.4881,529.3246,245.8819,1016.7609,1,96.30%,3.70%,6752
6906,6905,1498111,2307911,Risk 1 (High),60641,41.95251856,-87.74743973,1,0,0,License,1914,CICERO,381.7462,605.1094,591.3963,2714.0898,1,96.30%,3.70%,6753
6529,6528,1418463,2283957,Risk 2 (Medium),60660,41.99786429,-87.66065828,1,1,0,Canvass,1995,BROADWAY,433.6098,774.5657,403.7603,1541.5296,1,96.30%,3.70%,6754
5758,5757,1325157,2189297,Risk 1 (High),60647,41.91118819,-87.67849329,1,1,1,Canvass,1909,MILWAUKEE,122.0894,374.9745,148.7352,1298.6754,1,96.30%,3.70%,6755
446,445,1464450,19578,Risk 2 (Medium),60626,42.00862563,-87.67402715,1,1,0,Canvass,1988,CLARK,1090.4217,796.7106,211.5652,1203.6615,1,96.30%,3.70%,6756
2055,2054,1474110,1306130,Risk 1 (High),60629,41.77883652,-87.71836139,1,0,0,Canvass,1960,63RD,114.5676,659.8934,838.3465,4095.47,1,96.30%,3.70%,6757
6748,6747,1515338,2298688,Risk 2 (Medium),60651,41.90230475,-87.76065826,1,1,0,Canvass,2008,DIVISION,285.6144,298.4004,372.7625,858.7745,1,96.30%,3.70%,6758
5288,5287,1199554,2137154,Risk 2 (Medium),60614,41.91524999,-87.63429327,1,1,0,Canvass,2006,CLARK,199.9352,801.7087,234.6054,2241.8418,1,96.30%,3.70%,6759
6905,6904,1497673,2307910,Risk 1 (High),60641,41.95251856,-87.74743973,1,1,0,License,1914,CICERO,240.5239,605.1094,591.3963,2714.0898,1,96.30%,3.70%,6760
2471,2470,1325232,1515517,Risk 2 (Medium),60624,41.86644737,-87.71149959,1,1,1,Canvass,1923,ROOSEVELT,186.3033,337.7251,438.186,1357.513,1,96.30%,3.70%,6761
854,853,1512658,34128,Risk 2 (Medium),60632,41.79359089,-87.69322808,1,1,0,Canvass,2006,55TH,384.3598,390.8176,244.2953,2676.7127,1,96.30%,3.70%,6762
607,606,1493312,25125,Risk 1 (High),60641,41.95317844,-87.75780442,1,1,0,Canvass,1936,IRVING,661.6622,1105.6218,640.0427,2170.0582,1,96.30%,3.70%,6763
4944,4943,1325143,2098830,Risk 1 (High),60647,41.91034562,-87.67906658,1,1,1,Canvass,1923,NORTH,272.8776,442.387,259.5992,1158.6215,1,96.30%,3.70%,6764
3514,3513,1497350,1879922,Risk 2 (Medium),60622,41.89620682,-87.66574338,1,1,1,Canvass,1892,CHICAGO,494.086,300.4129,40.2928,1860.4541,1,96.30%,3.70%,6765
1063,1062,1296790,41587,Risk 1 (High),60643,41.69210916,-87.68131144,1,1,0,Canvass,1954,WESTERN,73.0518,414.3833,1106.3849,5882.1684,1,96.30%,3.70%,6766
5755,5754,1464260,2189108,Risk 1 (High),60626,42.00499183,-87.66101659,1,1,0,Canvass,1974,Sheridan,226.6374,385.1194,325.7156,1842.3333,1,96.30%,3.70%,6767
3938,3937,1493640,1959151,Risk 2 (Medium),60647,41.92331313,-87.67767532,1,1,0,Canvass,2007,DAMEN,288.2914,751.4642,392.2446,1782.9214,1,96.31%,3.69%,6768
5202,5201,1493408,2129684,Risk 1 (High),60618,41.95354001,-87.72747981,1,1,0,Canvass,1921,IRVING,320.0742,418.2756,176.2501,2359.9791,1,96.31%,3.69%,6769
4925,4924,1401596,2094329,Risk 1 (High),60614,41.91498953,-87.65499361,1,1,0,Canvass,2005,CLYBOURN,104.0043,433.3162,436.5482,2270.9769,1,96.31%,3.69%,6770
3126,3125,1307283,1769881,Risk 2 (Medium),60629,41.78534019,-87.70317432,1,1,0,Canvass,1990,KEDZIE,459.897,239.99,332.1577,3080.5879,1,96.31%,3.69%,6771
1843,1842,1329709,1172336,Risk 1 (High),60639,41.9093526,-87.75879995,1,1,0,Canvass,2006,North,159.3509,346.6508,317.6853,803.7498,1,96.31%,3.69%,6772
3182,3181,1199426,1800576,Risk 1 (High),60661,41.8793928,-87.64162618,1,1,1,Canvass,2005,ADAMS,413.2852,782.4492,749.68,854.292,1,96.31%,3.69%,6773
5700,5699,1464251,2183957,Risk 1 (High),60645,42.01935461,-87.68254052,1,1,0,Canvass,1940,HOWARD,262.2263,281.6443,613.4376,2476.2455,1,96.31%,3.69%,6774
6711,6710,1391379,2294316,Risk 3 (Low),60626,42.01256119,-87.67477437,1,1,0,License,1997,CLARK,313.6513,864.5165,744.0527,1598.3663,1,96.31%,3.69%,6775
6500,6499,1493853,2283248,Risk 2 (Medium),60647,41.931466,-87.68656176,1,1,0,Canvass,2007,ELSTON,749.8929,784.8284,438.6863,1668.697,1,96.31%,3.69%,6776
3263,3262,1418417,1817165,Risk 1 (High),60659,41.99746728,-87.69339032,1,1,0,Canvass,1929,MAPLEWOOD,636.1728,511.6641,362.4122,2466.2345,1,96.31%,3.69%,6777
4913,4912,1199512,2094011,Risk 2 (Medium),60661,41.8793928,-87.64162618,1,1,1,Canvass,2005,ADAMS,318.4096,782.4492,749.68,854.292,1,96.31%,3.69%,6778
6690,6689,1464422,2293964,Risk 1 (High),60626,42.01256119,-87.67477437,1,1,0,Canvass,1997,CLARK,221.9163,864.5165,744.0527,1598.3663,1,96.31%,3.69%,6779
3016,3015,1474137,1737682,Risk 2 (Medium),60609,41.79893754,-87.68351638,1,1,1,Canvass,2005,52ND,250.1274,469.0671,834.2165,1189.1969,1,96.31%,3.69%,6780
3033,3032,1447376,1739787,Risk 1 (High),60606,41.88107024,-87.63395142,1,1,1,Canvass,1973,WELLS,328.0662,464.9388,352.4892,1144.5927,1,96.31%,3.69%,6781
3088,3087,1387807,1766349,Risk 2 (Medium),60619,41.76548541,-87.62183435,1,1,1,Complaint,1956,MICHIGAN,142.946,213.4694,186.599,2565.0214,1,96.31%,3.69%,6782
4098,4097,1152107,1980002,Risk 1 (High),60637,41.7906921,-87.60479458,1,1,1,Canvass,2005,MARYLAND,380.5322,2007.7266,2289.5072,3951.4828,1,96.31%,3.69%,6783
2919,2918,1480232,1680612,Risk 1 (High),60623,41.84437332,-87.72226067,1,1,1,Canvass,1914,SPRINGFIELD,384.6127,176.08,694.0152,1967.9811,1,96.31%,3.69%,6784
2040,2039,1497294,1303139,Risk 2 (Medium),60647,41.92543764,-87.70171445,1,1,0,Canvass,1989,MILWAUKEE,412.8497,617.3389,342.0506,1788.5845,1,96.32%,3.68%,6785
3980,3979,1493843,1964125,Risk 1 (High),60618,41.95967221,-87.68246201,1,1,0,Canvass,2006,LINCOLN,729.5351,831.6576,903.2623,2039.5162,1,96.32%,3.68%,6786
4297,4296,1401435,2008711,Risk 2 (Medium),60642,41.89625011,-87.66295411,1,1,0,Canvass,2007,CHICAGO,276.4672,452.0531,199.2207,2047.3907,1,96.32%,3.68%,6787
4329,4328,1441441,2013337,Risk 2 (Medium),60657,41.94571076,-87.646435,1,1,0,Canvass,2006,BROADWAY,511.7498,125.9675,417.3487,2113.4047,1,96.32%,3.68%,6788
1479,1478,1345798,74498,Risk 1 (High),60659,41.99756039,-87.69339451,1,1,0,Complaint,1929,DEVON,635.5694,511.9316,355.9865,2476.9381,1,96.32%,3.68%,6789
680,679,1490420,28113,Risk 2 (Medium),60641,41.95231019,-87.7474337,1,1,0,Canvass,1913,CICERO,298.7231,643.2504,571.8054,2756.1294,1,96.32%,3.68%,6790
4255,4254,1459405,2003381,Risk 1 (High),60642,41.90372548,-87.66247406,1,1,1,Canvass,1911,NOBLE,1559.4816,254.7416,466.5189,2036.3819,1,96.32%,3.68%,6791
5449,5448,1325149,2151983,Risk 1 (High),60647,41.91079711,-87.6773247,1,1,1,Canvass,1921,DAMEN,343.1146,261.9838,261.0971,1276.3567,1,96.32%,3.68%,6792
2546,2545,1497058,1546658,Risk 2 (Medium),60609,41.82954388,-87.68028914,1,1,0,Canvass,1965,LEAVITT,226.4538,641.1734,429.2409,3587.0662,1,96.32%,3.68%,6793
6468,6467,1491154,2278969,Risk 1 (High),60647,41.91974058,-87.69194758,1,1,1,Canvass,1899,MILWAUKEE,77.4548,605.4471,633.1336,1862.5707,1,96.32%,3.68%,6794
3916,3915,1447280,1954012,Risk 1 (High),60606,41.88562155,-87.63480049,1,1,1,Canvass,1929,LAKE,643.4751,342.369,373.3407,2062.6496,1,96.33%,3.67%,6795
1478,1477,1418397,74496,Risk 1 (High),60659,41.99756426,-87.69314156,1,1,0,Canvass,1929,DEVON,82.3122,489.655,360.2288,2479.2048,1,96.33%,3.67%,6796
433,432,1447332,18973,Risk 1 (High),60607,41.86942476,-87.6631888,1,1,1,Canvass,1871,TAYLOR,259.0322,462.2508,518.2887,3175.8911,1,96.33%,3.67%,6797
2932,2931,1490707,1682552,Risk 1 (High),60603,41.88193667,-87.62925348,1,1,1,Canvass,2005,DEARBORN,297.7689,740.7491,503.4817,734.4431,1,96.33%,3.67%,6798
4903,4902,1395758,2093769,Risk 1 (High),60640,41.9626485,-87.65587661,1,1,0,Canvass,2010,BROADWAY,233.5915,865.6673,297.7494,1557.1384,1,96.33%,3.67%,6799
1939,1938,1473783,1247087,Risk 1 (High),60622,41.90924319,-87.67591866,1,1,1,Canvass,1926,MILWAUKEE,566.0367,245.5988,355.0899,1340.6276,1,96.33%,3.67%,6800
5144,5143,1473594,2124780,Risk 1 (High),60622,41.91059896,-87.67722751,1,1,1,Canvass,1921,NORTH,163.7485,247.4624,243.2864,1263.1393,1,96.33%,3.67%,6801
4193,4192,1496504,1992060,Risk 1 (High),60654,41.89105524,-87.62789763,1,1,1,Canvass,2010,STATE,542.978,135.2356,562.7077,689.62,1,96.33%,3.67%,6802
7487,7486,1471386,2342399,Risk 1 (High),60634,41.95687429,-87.76727186,1,1,0,License,1953,Central,324.8702,963.3935,1112.0781,2277.0186,1,96.33%,3.67%,6803
6718,6717,1307461,2294418,Risk 1 (High),60621,41.7687117,-87.64557778,1,1,0,Canvass,1996,69TH,406.0692,297.603,255.7407,3823.3507,1,96.33%,3.67%,6804
3997,3996,1496627,1968626,Risk 2 (Medium),60613,41.95442502,-87.65132402,1,1,0,Canvass,2006,IRVING,838.8912,592.804,358.4818,1898.8806,1,96.33%,3.67%,6805
4002,4001,1385216,1968756,Risk 1 (High),60639,41.92556675,-87.75634698,1,1,0,Canvass,1928,LARAMIE,352.7172,463.6554,341.02,2348.7489,1,96.33%,3.67%,6806
3709,3708,1494233,1910118,Risk 1 (High),60623,41.85195988,-87.69953768,1,1,1,Canvass,1919,CERMAK,249.9828,595.6248,208.1474,1513.1099,1,96.33%,3.67%,6807
3722,3721,1387361,1914449,Risk 1 (High),60619,41.75846743,-87.6179738,1,1,1,Canvass,1929,75TH,259.5342,195.4113,389.6565,3522.4379,1,96.33%,3.67%,6808
7414,7413,1464338,2340940,Risk 1 (High),60645,41.99805573,-87.68608962,1,1,0,License,1962,BELL,848.8126,316.9455,147.2478,1695.9535,1,96.33%,3.67%,6809
2255,2254,1473443,1444674,Risk 1 (High),60641,41.96036019,-87.75406627,1,1,0,Canvass,1934,MILWAUKEE,76.9448,449.5169,659.3448,2300.6014,1,96.33%,3.67%,6810
7241,7240,1307414,2327115,Risk 2 (Medium),60629,41.78624118,-87.71077772,1,1,0,License,1969,59TH,608.3933,369.7255,427.8119,3564.6795,1,96.33%,3.67%,6811
6476,6475,1434695,2279084,Risk 1 (High),60660,41.98992503,-87.65943958,1,1,0,Canvass,1990,THORNDALE,490.0055,800.0565,379.3112,1784.6034,1,96.33%,3.67%,6812
3632,3631,1385491,1903007,Risk 2 (Medium),60639,41.92399632,-87.75620397,1,1,0,Canvass,1953,FULLERTON,828.4667,567.7269,490.2958,2052.03,1,96.33%,3.67%,6813
2200,2199,1325071,1382290,Risk 1 (High),60647,41.9132839,-87.67738028,1,1,0,Complaint,2006,DAMEN,546.295,564.8295,212.3114,1771.1522,1,96.33%,3.67%,6814
449,448,1372538,19903,Risk 1 (High),60601,41.88670967,-87.62930303,1,1,1,Canvass,1988,WACKER,417.9044,416.0697,615.2233,1213.9624,1,96.33%,3.67%,6815
313,312,1494096,12475,Risk 1 (High),60618,41.95958202,-87.68239844,1,1,0,Canvass,2006,LINCOLN,231.1359,823.9444,879.7799,2032.8925,1,96.33%,3.67%,6816
5845,5844,1435079,2196948,Risk 1 (High),60642,41.89623436,-87.66401079,1,1,1,Canvass,1892,CHICAGO,752.7029,464.0902,66.4924,1980.1799,1,96.33%,3.67%,6817
3807,3806,1501262,1933518,Risk 2 (Medium),60625,41.96864141,-87.69872462,1,1,0,Canvass,2008,LAWRENCE,1068.9717,866.7521,548.7075,1332.2113,1,96.34%,3.66%,6818
1600,1599,1460054,1000774,Risk 1 (High),60618,41.94834586,-87.68815549,1,1,1,Canvass,1912,WESTERN,315.701,527.1853,608.2259,1390.1998,1,96.34%,3.66%,6819
1841,1840,1401763,1172093,Risk 1 (High),60615,41.79492107,-87.59985203,1,1,1,Canvass,1960,55TH,54.4199,747.1359,815.8381,3262.3283,1,96.34%,3.66%,6820
1154,1153,1490248,46110,Risk 1 (High),60613,41.95683199,-87.65183309,1,1,1,Canvass,1916,BROADWAY,1631.3735,672.7483,399.944,1506.7292,1,96.34%,3.66%,6821
3492,3491,1329728,1875462,Risk 1 (High),60639,41.92399496,-87.75628276,1,1,0,Canvass,1953,FULLERTON,338.1075,569.2774,497.3288,2056.5149,1,96.34%,3.66%,6822
1901,1900,1464273,1226532,Risk 1 (High),60626,42.02080848,-87.67293355,1,1,0,Canvass,1921,PAULINA,117.105,651.4922,752.4552,3188.2769,1,96.34%,3.66%,6823
5508,5507,1401408,2153458,Risk 1 (High),60615,41.80197766,-87.61723309,0,1,1,Canvass,1968,E,780.6899,445.6122,638.6711,2651.4175,1,96.34%,3.66%,6824
2080,2079,1402114,1332616,Risk 2 (Medium),60608,41.86518876,-87.66646924,1,1,0,Complaint,2005,13TH,398.3209,955.2221,862.9713,3163.5856,1,96.35%,3.65%,6825
7229,7228,1459266,2326936,Risk 1 (High),60642,41.89098418,-87.65612123,1,1,1,License,1919,GRAND,798.2572,343.7256,40.5654,1586.9903,1,96.35%,3.65%,6826
272,271,1418264,10240,Risk 1 (High),60659,41.99038358,-87.69031849,1,1,0,Canvass,1967,PETERSON,190.1971,727.2412,372.5188,1855.7546,1,96.35%,3.65%,6827
7716,7715,1502011,2359849,Risk 1 (High),60622,41.90618801,-87.67719932,0,0,1,License,1909,DAMEN,219.0748,239.1337,500.7608,1902.9069,1,96.35%,3.65%,6828
7782,7781,1418649,2363978,Risk 1 (High),60659,41.99520237,-87.68965321,1,1,0,License,1928,WESTERN,129.4587,414.3066,151.4798,2370.703,1,96.35%,3.65%,6829
1435,1434,1493553,69016,Risk 1 (High),60638,41.77692357,-87.76153685,1,1,0,Canvass,1942,CENTRAL,343.9915,442.451,166.1504,3237.6457,1,96.35%,3.65%,6830
7715,7714,1502009,2359848,Risk 1 (High),60622,41.90618801,-87.67719932,0,1,1,License,1909,DAMEN,165.0458,239.1337,500.7608,1902.9069,1,96.35%,3.65%,6831
5190,5189,1459333,2129336,Risk 1 (High),60660,41.98992607,-87.65935926,1,1,0,Canvass,1990,THORNDALE,58.4027,787.9931,382.1289,1806.2933,1,96.35%,3.65%,6832
2773,2772,1473936,1622996,Risk 1 (High),60642,41.89579624,-87.6549536,1,1,1,Canvass,1925,MILWAUKEE,535.5523,740.5684,574.7218,2040.9763,1,96.35%,3.65%,6833
3720,3719,1307491,1914396,Risk 1 (High),60621,41.77986317,-87.64452788,1,1,1,Canvass,2005,63RD,857.624,1052.462,808.2877,1922.2174,1,96.35%,3.65%,6834
4341,4340,1453264,2013854,Risk 1 (High),60605,41.86539976,-87.62593557,1,1,1,Canvass,1937,WABASH,562.4719,220.6358,156.1227,2008.9553,1,96.35%,3.65%,6835
4394,4393,1418312,2022304,Risk 1 (High),60659,41.99514594,-87.68965136,1,1,0,Canvass,1928,WESTERN,269.7243,413.0248,138.2538,2371.023,1,96.35%,3.65%,6836
5573,5572,1496764,2158668,Risk 1 (High),60614,41.92526597,-87.66779312,1,1,1,Canvass,1900,FULLERTON,238.9343,482.5868,334.1634,1826.6867,1,96.35%,3.65%,6837
4054,4053,1447509,1974806,Risk 2 (Medium),60606,41.88190275,-87.63516406,1,1,1,Canvass,1958,FRANKLIN,233.2817,400.2072,344.4162,1504.2771,1,96.35%,3.65%,6838
2139,2138,1459972,1355251,Risk 1 (High),60622,41.91062281,-87.67576194,1,1,1,Canvass,1916,NORTH,254.8662,351.8439,162.0625,1339.3423,1,96.35%,3.65%,6839
5926,5925,1325110,2203552,Risk 1 (High),60647,41.91500001,-87.67770693,1,1,0,Canvass,2007,DAMEN,257.2973,544.4853,348.8081,1925.9893,1,96.35%,3.65%,6840
6508,6507,1471257,2283409,Risk 1 (High),60647,41.92317867,-87.6981471,1,1,0,License,2007,BELDEN,959.1317,484.2765,263.18,1511.0035,1,96.36%,3.64%,6841
2338,2337,1490683,1475713,Risk 2 (Medium),60608,41.86674938,-87.66846405,1,1,0,Complaint,2005,ROOSEVELT,744.5019,981.0927,907.7477,3210.1123,1,96.36%,3.64%,6842
2122,2121,1345849,1351624,Risk 1 (High),60659,41.99057771,-87.69505159,1,1,0,Canvass,1925,PETERSON,307.5619,600.6789,56.3268,2305.2447,1,96.36%,3.64%,6843
2643,2642,1325213,1592201,Risk 1 (High),60647,41.9169095,-87.67744943,1,1,0,Canvass,2006,DAMEN,398.5606,294.1112,147.6682,1721.503,1,96.36%,3.64%,6844
1162,1161,1453440,46666,Risk 1 (High),60607,41.8692309,-87.66156177,1,1,1,Canvass,1889,TAYLOR,342.9296,326.4365,619.9178,3037.0717,1,96.36%,3.64%,6845
391,390,1512615,17038,Risk 2 (Medium),60641,41.95312399,-87.7627319,1,1,0,Canvass,1929,IRVING,1375.7947,558.2924,561.7737,2343.1895,1,96.36%,3.64%,6846
3640,3639,1307497,1903531,Risk 1 (High),60621,41.77986317,-87.64452788,1,1,1,Canvass,2005,63RD,374.5839,1052.462,808.2877,1922.2174,1,96.36%,3.64%,6847
7518,7517,1493621,2349184,Risk 1 (High),60625,41.96845371,-87.69470467,1,0,0,License,1987,LAWRENCE,845.8738,710.5308,155.7743,1398.039,1,96.36%,3.64%,6848
3639,3638,1307494,1903527,Risk 1 (High),60621,41.77986317,-87.64452788,1,1,1,Canvass,2005,63RD,285.5625,1052.462,808.2877,1922.2174,1,96.36%,3.64%,6849
5064,5063,1307492,2114756,Risk 1 (High),60621,41.77986317,-87.64452788,1,1,1,Canvass,2005,63RD,269.3617,1052.462,808.2877,1922.2174,1,96.36%,3.64%,6850
1933,1932,1435099,1245673,Risk 1 (High),60625,41.96845247,-87.69487468,1,1,0,Canvass,1987,LAWRENCE,609.48,722.1838,199.5581,1440.6492,1,96.36%,3.64%,6851
4881,4880,1453554,2092899,Risk 1 (High),60607,41.86939629,-87.66499334,1,1,0,Canvass,1985,TAYLOR,507.0207,493.0958,664.4651,3386.6451,1,96.36%,3.64%,6852
3249,3248,1491135,1816816,Risk 2 (Medium),60647,41.92218253,-87.69539385,1,1,0,Canvass,2006,WASHTENAW,1094.3063,831.6867,218.6501,1521.6073,1,96.36%,3.64%,6853
2520,2519,1512736,1544318,Risk 2 (Medium),60629,41.78614077,-87.71694769,1,1,0,Canvass,1948,59TH,1385.1605,183.5567,303.9477,3874.6526,1,96.36%,3.64%,6854
3821,3820,1490410,1937457,Risk 2 (Medium),60643,41.67757987,-87.66517498,1,1,0,Complaint,2009,119TH,71.4996,1439.4393,1441.2306,5565.6744,1,96.36%,3.64%,6855
5718,5717,1395384,2184404,Risk 2 (Medium),60638,41.77823969,-87.7464142,1,1,0,Short Form Complaint,1964,63RD,322.3572,1389.8564,1096.599,4055.8949,1,96.36%,3.64%,6856
2865,2864,1467409,1675835,Risk 2 (Medium),60607,41.86951758,-87.65725911,1,1,0,Canvass,2005,TAYLOR,123.7061,463.5285,715.0685,3129.3552,1,96.36%,3.64%,6857
1277,1276,1473378,54030,Risk 1 (High),60618,41.9611282,-87.72216037,1,1,0,Canvass,2006,MONTROSE,716.1717,550.8804,144.3226,717.1463,1,96.36%,3.64%,6858
1951,1950,1493934,1249458,Risk 1 (High),60608,41.86674938,-87.66846405,1,1,0,Canvass,2005,ROOSEVELT,242.8017,981.0927,907.7477,3210.1123,1,96.37%,3.63%,6859
3734,3733,1447409,1915548,Risk 2 (Medium),60606,41.87927284,-87.6341032,1,1,1,Canvass,2006,ADAMS,247.4526,718.9602,826.9488,1148.4368,1,96.37%,3.63%,6860
2275,2274,1399271,1446767,Risk 1 (High),60625,41.96836324,-87.6948685,1,1,0,Canvass,1987,TALMAN,338.1075,726.4437,208.8422,1452.1542,1,96.37%,3.63%,6861
2085,2084,1494082,1332910,Risk 2 (Medium),60639,41.92293104,-87.74611948,1,1,0,Canvass,2006,CICERO,476.637,481.5656,759.7721,1502.0601,1,96.37%,3.63%,6862
172,171,1435149,6403,Risk 1 (High),60622,41.91618612,-87.67013494,1,1,1,Canvass,1911,CORTLAND,1411.5134,501.6258,477.2124,1908.8806,1,96.37%,3.63%,6863
556,555,1482382,23122,Risk 2 (Medium),60640,41.96543519,-87.66117219,1,1,0,Canvass,1993,MAGNOLIA,529.7714,352.752,86.2856,1693.7593,1,96.37%,3.63%,6864
719,718,1493427,29497,Risk 1 (High),60610,41.90565114,-87.63018376,1,1,1,Canvass,1949,DEARBORN,991.3249,762.0039,357.1591,1585.5713,1,96.37%,3.63%,6865
5487,5486,1490755,2152859,Risk 1 (High),60647,41.92786304,-87.70660502,1,1,0,Canvass,2006,LOGAN,551.6888,467.7988,360.6448,1508.4985,1,96.37%,3.63%,6866
1690,1689,1447404,1095908,Risk 1 (High),60606,41.88349824,-87.63720027,1,1,1,Canvass,1980,WACKER,1250.1561,662.2,828.2241,1656.0818,1,96.37%,3.63%,6867
688,687,1471492,28476,Risk 2 (Medium),60639,41.90948083,-87.76641097,1,1,0,Canvass,1987,NORTH,484.5041,840.2621,267.998,1147.1418,1,96.37%,3.63%,6868
5323,5322,1482316,2138133,Risk 1 (High),60640,41.96308897,-87.65583166,1,1,0,Canvass,2010,BROADWAY,169.4356,911.3545,313.0038,1667.1153,1,96.37%,3.63%,6869
3630,3629,1474090,1902877,Risk 1 (High),60642,41.89604365,-87.66218733,1,1,1,Canvass,1899,CHICAGO,296.5199,402.5683,202.2006,2108.0988,1,96.38%,3.62%,6870
3252,3251,1325024,1816822,Risk 1 (High),60612,41.86709655,-87.6862,1,1,0,Canvass,2003,WESTERN,426.9634,209.6666,424.9415,2529.0752,1,96.38%,3.62%,6871
6766,6765,1418391,2298986,Risk 1 (High),60659,41.99501028,-87.69969962,1,1,0,Canvass,1929,CALIFORNIA,334.1532,316.2889,441.4296,2653.058,1,96.38%,3.62%,6872
591,590,1512750,24567,Risk 2 (Medium),60707,41.92364865,-87.80308394,1,1,0,Canvass,1926,GRAND,199.6516,593.4705,614.7905,2210.3349,1,96.38%,3.62%,6873
1644,1643,1490294,1046040,Risk 1 (High),60647,41.92786354,-87.7064151,1,1,0,Canvass,2006,LOGAN,225.5898,469.4507,354.8121,1513.4523,1,96.38%,3.62%,6874
5033,5032,1493968,2113398,Risk 2 (Medium),60609,41.80861588,-87.67638448,1,1,0,Canvass,2006,47TH,583.0088,385.1345,617.3801,3381.8585,1,96.38%,3.62%,6875
5358,5357,1418410,2141538,Risk 1 (High),60659,41.99737113,-87.69246071,1,1,0,Canvass,1938,CAMPBELL,988.5261,441.9348,358.5073,2469.1654,1,96.38%,3.62%,6876
3039,3038,1464270,1740145,Risk 1 (High),60645,42.01083837,-87.69006901,1,1,0,Canvass,2007,WESTERN,397.6584,470.2775,647.9236,1285.07,1,96.38%,3.62%,6877
776,775,1496347,31964,Risk 1 (High),60647,41.9277306,-87.70708887,1,1,0,Canvass,2006,KEDZIE,116.9756,483.6677,369.7828,1526.6605,1,96.38%,3.62%,6878
579,578,1453433,23577,Risk 1 (High),60607,41.86944828,-87.66170605,1,1,1,Canvass,1889,TAYLOR,339.7241,343.746,574.9744,3040.2174,1,96.39%,3.61%,6879
5498,5497,1471227,2153170,Risk 1 (High),60647,41.93195263,-87.70230044,1,1,1,Canvass,1907,DIVERSEY,1122.1382,464.2968,268.3256,1200.7181,1,96.39%,3.61%,6880
933,932,1236223,35640,Risk 1 (High),60659,41.9863124,-87.69941016,1,1,0,Canvass,1957,CALIFORNIA,21087.1053,443.3946,213.2674,2750.173,1,96.39%,3.61%,6881
2937,2936,1401327,1694767,Risk 1 (High),60618,41.93965193,-87.68090321,1,1,0,Canvass,2006,BELMONT,1114.0156,275.8567,177.4094,1597.5918,1,96.39%,3.61%,6882
3071,3070,1329702,1742870,Risk 1 (High),60639,41.92413043,-87.74623743,1,1,0,Canvass,1989,FULLERTON,344.6137,630.6821,717.9695,1820.4635,1,96.39%,3.61%,6883
1139,1138,1493788,44953,Risk 1 (High),60614,41.92516323,-87.67567996,1,1,0,Canvass,1979,FULLERTON,197.3248,643.7367,118.3154,2223.8,1,96.39%,3.61%,6884
1650,1649,1473584,1047168,Risk 1 (High),60629,41.78629601,-87.69365183,1,1,0,Canvass,2006,59TH,696.1627,344.8998,352.4369,3077.3304,1,96.39%,3.61%,6885
5320,5319,1491161,2138022,Risk 1 (High),60601,41.88670423,-87.62805356,1,1,1,Complaint,1990,WACKER,196.2691,466.8849,625.0648,1312.7676,1,96.39%,3.61%,6886
4855,4854,1490313,2088562,Risk 1 (High),60647,41.9276532,-87.70711901,1,1,0,Canvass,2006,KEDZIE,403.7645,492.0991,360.4735,1543.1546,1,96.39%,3.61%,6887
691,690,1488224,28480,Risk 2 (Medium),60608,41.83534052,-87.66553736,1,1,1,Canvass,1886,ASHLAND,734.6747,504.4367,445.887,3236.3856,1,96.39%,3.61%,6888
6071,6070,1471396,2240045,Risk 1 (High),60634,41.96028423,-87.77396125,1,1,0,Canvass,1952,MONTROSE,288.2914,700.7716,706.2197,1850.9954,1,96.39%,3.61%,6889
3999,3998,1459402,1968666,Risk 2 (Medium),60644,41.88050388,-87.75335628,1,1,0,Canvass,1924,MADISON,244.5586,450.7449,419.1035,3127.4535,1,96.39%,3.61%,6890
5898,5897,1387359,2202627,Risk 1 (High),60619,41.76407032,-87.60201085,1,1,1,Canvass,2005,INGLESIDE,1763.3922,1088.4946,922.1682,2901.1736,1,96.40%,3.60%,6891
1533,1532,1453391,80130,Risk 1 (High),60605,41.87674824,-87.63328607,1,1,1,Canvass,1988,VAN,401.093,633.0761,708.3049,1484.9498,1,96.40%,3.60%,6892
2729,2728,1453286,1619390,Risk 1 (High),60605,41.87406368,-87.62613531,1,1,1,Canvass,2005,WABASH,204.3165,409.4281,1166.9388,1816.8439,1,96.40%,3.60%,6893
5034,5033,1512849,2113405,Risk 2 (Medium),60632,41.80009153,-87.72321361,1,1,0,Canvass,2006,PULASKI,501.4257,593.3749,525.3135,2752.3388,1,96.40%,3.60%,6894
642,641,1447242,26517,Risk 1 (High),60606,41.88289875,-87.6337111,1,1,1,Canvass,1966,WELLS,168.5184,345.735,350.8502,1461.9287,1,96.40%,3.60%,6895
1397,1396,1493814,65028,Risk 2 (Medium),60647,41.93184852,-87.71335156,1,1,0,Canvass,1997,DIVERSEY,146.8463,269.6323,208.543,1452.4802,1,96.40%,3.60%,6896
686,685,1434271,28473,Risk 2 (Medium),60616,41.85298026,-87.62564847,1,1,1,Complaint,1991,WABASH,859.2771,448.3741,751.529,1850.147,1,96.40%,3.60%,6897
2521,2520,1395834,1544321,Risk 2 (Medium),60619,41.73662997,-87.61333322,1,1,1,Short Form Complaint,1954,87TH,340.7933,764.6204,647.1014,3706.8782,1,96.40%,3.60%,6898
2161,2160,1473905,1357956,Risk 1 (High),60638,41.79379959,-87.77555763,1,1,0,Canvass,1988,ARCHER,598.0454,989.1173,809.5647,2816.3675,1,96.40%,3.60%,6899
2066,2065,1493903,1330650,Risk 2 (Medium),60613,41.94735998,-87.65393245,1,1,1,Canvass,1901,ADDISON,432.414,172.102,495.219,2112.6461,1,96.40%,3.60%,6900
5830,5829,1115208,2196604,Risk 1 (High),60632,41.81407872,-87.72396487,1,1,0,Canvass,2005,PULASKI,322.7042,766.5681,957.4084,3141.5261,1,96.41%,3.59%,6901
4821,4820,1460001,2084383,Risk 1 (High),60640,41.96519582,-87.66116364,1,1,0,Canvass,1993,MAGNOLIA,250.1585,368.6312,97.2362,1779.0912,1,96.41%,3.59%,6902
1850,1849,1441423,1193760,Risk 1 (High),60657,41.93528323,-87.66588744,1,1,0,Canvass,1995,OAKDALE,522.8936,365.793,162.1963,2050.9937,1,96.41%,3.59%,6903
4116,4115,1467319,1980781,Risk 1 (High),60607,41.86943381,-87.66264704,1,1,1,Canvass,1884,Taylor,426.5804,453.4408,534.1024,3121.9486,1,96.41%,3.59%,6904
5958,5957,1460109,2221636,Risk 1 (High),60613,41.95118641,-87.66882564,1,1,0,Canvass,1995,ASHLAND,475.8209,651.7186,231.3476,1931.0783,1,96.41%,3.59%,6905
1527,1526,1497494,79354,Risk 2 (Medium),60642,41.89096143,-87.65842177,1,1,1,Canvass,1915,GRAND,859.4768,446.5004,199.3141,1966.703,1,96.41%,3.59%,6906
1377,1376,1152085,63574,Risk 2 (Medium),60609,41.81574727,-87.66621797,1,1,1,Canvass,1936,43rd,350.4694,535.3904,763.8187,2801.6992,1,96.41%,3.59%,6907
1912,1911,1387319,1228289,Risk 2 (Medium),60827,41.65656921,-87.59739545,1,1,1,Canvass Re-Inspection,1952,ELLIS,376.0943,467.5191,3501.1201,8178.3115,1,96.42%,3.58%,6908
1399,1398,1434591,65225,Risk 1 (High),60707,41.93030153,-87.80632767,1,1,0,Canvass,1928,HARLEM,275.6509,1073.0853,944.2301,2503.4795,1,96.42%,3.58%,6909
740,739,1464220,30566,Risk 1 (High),60645,42.0164578,-87.69035475,1,1,0,Canvass,1931,WESTERN,210.6324,330.5229,453.0777,2616.6798,1,96.42%,3.58%,6910
6174,6173,1325214,2247280,Risk 2 (Medium),60624,41.87340465,-87.72039963,1,1,0,Canvass,1969,HARRISON,568.1851,428.647,503.4964,2875.7906,1,96.42%,3.58%,6911
4766,4765,1464406,2078867,Risk 1 (High),60626,42.01158136,-87.67461423,1,1,0,Canvass,2008,CLARK,533.3345,890.3317,539.3015,1380.1132,1,96.42%,3.58%,6912
5854,5853,1389312,2197093,Risk 1 (High),60651,41.90304578,-87.7188893,1,0,0,Canvass,1990,Grand,93.9865,374.2272,246.3068,1867.0956,1,96.42%,3.58%,6913
932,931,1471324,35634,Risk 1 (High),60634,41.95296188,-87.77541371,1,1,0,Canvass,1910,IRVING,69.5498,419.0353,562.41,2653.7378,1,96.42%,3.58%,6914
2068,2067,1391443,1330889,Risk 1 (High),60626,42.0091121,-87.67298383,1,1,1,Canvass,1911,LUNT,285.3466,811.8927,344.4841,873.1197,1,96.42%,3.58%,6915
5895,5894,1324911,2202624,Risk 1 (High),60612,41.8788361,-87.67820542,1,1,1,Canvass,1884,Adams,1559.4816,742.7225,660.8138,3032.0397,1,96.42%,3.58%,6916
4430,4429,1467508,2027706,Risk 1 (High),60607,41.87664684,-87.64069512,1,1,1,Canvass,1996,VAN,472.3059,266.8097,909.9823,1551.8684,1,96.42%,3.58%,6917
359,358,1325235,14897,Risk 1 (High),60612,41.88263294,-87.68662183,1,1,0,Canvass,1988,WESTERN,302.628,483.7365,786.5489,3182.2249,1,96.42%,3.58%,6918
4559,4558,1399307,2049249,Risk 1 (High),60625,41.96969326,-87.68879319,1,1,1,Canvass,1953,WESTERN,472.048,790.7793,468.711,346.7064,1,96.42%,3.58%,6919
3856,3855,1401475,1942762,Risk 2 (Medium),60613,41.9544463,-87.66553512,1,1,0,Canvass,2006,IRVING,1197.1747,189.1335,557.1253,2196.4801,1,96.42%,3.58%,6920
2071,2070,1482226,1331324,Risk 1 (High),60659,41.99759057,-87.69175252,1,1,0,Complaint,1940,DEVON,1320.7925,401.6486,297.1101,2466.6948,1,96.42%,3.58%,6921
5104,5103,1459222,2120493,Risk 1 (High),60625,41.96866318,-87.69610498,1,1,0,Canvass,2008,Lawrence,436.7495,828.6198,429.7027,1391.6524,1,96.43%,3.57%,6922
383,382,1345844,16281,Risk 1 (High),60659,41.99034882,-87.69665169,1,1,0,Canvass,1938,PETERSON,118.6865,561.3488,218.6293,2361.7627,1,96.43%,3.57%,6923
6075,6074,1345839,2240287,Risk 1 (High),60646,41.98593151,-87.72836921,1,1,0,Canvass,1960,PULASKI,400.113,2489.1344,659.6333,1942.9167,1,96.43%,3.57%,6924
4562,4561,1439510,2049342,Risk 1 (High),60611,41.89252476,-87.61813383,1,1,1,Canvass,2010,OHIO,565.3952,211.8866,589.6515,1051.047,1,96.43%,3.57%,6925
566,565,1434372,23269,Risk 1 (High),60625,41.97728627,-87.68905761,1,1,0,Complaint,1974,WESTERN,344.3995,777.2966,618.2007,2335.6572,1,96.43%,3.57%,6926
329,328,1358252,12887,Risk 1 (High),60651,41.90196808,-87.77010811,1,1,0,Canvass,1968,DIVISION,636.8218,589.5766,503.6929,1993.3731,1,96.43%,3.57%,6927
3975,3974,1389328,1963807,Risk 1 (High),60644,41.88040118,-87.74408952,1,1,0,Canvass,1952,MADISON,283.2713,198.5383,393.6553,2750.4188,1,96.43%,3.57%,6928
2421,2420,1345845,1493599,Risk 1 (High),60659,41.99036796,-87.69298085,1,1,0,Canvass,1960,PETERSON,224.4578,619.2607,354.2883,2137.9465,1,96.43%,3.57%,6929
2817,2816,1439589,1648811,Risk 1 (High),60611,41.89774086,-87.62396132,1,1,1,Canvass,1976,MICHIGAN,1559.4816,529.4969,346.3791,1356.7942,1,96.43%,3.57%,6930
1324,1323,1372391,57932,Risk 1 (High),60603,41.87942967,-87.62527091,1,1,1,Canvass,1997,ADAMS,333.0535,862.9627,586.9526,1304.5612,1,96.44%,3.56%,6931
5609,5608,1372422,2163827,Risk 1 (High),60611,41.89179146,-87.62765774,1,1,1,Canvass,1999,GRAND,87.1641,309.5868,392.553,912.6536,1,96.44%,3.56%,6932
163,162,1464434,6120,Risk 1 (High),60626,42.01925614,-87.66984117,1,1,0,Canvass,1924,HOWARD,549.3221,433.7642,516.9752,3133.5614,1,96.44%,3.56%,6933
647,646,1424498,26759,Risk 2 (Medium),60630,41.97517182,-87.7520845,1,1,0,Canvass,1910,FOSTER,200.0552,691.8393,424.7187,2612.2332,1,96.44%,3.56%,6934
5211,5210,1107066,2129891,Risk 1 (High),60640,41.9751729,-87.6551235,1,1,0,Canvass,1991,SHERIDAN,1161.8621,338.6746,337.4273,2202.8729,1,96.44%,3.56%,6935
2301,2300,1473770,1473375,Risk 1 (High),60638,41.79361451,-87.77530251,1,1,0,Canvass,1988,ARCHER,233.3275,1035.1187,751.852,2813.7056,1,96.44%,3.56%,6936
1768,1767,1460199,1142897,Risk 3 (Low),60609,41.79402873,-87.67404177,1,1,1,Canvass,1952,55TH,1089.2479,648.9578,428.4867,2258.5282,1,96.44%,3.56%,6937
1364,1363,1464326,61504,Risk 1 (High),60645,41.9980729,-87.69492729,1,1,0,Complaint,1931,ROCKWELL,766.7752,493.8966,249.7946,2554.7513,1,96.44%,3.56%,6938
1481,1480,1473986,74794,Risk 2 (Medium),60613,41.94681874,-87.67356492,1,1,0,Canvass,2006,ADDISON,67.4191,737.8293,438.1989,1977.9331,1,96.44%,3.56%,6939
5794,5793,1496728,2192852,Risk 1 (High),60616,41.83816408,-87.64554886,1,1,1,Canvass,1985,31ST,1061.6323,454.0512,506.3005,1653.4989,1,96.44%,3.56%,6940
5186,5185,1325036,2129237,Risk 2 (Medium),60612,41.86661965,-87.69597101,1,1,1,Canvass,1909,ROOSEVELT,221.6506,581.9895,445.1596,2153.6156,1,96.44%,3.56%,6941
4032,4031,1199511,1969970,Risk 2 (Medium),60661,41.88173752,-87.64180803,1,1,1,Canvass,1985,MADISON,297.1182,1057.7219,412.5527,1105.4768,1,96.45%,3.55%,6942
4168,4167,1418713,1990830,Risk 2 (Medium),60659,41.98407993,-87.69649182,1,1,0,Canvass,1939,LINCOLN,514.7982,514.6731,530.5249,2840.7485,1,96.45%,3.55%,6943
1358,1357,1493667,61226,Risk 2 (Medium),60652,41.7520474,-87.70260778,1,1,0,Canvass,1964,KEDZIE,272.8776,440.6203,523.8668,4451.0601,1,96.45%,3.55%,6944
2654,2653,1473820,1593537,Risk 2 (Medium),60613,41.95111253,-87.66398209,1,1,1,Canvass,1891,SOUTHPORT,255.6754,532.0398,536.3236,2271.9622,1,96.45%,3.55%,6945
4000,3999,1497217,1968683,Risk 1 (High),60616,41.8455204,-87.62710659,1,1,1,Canvass,2006,STATE,311.184,579.7356,923.0458,1882.3836,1,96.46%,3.54%,6946
4217,4216,1490695,1998060,Risk 1 (High),60623,41.85521331,-87.71357653,1,1,1,Canvass,1907,OGDEN,353.7058,281.4491,376.5211,2052.8237,1,96.46%,3.54%,6947
831,830,1434357,33463,Risk 1 (High),60640,41.97511908,-87.65512202,1,1,0,Canvass,1991,SHERIDAN,94.1091,337.769,345.0035,2218.8068,1,96.46%,3.54%,6948
3387,3386,1490717,1846730,Risk 1 (High),60613,41.94719645,-87.66871596,1,0,1,Canvass,1891,ASHLAND,744.8581,306.2928,287.8176,2006.5169,1,96.46%,3.54%,6949
1530,1529,1401386,79820,Risk 2 (Medium),60652,41.73528913,-87.70258107,1,1,0,Canvass,1992,87TH,50.2829,323.0531,1047.7057,4695.6086,1,96.46%,3.54%,6950
4132,4131,1372405,1985190,Risk 1 (High),60602,41.88184063,-87.63325509,1,1,1,Canvass,1990,Madison,320.2776,255.8247,326.2626,1111.6257,1,96.46%,3.54%,6951
6019,6018,1385650,2232349,Risk 2 (Medium),60651,41.89526095,-87.72574429,1,1,0,Canvass,1998,CHICAGO,115.6277,553.8009,569.1402,2161.7627,1,96.47%,3.53%,6952
4533,4532,1385363,2043470,Risk 1 (High),60639,41.90952245,-87.74560879,1,1,1,Canvass,1909,NORTH,384.7284,384.3968,488.5225,1207.9079,1,96.47%,3.53%,6953
6542,6541,1441327,2284377,Risk 2 (Medium),60657,41.94357905,-87.66406879,1,1,0,Canvass,2006,SOUTHPORT,405.0928,256.1443,245.0111,2002.0473,1,96.47%,3.53%,6954
5536,5535,1441287,2157146,Risk 1 (High),60657,41.93585162,-87.66310797,1,1,1,Canvass,1886,LINCOLN,983.8321,475.8474,191.2166,2181.6257,1,96.47%,3.53%,6955
2994,2993,1418482,1717951,Risk 1 (High),60660,41.98910772,-87.66038728,1,1,0,Canvass,2008,BROADWAY,1213.2806,828.9981,367.8549,1716.8354,1,96.47%,3.53%,6956
5727,5726,1491002,2185009,Risk 2 (Medium),60647,41.92466825,-87.69999236,1,1,1,Canvass,1899,MILWAUKEE,357.0152,534.6078,390.716,1749.5217,1,96.47%,3.53%,6957
965,964,1402123,37507,Risk 2 (Medium),60660,41.98880582,-87.67003676,1,1,1,Complaint,1932,CLARK,254.6359,770.8836,435.9869,896.919,1,96.47%,3.53%,6958
6364,6363,1385244,2269677,Risk 1 (High),60639,41.92446102,-87.73808139,1,1,0,Complaint,1961,FULLERTON,421.9854,526.6539,308.345,2193.9311,1,96.47%,3.53%,6959
6673,6672,1488223,2293751,Risk 2 (Medium),60608,41.86642817,-87.66623648,1,1,0,Canvass,2006,ASHLAND,616.954,537.3473,632.8879,3172.8658,1,96.47%,3.53%,6960
6738,6737,1395333,2298546,Risk 2 (Medium),60642,41.89896533,-87.64809026,1,1,1,License,2005,NORTH,40.9812,1220.4612,540.6996,642.2533,1,96.47%,3.53%,6961
5430,5429,1497828,2147404,Risk 2 (Medium),60654,41.89250117,-87.62824274,1,1,1,Canvass,1991,STATE,666.7209,411.7802,285.0548,1029.4149,1,96.47%,3.53%,6962
760,759,1459389,31190,Risk 1 (High),60622,41.91585488,-87.67621791,1,1,1,Canvass,1905,CORTLAND,285.5546,476.4299,362.5526,2004.124,1,96.47%,3.53%,6963
1314,1313,1496906,57133,Risk 1 (High),60616,41.8575245,-87.64091638,1,1,1,Canvass,2006,18TH,603.2727,791.1073,915.0808,1615.1588,1,96.47%,3.53%,6964
1867,1866,1490812,1196816,Risk 1 (High),60654,41.8941247,-87.63251632,1,1,1,Canvass,1973,LA,462.2902,627.861,575.7716,1651.882,1,96.47%,3.53%,6965
1866,1865,1473739,1196614,Risk 1 (High),60610,41.89200113,-87.62792896,1,1,1,Complaint,1999,STATE,149.38,325.7175,331.4016,921.8402,1,96.48%,3.52%,6966
7706,7705,1501743,2359642,Risk 2 (Medium),60629,41.78576859,-87.72855241,1,1,0,License,1938,59TH,408.4809,708.5424,762.6816,4649.518,1,96.48%,3.52%,6967
4681,4680,1482400,2068831,Risk 2 (Medium),60640,41.96549259,-87.6587916,1,1,1,Canvass,1906,WILSON,924.5808,545.3511,281.5927,1675.1246,1,96.48%,3.52%,6968
22,21,1471302,783,Risk 1 (High),60634,41.94827472,-87.7669845,1,1,0,Canvass,1923,CENTRAL,287.9099,651.5536,795.9779,2945.4254,1,96.48%,3.52%,6969
5717,5716,1494197,2184390,Risk 1 (High),60614,41.91843794,-87.63842633,1,1,1,Canvass,1978,ARMITAGE,242.7295,541.8164,126.2455,712.3705,1,96.48%,3.52%,6970
5504,5503,1497841,2153439,Risk 1 (High),60623,41.84428142,-87.71438586,1,1,1,Canvass,1915,26TH,654.0496,508.2017,551.5413,2227.9702,1,96.48%,3.52%,6971
1593,1592,1459849,86763,Risk 2 (Medium),60618,41.95437606,-87.68862288,1,1,0,Canvass,2006,WESTERN,960.4245,772.0436,554.9542,1966.8196,1,96.48%,3.52%,6972
3188,3187,1493403,1801271,Risk 1 (High),60613,41.94924955,-87.6482598,1,1,1,Canvass,1921,BROADWAY,354.0474,673.4394,385.9891,1765.2023,1,96.48%,3.52%,6973
489,488,1471451,21605,Risk 1 (High),60634,41.95854835,-87.78691899,1,1,0,Canvass,1906,NARRAGANSETT,578.9368,852.0025,1141.6918,3351.8255,1,96.48%,3.52%,6974
7218,7217,1418307,2326710,Risk 1 (High),60659,41.98450761,-87.69722674,1,1,0,License,1939,LINCOLN,307.226,562.7398,476.2468,2830.2463,1,96.48%,3.52%,6975
6716,6715,1387422,2294386,Risk 1 (High),60619,41.75842568,-87.60798241,1,1,1,Complaint,1919,E,297.5997,389.2881,177.0034,3928.8686,1,96.49%,3.51%,6976
2426,2425,1467539,1494369,Risk 1 (High),60607,41.8765621,-87.63353978,1,1,1,Canvass,1988,WELLS,322.3734,689.2892,626.6448,1580.7857,1,96.49%,3.51%,6977
1942,1941,1296816,1247824,Risk 1 (High),60620,41.73598583,-87.65720776,1,1,1,Canvass,1991,87TH,358.7462,588.561,381.8407,2262.8828,1,96.49%,3.51%,6978
1763,1762,1496232,1142358,Risk 2 (Medium),60638,41.78964733,-87.80128582,1,1,1,Canvass,2006,HARLEM,619.7965,944.4657,1538.2967,914.865,1,96.49%,3.51%,6979
3744,3743,1471352,1921549,Risk 2 (Medium),60634,41.96020076,-87.7673816,1,1,0,Canvass,1932,CENTRAL,993.4828,437.4932,246.8417,2061.3228,1,96.49%,3.51%,6980
6431,6430,1490560,2277942,Risk 1 (High),60632,41.79799187,-87.72344374,1,1,0,Canvass,2006,PULASKI,1070.2542,826.0823,497.1591,2950.5894,1,96.49%,3.51%,6981
4204,4203,1471304,1997579,Risk 1 (High),60634,41.95303431,-87.78590772,1,1,0,Complaint,1920,IRVING,189.9737,959.0876,1179.5509,3187.7416,1,96.50%,3.50%,6982
927,926,1471382,35448,Risk 1 (High),60634,41.93838369,-87.78879236,1,1,0,Canvass,1927,BELMONT,766.3448,906.0136,193.8639,1998.1948,1,96.50%,3.50%,6983
62,61,1490783,1794,Risk 1 (High),60638,41.79394205,-87.77463321,1,1,0,Canvass,1988,ARCHER,567.4426,1068.8829,762.4257,2974.8814,1,96.50%,3.50%,6984
5285,5284,1434844,2136953,Risk 1 (High),60651,41.89531791,-87.71981901,1,1,1,Canvass,1907,CHICAGO,888.4814,485.5455,474.8745,1799.5515,1,96.50%,3.50%,6985
470,469,1467461,21087,Risk 1 (High),60607,41.86953072,-87.65642987,1,1,1,Canvass,1899,TAYLOR,192.7867,558.1563,628.6549,3196.0288,1,96.50%,3.50%,6986
2735,2734,1493274,1620120,Risk 2 (Medium),60632,41.79799187,-87.72344374,1,1,0,Canvass,2006,PULASKI,578.9368,826.0823,497.1591,2950.5894,1,96.50%,3.50%,6987
7409,7408,1474075,2340852,Risk 1 (High),60640,41.97341501,-87.65542231,1,1,1,License,1918,ARGYLE,514.6041,444.3879,546.8532,1760.242,1,96.50%,3.50%,6988
2470,2469,1480273,1515263,Risk 1 (High),60623,41.84425865,-87.71594584,1,1,1,Canvass,1909,26TH,536.9549,359.1208,357.612,2157.0306,1,96.50%,3.50%,6989
1829,1828,1459343,1168722,Risk 1 (High),60632,41.79799187,-87.72344374,1,1,0,Canvass,2006,PULASKI,413.8207,826.0823,497.1591,2950.5894,1,96.51%,3.49%,6990
5978,5977,1418253,2229409,Risk 1 (High),60659,41.99776535,-87.69428407,1,1,0,Canvass,1944,DEVON,298.7863,522.7434,318.9899,2504.7585,1,96.51%,3.49%,6991
6925,6924,1401357,2308074,Risk 2 (Medium),60632,41.79379152,-87.7037106,1,1,0,License,2006,KEDZIE,265.5886,642.602,425.3963,3175.1426,1,96.51%,3.49%,6992
5763,5762,1372491,2189369,Risk 1 (High),60601,41.88577122,-87.63082982,1,1,1,Canvass,1986,CLARK,1552.8313,472.6026,523.0971,1557.4962,1,96.51%,3.49%,6993
2980,2979,1441341,1717064,Risk 1 (High),60657,41.93523047,-87.66266192,1,1,0,Canvass,2006,LINCOLN,271.1375,389.1628,99.4794,2007.8257,1,96.51%,3.49%,6994
4185,4184,1447496,1991748,Risk 2 (Medium),60606,41.87779165,-87.63652434,1,1,1,Canvass,1990,WACKER,133.9994,1051.6041,525.9496,1384.0448,1,96.51%,3.49%,6995
471,470,1395915,21091,Risk 1 (High),60609,41.83027972,-87.67533961,1,1,1,Canvass,1888,35TH,67.0522,734.0317,375.331,3246.2746,1,96.51%,3.49%,6996
403,402,1434292,17464,Risk 1 (High),60654,41.89335935,-87.62984515,1,1,1,Complaint,2003,DEARBORN,285.6144,417.1196,621.0679,1224.914,1,96.51%,3.49%,6997
5204,5203,1199319,2129721,Risk 1 (High),60611,41.89326298,-87.62195878,1,1,1,Canvass,1985,ONTARIO,233.6408,639.7038,303.7277,1303.207,1,96.51%,3.49%,6998
3274,3273,1494084,1817786,Risk 1 (High),60618,41.96132936,-87.68362833,1,1,1,Canvass,1924,LINCOLN,137.2693,690.8942,1177.5677,2123.7219,1,96.51%,3.49%,6999
6746,6745,1434933,2298680,Risk 1 (High),60642,41.89113435,-87.66259145,1,1,0,Canvass,2008,GRAND,524.4539,301.7487,248.1601,2588.8162,1,96.51%,3.49%,7000
6401,6400,1385303,2271332,Risk 1 (High),60639,41.92377751,-87.77191443,1,1,0,Canvass,1942,FULLERTON,420.4629,99.7799,505.3982,2502.4603,1,96.52%,3.48%,7001
173,172,1459212,6405,Risk 1 (High),60652,41.7362277,-87.72133412,1,1,0,Canvass,1967,PULASKI,391.0124,651.1888,519.1137,4422.1167,1,96.52%,3.48%,7002
262,261,1512987,9709,Risk 2 (Medium),60707,41.93092597,-87.8012305,1,1,0,Canvass,1953,DIVERSEY,517.6701,1342.1129,680.8862,1951.7821,1,96.52%,3.48%,7003
4358,4357,1389390,2017189,Risk 1 (High),60644,41.88710618,-87.76543552,1,1,1,Canvass,1899,CORCORAN,832.4548,235.9637,592.8292,1629.9626,1,96.52%,3.48%,7004
3929,3928,1435087,1954725,Risk 2 (Medium),60613,41.94839767,-87.65421742,1,1,1,Canvass,1916,SHEFFIELD,168.8288,240.2602,605.667,2157.8368,1,96.52%,3.48%,7005
2562,2561,1372408,1572951,Risk 1 (High),60601,41.88656737,-87.62438467,1,1,1,Canvass,1980,MICHIGAN,475.5038,265.5445,507.7358,1729.2286,1,96.52%,3.48%,7006
3671,3670,1494175,1908098,Risk 1 (High),60613,41.94777191,-87.6463702,1,1,1,Canvass,1926,ADDISON,477.0069,570.8323,455.9099,1876.7448,1,96.52%,3.48%,7007
2510,2509,1471434,1543206,Risk 2 (Medium),60634,41.95295977,-87.77569296,1,1,0,Canvass,1921,IRVING,306.2958,405.6925,555.0607,2645.3015,1,96.52%,3.48%,7008
4125,4124,1493253,1984911,Risk 2 (Medium),60641,41.9595751,-87.74764569,1,1,0,Canvass,1991,Cicero,236.1877,434.6788,550.4703,1514.7156,1,96.52%,3.48%,7009
6281,6280,1391470,2262350,Risk 1 (High),60626,42.01544899,-87.67495948,1,1,0,Complaint,1988,CLARK,348.958,612.4257,802.2306,2300.3553,1,96.52%,3.48%,7010
6544,6543,1482243,2284412,Risk 1 (High),60659,41.99778803,-87.69280879,1,1,0,Complaint,1949,DEVON,622.5613,461.0062,349.8817,2509.7876,1,96.52%,3.48%,7011
1057,1056,1473818,41512,Risk 2 (Medium),60613,41.94852457,-87.64937612,1,1,1,Canvass,1927,HALSTED,220.7234,638.657,499.6422,1856.1588,1,96.52%,3.48%,7012
3167,3166,1372476,1799585,Risk 1 (High),60601,41.88656737,-87.62438467,1,1,1,Canvass,1980,MICHIGAN,198.2653,265.5445,507.7358,1729.2286,1,96.52%,3.48%,7013
1601,1600,1453445,1000894,Risk 1 (High),60605,41.86573231,-87.61966864,1,1,1,Canvass,2005,LAKE,362.7848,1124.0943,1062.4686,2090.8651,1,96.52%,3.48%,7014
4862,4861,1464352,2088868,Risk 1 (High),60626,42.00776254,-87.66796736,1,1,1,Canvass,1918,MORSE,148.2321,318.0822,275.499,984.8962,1,96.52%,3.48%,7015
2337,2336,1497386,1475512,Risk 2 (Medium),60618,41.94642956,-87.71443724,1,1,0,Canvass,1984,ADDISON,372.7079,1301.6347,468.1451,2079.555,1,96.52%,3.48%,7016
5703,5702,1401474,2184032,Risk 1 (High),60601,41.88577122,-87.63082982,1,1,1,Canvass,1986,CLARK,662.7869,472.6026,523.0971,1557.4962,1,96.53%,3.47%,7017
3809,3808,1490664,1933596,Risk 1 (High),60613,41.96148065,-87.6693342,1,1,1,Canvass,1943,MONTROSE,292.7039,526.0249,682.4478,1379.6948,1,96.53%,3.47%,7018
7521,7520,1464542,2349241,Risk 1 (High),60660,41.99445003,-87.65969379,1,1,0,License,2008,GRANVILLE,529.9545,440.857,414.854,1864.0526,1,96.53%,3.47%,7019
7520,7519,1464543,2349240,Risk 3 (Low),60660,41.99445003,-87.65969379,1,1,0,License,2008,GRANVILLE,437.4964,440.857,414.854,1864.0526,1,96.53%,3.47%,7020
5330,5329,1480302,2138319,Risk 1 (High),60623,41.84448353,-87.71558454,1,1,1,Canvass,1913,26TH,452.8694,397.732,414.7795,2195.2602,1,96.53%,3.47%,7021
1918,1917,1435166,1243382,Risk 1 (High),60622,41.90335951,-87.67339734,1,1,1,Complaint,1928,DIVISION,222.615,351.3935,225.3876,1662.4353,1,96.53%,3.47%,7022
4187,4186,1497868,1991834,Risk 2 (Medium),60611,41.89329954,-87.6240647,1,1,1,Canvass,1970,MICHIGAN,276.3133,940.0386,326.081,1634.2159,1,96.53%,3.47%,7023
4020,4019,1372537,1969684,Risk 1 (High),60601,41.88577122,-87.63082982,1,0,1,Canvass,1986,CLARK,260.508,472.6026,523.0971,1557.4962,1,96.53%,3.47%,7024
2534,2533,1493293,1545130,Risk 1 (High),60601,41.88577122,-87.63082982,1,1,1,Canvass,1986,CLARK,204.2326,472.6026,523.0971,1557.4962,1,96.53%,3.47%,7025
769,768,1395828,31749,Risk 1 (High),60638,41.7780377,-87.76816655,1,1,0,Canvass,1970,63RD,134.5125,444.6746,590.8671,3475.7818,1,96.53%,3.47%,7026
812,811,1480397,33146,Risk 2 (Medium),60623,41.84424943,-87.7326206,1,1,0,Canvass,2009,26TH,305.1952,469.7559,245.6113,2112.1261,1,96.53%,3.47%,7027
3158,3157,1473784,1798497,Risk 1 (High),60613,41.95409558,-87.65007225,1,1,1,Canvass,1911,BROADWAY,685.1466,556.3027,262.0126,1888.0994,1,96.53%,3.47%,7028
6390,6389,1496888,2270685,Risk 2 (Medium),60639,41.92126173,-87.78003809,1,1,0,Canvass,1961,Grand,302.628,589.7147,567.6152,2124.419,1,96.54%,3.46%,7029
557,556,1490516,23124,Risk 2 (Medium),60625,41.96462292,-87.68577072,1,1,0,Canvass,2006,LINCOLN,276.6008,445.9597,715.7095,2225.6818,1,96.54%,3.46%,7030
4600,4599,1199311,2055681,Risk 2 (Medium),60611,41.89245401,-87.62241522,1,0,1,Canvass,1985,OHIO,367.4771,532.6658,71.1421,1110.0465,1,96.54%,3.46%,7031
2305,2304,1115256,1473487,Risk 2 (Medium),60652,41.75015323,-87.70319152,1,1,0,Canvass,1974,COLUMBUS,593.6813,581.3101,323.0286,4229.3759,1,96.54%,3.46%,7032
5505,5504,1396031,2153445,Risk 1 (High),60654,41.89323548,-87.62826505,1,1,1,Complaint,1991,STATE,235.6195,446.6844,375.351,1270.1645,1,96.55%,3.45%,7033
3528,3527,1494148,1883999,Risk 1 (High),60616,41.85368164,-87.63339595,1,1,1,Canvass,1989,ARCHER,114.0417,286.3963,520.7212,1800.0641,1,96.55%,3.45%,7034
3664,3663,1493949,1905264,Risk 1 (High),60625,41.96467925,-87.68613617,1,1,0,Canvass,2006,LINCOLN,221.7046,362.4731,658.2265,2164.9174,1,96.55%,3.45%,7035
2170,2169,1307650,1358636,Risk 1 (High),60629,41.77864307,-87.73341208,1,1,0,Canvass,1909,63RD,154.1352,685.3738,532.87,5120.6273,1,96.55%,3.45%,7036
625,624,1383413,25693,Risk 1 (High),60607,41.86940905,-87.66419709,1,1,1,Canvass,1893,TAYLOR,1281.9327,492.4425,556.1128,3288.4591,1,96.55%,3.45%,7037
2569,2568,1329723,1573479,Risk 1 (High),60639,41.93134202,-87.76946868,1,1,0,Canvass,1930,DIVERSEY,485.2351,545.2916,776.9588,3082.9727,1,96.55%,3.45%,7038
5847,5846,1490358,2196970,Risk 1 (High),60641,41.94738146,-87.72757688,1,1,0,Canvass,1988,PULASKI,3126.4423,526.9252,559.2084,2148.6777,1,96.55%,3.45%,7039
6932,6931,1395850,2308122,Risk 2 (Medium),60618,41.94650439,-87.70929164,1,1,0,License,1984,ADDISON,478.1617,1074.6154,564.6335,2341.1288,1,96.55%,3.45%,7040
4190,4189,1490239,1991950,Risk 1 (High),60618,41.94041749,-87.72578649,1,1,1,Canvass,1923,MILWAUKEE,333.9317,439.5351,556.4655,1156.4439,1,96.55%,3.45%,7041
3591,3590,1389379,1893433,Risk 1 (High),60644,41.88020994,-87.77381514,1,1,0,Canvass,1924,MADISON,164.5701,266.6523,835.1734,3715.7474,1,96.55%,3.45%,7042
1822,1821,1418461,1167794,Risk 1 (High),60657,41.94515977,-87.65504219,1,1,0,Canvass,2006,CLARK,426.9634,462.9824,229.4568,2266.1849,1,96.55%,3.45%,7043
3767,3766,1491159,1926907,Risk 1 (High),60618,41.95385497,-87.70007247,1,1,0,Canvass,1997,IRVING,195.5532,530.5181,211.5848,1738.7313,1,96.55%,3.45%,7044
5707,5706,1307593,2184104,Risk 1 (High),60629,41.78780006,-87.72315662,1,1,0,Canvass,1950,PULASKI,255.7807,385.7369,162.4367,3927.0249,1,96.55%,3.45%,7045
2866,2865,1473372,1675893,Risk 1 (High),60618,41.96090661,-87.72239228,1,1,1,Canvass,1915,MONTROSE,389.2074,555.8204,188.0191,729.7462,1,96.55%,3.45%,7046
68,67,1471368,1872,Risk 1 (High),60634,41.9581397,-87.76731243,1,1,0,Canvass,1960,CENTRAL,241.1985,882.1365,778.9533,2225.8038,1,96.56%,3.44%,7047
5434,5433,1459720,2147536,Risk 1 (High),60613,41.96159491,-87.67666387,1,1,1,Canvass,1917,MONTROSE,527.1686,259.7591,400.4697,1573.0752,1,96.56%,3.44%,7048
716,715,1497384,29331,Risk 1 (High),60616,41.84172282,-87.6319182,1,1,1,Canvass,1991,WENTWORTH,611.3022,184.3649,558.8075,1995.4095,1,96.56%,3.44%,7049
3642,3641,1490250,1903556,Risk 1 (High),60618,41.94103961,-87.72605899,1,1,1,Canvass,1918,SCHOOL,146.5992,484.1005,456.5572,1137.2061,1,96.56%,3.44%,7050
3145,3144,1493744,1772245,Risk 1 (High),60618,41.93562554,-87.69757532,1,1,1,Canvass,1907,CALIFORNIA,525.938,447.9258,457.863,1810.896,1,96.56%,3.44%,7051
2930,2929,1424342,1682368,Risk 1 (High),60630,41.96315882,-87.75684243,1,1,0,Canvass,1915,MILWAUKEE,129.2826,738.1734,290.0935,2666.2292,1,96.56%,3.44%,7052
3808,3807,1372572,1933581,Risk 1 (High),60601,41.88637741,-87.62438167,1,1,1,Canvass,1980,MICHIGAN,413.2852,290.7699,471.9377,1779.399,1,96.56%,3.44%,7053
4416,4415,1482261,2026962,Risk 1 (High),60659,41.99746453,-87.69877865,0,1,0,Complaint,1928,DEVON,967.7389,385.1844,124.9073,2703.6817,1,96.56%,3.44%,7054
1094,1093,1490965,43110,Risk 1 (High),60632,41.80764925,-87.73242906,1,1,0,Canvass,1953,47TH,1060.1795,565.7733,484.2446,3975.3603,1,96.56%,3.44%,7055
7117,7116,1389401,2319867,Risk 2 (Medium),60644,41.88708768,-87.76495725,1,0,0,License,2008,CENTRAL,240.6212,207.4305,539.7497,1728.0874,1,96.56%,3.44%,7056
3401,3400,1418233,1847582,Risk 1 (High),60659,41.99058393,-87.69384757,1,1,0,Canvass,1958,PETERSON,448.7688,595.7099,162.3121,2235.7752,1,96.56%,3.44%,7057
3900,3899,1372526,1948896,Risk 1 (High),60601,41.88637741,-87.62438167,1,1,1,Canvass,1980,MICHIGAN,179.5075,290.7699,471.9377,1779.399,1,96.56%,3.44%,7058
5168,5167,1473637,2125555,Risk 1 (High),60638,41.77801726,-87.76911798,1,1,0,Canvass,1959,63RD,665.1597,550.2095,426.1655,3574.4085,1,96.56%,3.44%,7059
3602,3601,1471380,1894079,Risk 1 (High),60634,41.9586992,-87.76733239,1,1,0,Canvass,1954,CENTRAL,461.619,743.9425,582.2699,2147.8424,1,96.57%,3.43%,7060
4144,4143,1387350,1985660,Risk 2 (Medium),60619,41.72199187,-87.61470981,1,1,1,Complaint,1988,95TH,448.5588,864.4419,220.5253,2981.2255,1,96.57%,3.43%,7061
2392,2391,1464407,1490213,Risk 1 (High),60626,42.01201023,-87.67468629,1,1,1,Canvass,1911,CLARK,239.731,883.3638,618.7903,1469.2719,1,96.57%,3.43%,7062
3313,3312,1401377,1822834,Risk 1 (High),60654,41.89002468,-87.6338824,1,1,1,Canvass,2003,WELLS,262.5114,454.2219,396.3825,1057.1834,1,96.57%,3.43%,7063
2998,2997,1501368,1718241,Risk 2 (Medium),60601,41.88563926,-87.62897624,1,1,1,Canvass,1987,LAKE,264.9867,526.3716,501.4499,1613.3724,1,96.57%,3.43%,7064
3258,3257,1329677,1816887,Risk 1 (High),60639,41.92876724,-87.76600711,1,1,0,Canvass,1925,CENTRAL,435.3898,702.9159,276.3389,2684.6519,1,96.57%,3.43%,7065
2429,2428,1424398,1494560,Risk 2 (Medium),60630,41.96223481,-87.72771372,1,1,0,Canvass,1962,PULASKI,181.5375,413.6974,379.6401,2250.5473,1,96.57%,3.43%,7066
4390,4389,1418356,2022089,Risk 1 (High),60659,41.99058337,-87.69400396,1,1,0,Canvass,1958,PETERSON,854.9113,584.1131,151.858,2252.2334,1,96.57%,3.43%,7067
6037,6036,1459340,2232840,Risk 1 (High),60622,41.90919206,-87.67728291,1,1,1,Canvass,1937,DAMEN,305.4737,352.9611,73.377,1279.3166,1,96.57%,3.43%,7068
3522,3521,1513019,1883547,Risk 2 (Medium),60638,41.79435247,-87.77198774,1,1,0,Canvass,1968,ARCHER,342.9296,1146.929,696.399,3479.8727,1,96.57%,3.43%,7069
2826,2825,1439406,1649280,Risk 1 (High),60611,41.89485296,-87.6229018,1,1,1,Canvass,1979,ST,554.0562,871.5209,646.8718,1936.9539,1,96.57%,3.43%,7070
3892,3891,1441473,1948549,Risk 1 (High),60616,41.84178222,-87.63191973,1,1,1,Canvass,1991,WENTWORTH,89.6003,181.3976,559.9774,2003.3139,1,96.57%,3.43%,7071
7170,7169,1434833,2320853,Risk 3 (Low),60625,41.98124967,-87.71626385,1,1,0,License,1927,ST,583.5486,640.9564,706.8881,3333.1484,1,96.57%,3.43%,7072
2043,2042,1307265,1304614,Risk 1 (High),60629,41.77534445,-87.72282067,1,1,0,Canvass,1961,PULASKI,346.6538,662.7321,741.9966,4544.6728,1,96.57%,3.43%,7073
7725,7724,1497862,2360132,Risk 1 (High),60618,41.9467169,-87.70967187,1,1,0,License,1987,ADDISON,409.4456,1109.7331,613.6033,2375.8391,1,96.57%,3.43%,7074
1045,1044,1496668,40680,Risk 2 (Medium),60639,41.92440474,-87.74217216,1,1,0,Canvass,1974,FULLERTON,451.6571,651.8769,376.577,2175.7446,1,96.57%,3.43%,7075
2648,2647,1496500,1592606,Risk 2 (Medium),60625,41.97918308,-87.69281718,1,1,0,Canvass,1959,LINCOLN,946.0738,543.478,602.4503,2910.7801,1,96.57%,3.43%,7076
7220,7219,1307417,2326731,Risk 1 (High),60629,41.77534445,-87.72282067,1,1,0,License,1961,PULASKI,272.3327,662.7321,741.9966,4544.6728,1,96.57%,3.43%,7077
1114,1113,1471301,43956,Risk 1 (High),60634,41.94759578,-87.76696294,1,1,0,Canvass,1929,CENTRAL,427.1707,643.7311,677.2249,2907.0863,1,96.57%,3.43%,7078
5619,5618,1474092,2164154,Risk 1 (High),60613,41.94737034,-87.65335653,1,1,1,Canvass,1921,ADDISON,129.1144,234.2741,493.7469,2073.3374,1,96.58%,3.42%,7079
4557,4556,1501259,2048983,Risk 2 (Medium),60601,41.88582205,-87.63230374,1,1,1,Canvass,1986,LA,2563.2513,418.896,446.0195,1646.6657,1,96.58%,3.42%,7080
7001,7000,1324909,2309173,Risk 1 (High),60612,41.88229075,-87.67998548,1,0,0,License,2004,Warren,84.5083,298.1477,573.3955,3043.5029,1,96.58%,3.42%,7081
1618,1617,1473382,1043815,Risk 1 (High),60642,41.9034342,-87.65808665,1,1,1,Complaint,1965,ELSTON,698.951,1234.3955,922.89,2011.4304,1,96.58%,3.42%,7082
1684,1683,1490461,1093571,Risk 2 (Medium),60618,41.95364665,-87.71848491,1,1,0,Canvass,1997,IRVING,1010.5901,446.9103,356.7038,1775.4508,1,96.58%,3.42%,7083
3730,3729,1471412,1915442,Risk 2 (Medium),60634,41.932175,-87.7855821,1,1,0,Canvass,1962,NARRAGANSETT,21087.1053,714.2408,664.393,2972.4588,1,96.58%,3.42%,7084
6334,6333,1389322,2263880,Risk 1 (High),60644,41.87997807,-87.77458167,1,0,0,Canvass,1928,MADISON,381.0758,347.8768,969.9546,3859.2842,1,96.58%,3.42%,7085
5048,5047,1399279,2114300,Risk 1 (High),60625,41.97533414,-87.69875687,1,1,0,Canvass,1993,CALIFORNIA,444.1506,872.5219,794.8269,2383.7811,1,96.58%,3.42%,7086
7672,7671,1497814,2358944,Risk 1 (High),60641,41.94568947,-87.73490603,1,1,0,License,1971,MILWAUKEE,864.7313,390.9812,537.7417,2384.8894,1,96.59%,3.41%,7087
372,371,1496848,15623,Risk 2 (Medium),60625,41.9759129,-87.69249417,1,1,0,Canvass,1987,LINCOLN,293.402,798.0099,415.3,2134.4898,1,96.59%,3.41%,7088
120,119,1345880,3774,Risk 1 (High),60659,41.9866048,-87.68968912,1,1,0,Complaint,2007,WESTERN,917.2613,690.0816,814.341,2172.6227,1,96.59%,3.41%,7089
2992,2991,1199292,1717915,Risk 1 (High),60611,41.89764609,-87.62711576,1,1,1,Canvass,1994,PEARSON,357.5182,353.8869,270.0474,1162.9379,1,96.59%,3.41%,7090
3206,3205,1512268,1802415,Risk 1 (High),60613,41.94884378,-87.65800926,1,1,1,Canvass,1891,CLARK,318.9478,544.6391,253.7143,2336.3153,1,96.59%,3.41%,7091
4503,4502,1459644,2042031,Risk 1 (High),60638,41.7777511,-87.78356604,1,1,0,Canvass,1968,63RD,205.9718,622.3777,1028.6142,3952.2335,1,96.59%,3.41%,7092
2680,2679,1329683,1595608,Risk 2 (Medium),60639,41.93168044,-87.74372188,1,1,0,Canvass,1925,DIVERSEY,665.3156,483.6885,740.9157,3577.133,1,96.59%,3.41%,7093
7571,7570,1501565,2350385,Risk 2 (Medium),60613,41.95027852,-87.66425331,1,1,0,License,2006,SOUTHPORT,667.2815,582.1785,372.8585,2349.6501,1,96.59%,3.41%,7094
1258,1257,1307594,52447,Risk 1 (High),60629,41.78629925,-87.72282653,1,1,0,Canvass,1961,PULASKI,341.5976,608.2922,457.1781,4144.6416,1,96.59%,3.41%,7095
3031,3030,1497677,1739629,Risk 2 (Medium),60601,41.88586211,-87.62685865,1,1,1,Canvass,1983,LAKE,278.8104,628.7836,474.114,1733.6227,1,96.59%,3.41%,7096
7404,7403,1462211,2340710,Risk 2 (Medium),60625,41.97522386,-87.71218562,1,0,0,License,1985,CHRISTIANA,743.2395,473.6704,546.833,2134.9973,1,96.59%,3.41%,7097
5641,5640,1471265,2177119,Risk 1 (High),60647,41.92369526,-87.69840855,1,1,1,Canvass,1913,MILWAUKEE,206.7166,484.7086,249.4449,1599.2245,1,96.59%,3.41%,7098
2686,2685,1325161,1595934,Risk 2 (Medium),60647,41.90998202,-87.70865698,1,1,0,Complaint,2005,NORTH,1054.6021,613.4309,179.4203,1958.3099,1,96.59%,3.41%,7099
6233,6232,1471331,2254315,Risk 1 (High),60634,41.95204241,-87.80709474,1,1,0,Canvass,1969,HARLEM,287.2602,769.0695,1109.3127,2068.5034,1,96.60%,3.40%,7100
5,4,1493463,99,Risk 1 (High),60601,41.88582205,-87.63230374,1,1,1,Canvass,1986,LA,1555.0583,418.896,446.0195,1646.6657,1,96.60%,3.40%,7101
5274,5273,1496991,2134644,Risk 1 (High),60616,41.85275162,-87.62442588,1,1,1,Canvass,2006,CERMAK,565.3952,438.8541,796.8984,2036.6053,1,96.60%,3.40%,7102
232,231,1496370,8404,Risk 1 (High),60625,41.98186604,-87.69283406,1,1,0,Canvass,1952,LINCOLN,587.2164,524.1165,419.2287,2851.0819,1,96.60%,3.40%,7103
941,940,1324988,36240,Risk 1 (High),60612,41.87748553,-87.66852104,1,1,1,Canvass,1972,JACKSON,488.7887,1041.8508,821.4337,1897.3412,1,96.60%,3.40%,7104
2519,2518,1325238,1544312,Risk 2 (Medium),60612,41.88091464,-87.7014386,1,1,1,Canvass,1889,MADISON,166.0038,529.1348,176.2851,2378.5184,1,96.60%,3.40%,7105
48,47,1418311,1470,Risk 1 (High),60659,41.99792642,-87.68478486,1,1,0,Canvass,2006,DEVON,189.6061,208.6932,261.5352,1524.6696,1,96.60%,3.40%,7106
1472,1471,1493346,72501,Risk 1 (High),60641,41.93869782,-87.76541114,1,1,0,Canvass,1930,BELMONT,146.8964,387.2493,453.9987,2798.5499,1,96.60%,3.40%,7107
687,686,1490306,28475,Risk 2 (Medium),60618,41.94673627,-87.70842598,1,1,0,Canvass,1987,ADDISON,439.581,904.1677,445.6726,2282.5166,1,96.61%,3.39%,7108
2774,2773,1496355,1645224,Risk 1 (High),60638,41.7815697,-87.7620132,1,1,1,Canvass,1921,CENTRAL,256.6545,1032.5673,901.2918,2723.4034,1,96.61%,3.39%,7109
5594,5593,1418429,2163519,Risk 1 (High),60659,41.99035125,-87.69614675,1,1,0,Canvass,1960,PETERSON,275.9244,573.6272,251.0186,2368.9072,1,96.61%,3.39%,7110
5713,5712,1473613,2184253,Risk 1 (High),60629,41.77916514,-87.69753257,1,1,1,Canvass,1923,63RD,271.0549,113.7679,224.1109,2814.4421,1,96.61%,3.39%,7111
4627,4626,1402196,2060680,Risk 2 (Medium),60613,41.95318313,-87.67791334,1,1,1,Complaint,1901,LINCOLN,356.0011,680.3552,368.6754,2004.3205,1,96.61%,3.39%,7112
6392,6391,1494045,2270899,Risk 1 (High),60618,41.95483275,-87.67862618,1,1,1,Canvass,1901,DAMEN,189.6038,443.8045,439.8655,2074.8115,1,96.61%,3.39%,7113
919,918,1513121,35062,Risk 3 (Low),60613,41.96160692,-87.6758913,1,1,1,Canvass,1918,MONTROSE,310.4014,262.906,281.0419,1528.2732,1,96.61%,3.39%,7114
1199,1198,1512827,48530,Risk 1 (High),60610,41.89220298,-87.6342279,1,1,1,Canvass,2004,WELLS,840.1287,630.461,634.6246,1403.4752,1,96.61%,3.39%,7115
3148,3147,1490834,1772533,Risk 2 (Medium),60641,41.95823368,-87.75222572,1,1,0,Canvass,1974,MILWAUKEE,162.7078,377.8439,605.4302,2085.1164,1,96.61%,3.39%,7116
3588,3587,1307667,1893204,Risk 1 (High),60629,41.77284946,-87.72276139,1,1,0,Canvass,1955,PULASKI,216.0756,481.2956,669.1038,4699.858,1,96.61%,3.39%,7117
4080,4079,1296869,1979615,Risk 2 (Medium),60620,41.75093166,-87.68301753,1,1,1,Complaint,2005,WESTERN,149.8207,661.0343,921.1109,2399.5972,1,96.61%,3.39%,7118
386,385,1490561,16516,Risk 1 (High),60638,41.7775098,-87.78514577,1,1,0,Canvass,1962,63RD,481.3451,655.8083,936.364,4008.708,1,96.61%,3.39%,7119
976,975,1493432,37735,Risk 1 (High),60618,41.93905185,-87.72175841,1,1,1,Canvass,1924,BELMONT,21087.1053,629.4381,355.86,1933.0873,1,96.61%,3.39%,7120
7637,7636,1325201,2355276,Risk 1 (High),60612,41.86878384,-87.68624469,1,1,0,License,2005,WESTERN,236.0321,205.0934,248.0638,2772.1991,1,96.61%,3.39%,7121
5010,5009,1325005,2108782,Risk 2 (Medium),60612,41.86878384,-87.68624469,1,1,0,Complaint,2005,WESTERN,205.4602,205.0934,248.0638,2772.1991,1,96.61%,3.39%,7122
5762,5761,1493887,2189341,Risk 1 (High),60618,41.95867813,-87.68176383,1,1,1,Canvass,1910,LINCOLN,81.1345,769.9052,614.9772,2009.6727,1,96.61%,3.39%,7123
3780,3779,1497549,1927492,Risk 1 (High),60622,41.89909971,-87.6969333,1,1,1,Canvass,1931,CALIFORNIA,286.2001,288.2632,382.7428,1712.1178,1,96.61%,3.39%,7124
5585,5584,1391378,2162620,Risk 1 (High),60660,41.9854758,-87.66904057,1,1,1,Canvass,1922,Clark,326.5608,944.3563,660.6993,1737.8505,1,96.62%,3.38%,7125
1815,1814,1460024,1167172,Risk 1 (High),60634,41.95304196,-87.78530049,1,1,0,Canvass,1931,IRVING,1090.0962,987.5412,1107.6605,3190.2577,1,96.62%,3.38%,7126
3400,3399,1307520,1847566,Risk 1 (High),60629,41.77586497,-87.72283505,1,1,0,Canvass,1968,PULASKI,667.2815,695.6764,738.7354,4509.2912,1,96.62%,3.38%,7127
2048,2047,1473326,1305117,Risk 1 (High),60632,41.80768469,-87.72964243,1,1,0,Canvass,1979,47TH,903.6468,513.0196,366.3996,3473.1673,1,96.62%,3.38%,7128
6817,6816,1107086,2303694,Risk 2 (Medium),60640,41.97806628,-87.66849575,1,0,1,License,1913,CLARK,0,473.2953,450.8311,1775.0255,1,96.62%,3.38%,7129
1631,1630,1459831,1044860,Risk 1 (High),60623,41.84406958,-87.72980747,1,1,1,Complaint,1909,26TH,338.7826,438.6272,186.9531,2026.1513,1,96.62%,3.38%,7130
86,85,1471402,2222,Risk 2 (Medium),60634,41.95328649,-87.76737907,1,1,0,Canvass,1955,IRVING,436.4467,392.5714,794.7841,2587.1572,1,96.62%,3.38%,7131
7008,7007,1307322,2309278,Risk 2 (Medium),60629,41.7793768,-87.72292751,1,1,0,License,1963,PULASKI,483.8284,813.6234,582.4788,4385.7422,1,96.62%,3.38%,7132
2675,2674,1325265,1595358,Risk 2 (Medium),60624,41.86629066,-87.72456177,1,1,0,Canvass,2006,ROOSEVELT,455.7284,412.1203,313.5736,2366.6265,1,96.62%,3.38%,7133
3392,3391,1447270,1847167,Risk 1 (High),60607,41.86918475,-87.66450967,1,1,1,Canvass,1902,TAYLOR,212.7787,462.9525,637.8768,3330.1299,1,96.62%,3.38%,7134
5729,5728,1395377,2185047,Risk 1 (High),60618,41.94308026,-87.68072843,1,1,1,Canvass,1893,ROSCOE,153.7867,325.2936,148.9742,2019.908,1,96.63%,3.37%,7135
7060,7059,1391442,2314108,Risk 1 (High),60645,42.01941677,-87.68449834,1,0,0,License,1960,RIDGE,283.8682,477.0297,591.3615,2702.0768,1,96.63%,3.37%,7136
6695,6694,1307682,2294053,Risk 1 (High),60629,41.77919212,-87.72292239,1,1,0,Canvass,1963,PULASKI,380.5958,834.6405,578.5242,4387.3796,1,96.63%,3.37%,7137
924,923,1497667,35369,Risk 1 (High),60613,41.9540604,-87.67772709,1,1,1,Complaint,1902,IRVING,321.0618,542.5758,386.1224,2055.9858,1,96.63%,3.37%,7138
5470,5469,1513012,2152530,Risk 2 (Medium),60632,41.80766199,-87.73148027,1,1,0,Canvass,1962,47TH,187.7437,565.0671,375.6062,3796.2262,1,96.63%,3.37%,7139
2916,2915,1115220,1680468,Risk 1 (High),60655,41.69163955,-87.68537627,1,1,0,Canvass,1957,111TH,377.3184,744.4749,1033.6637,6398.3044,1,96.63%,3.37%,7140
2816,2815,1490939,1648743,Risk 1 (High),60613,41.95223787,-87.67780411,1,1,1,Canvass,1912,BYRON,295.945,753.689,413.0039,1892.2363,1,96.63%,3.37%,7141
3271,3270,1464408,1817656,Risk 2 (Medium),60645,42.01942097,-87.69002508,1,1,0,Canvass,2006,HOWARD,21087.1053,991.3401,1005.5887,3009.9666,1,96.63%,3.37%,7142
6692,6691,1401698,2294005,Risk 1 (High),60647,41.9161857,-87.68752369,1,1,0,Canvass,2006,WESTERN,1053.8315,467.0848,120.3049,2191.1554,1,96.63%,3.37%,7143
4611,4610,1372486,2059952,Risk 1 (High),60602,41.88342264,-87.62802165,1,1,1,Complaint,2009,STATE,694.6888,461.7741,487.7109,1358.6362,1,96.64%,3.36%,7144
6662,6661,1418250,2293465,Risk 1 (High),60659,41.99753534,-87.69482177,1,1,0,Canvass,1959,DEVON,409.7402,468.8174,308.0136,2486.007,1,96.64%,3.36%,7145
6647,6646,1401733,2293042,Risk 1 (High),60624,41.88553355,-87.72595291,1,1,0,Canvass,2007,PULASKI,1038.5133,947.5302,372.691,2230.7961,1,96.64%,3.36%,7146
4325,4324,1424325,2013241,Risk 1 (High),60630,41.96818122,-87.74393395,1,1,0,Canvass,1924,LAWRENCE,447.4213,707.0216,278.47,2785.7112,1,96.64%,3.36%,7147
6774,6773,1401699,2299090,Risk 1 (High),60647,41.9161857,-87.68752369,1,0,0,License,2006,WESTERN,691.3291,467.0848,120.3049,2191.1554,1,96.64%,3.36%,7148
7212,7211,1459311,2326569,Risk 1 (High),60644,41.88018312,-87.76131902,1,1,0,License,1917,MADISON,296.804,436.8474,365.5425,3657.9665,1,96.64%,3.36%,7149
106,105,1490488,3643,Risk 1 (High),60618,41.95333251,-87.71879172,1,1,0,Canvass,2007,ELSTON,84.3662,400.7174,411.5331,1735.5992,1,96.64%,3.36%,7150
908,907,1447276,34515,Risk 1 (High),60606,41.88196747,-87.63516544,1,1,1,Canvass,1990,FRANKLIN,526.9033,394.6505,353.3816,1515.0998,1,96.64%,3.36%,7151
5548,5547,1385417,2157629,Risk 1 (High),60639,41.92415318,-87.74439179,1,1,0,Canvass,2006,FULLERTON,486.939,571.1722,709.268,2061.0689,1,96.64%,3.36%,7152
2608,2607,1424340,1577395,Risk 1 (High),60630,41.96817754,-87.74420787,1,1,0,Canvass,1924,LAWRENCE,733.5875,712.7697,288.2656,2818.3732,1,96.64%,3.36%,7153
3868,3867,1151950,1943566,Risk 1 (High),60609,41.79442405,-87.64443872,1,1,1,Canvass,2005,GARFIELD,346.6538,653.8152,512.9401,2094.9535,1,96.65%,3.35%,7154
1959,1958,1471435,1270793,Risk 1 (High),60634,41.93751956,-87.76660696,1,1,0,Canvass,1943,CENTRAL,345.3845,505.5715,588.0972,2789.4875,1,96.65%,3.35%,7155
2645,2644,1434280,1592391,Risk 1 (High),60634,41.94000063,-87.76669661,1,1,0,Canvass,1926,CENTRAL,368.2352,749.305,522.2106,3018.1907,1,96.65%,3.35%,7156
6899,6898,1389320,2307827,Risk 2 (Medium),60644,41.87082601,-87.74476764,1,1,0,License,1996,CICERO,611.7781,482.6032,252.9545,2243.8973,1,96.65%,3.35%,7157
4580,4579,1434579,2054578,Risk 1 (High),60623,41.84390995,-87.73412958,1,1,1,Canvass,1909,KOSTNER,756.8806,855.5325,465.4878,2353.6713,1,96.65%,3.35%,7158
5945,5944,1395827,2217108,Risk 1 (High),60634,41.9529338,-87.77722755,1,1,0,Canvass,1925,IRVING,176.1367,362.9416,379.8133,2630.8014,1,96.65%,3.35%,7159
3723,3722,1473417,1914553,Risk 2 (Medium),60641,41.95344025,-87.73602842,1,1,0,Canvass,1992,IRVING,223.2281,368.4765,970.8831,2511.4161,1,96.65%,3.35%,7160
930,929,1464483,35588,Risk 2 (Medium),60645,42.00685124,-87.6902606,1,1,0,Canvass,2007,WESTERN,500.27,509.4817,540.1047,1792.4376,1,96.65%,3.35%,7161
2078,2077,1329744,1332365,Risk 1 (High),60639,41.9249182,-87.76617144,1,1,0,Canvass,1972,CENTRAL,420.687,821.0513,590.0999,2322.0652,1,96.65%,3.35%,7162
5367,5366,1324933,2141879,Risk 1 (High),60612,41.87185371,-87.68603685,1,1,1,Canvass,1879,WESTERN,481.3451,295.0554,173.088,3028.6537,1,96.66%,3.34%,7163
6132,6131,1464277,2246291,Risk 1 (High),60645,42.01940787,-87.68821678,1,1,0,Canvass,1969,HOWARD,312.0397,1216.3089,955.7216,2924.1194,1,96.66%,3.34%,7164
3170,3169,1401268,1799983,Risk 1 (High),60707,41.93087267,-87.80558157,1,1,0,Canvass,1956,DIVERSEY,1011.9787,1137.7867,896.67,2449.3723,1,96.66%,3.34%,7165
4142,4141,1389398,1985500,Risk 1 (High),60644,41.88023863,-87.75700197,1,1,0,Canvass,1929,Madison,246.375,528.0609,291.4584,3412.6472,1,96.66%,3.34%,7166
604,603,1474131,25082,Risk 1 (High),60616,41.83078366,-87.63529578,1,1,1,Canvass,1989,35TH,410.945,1222.3372,1333.3494,3170.1653,1,96.66%,3.34%,7167
711,710,1424304,29132,Risk 1 (High),60630,41.97073187,-87.74419207,1,1,0,Canvass,1924,ELSTON,392.5017,309.1728,570.9668,3184.1469,1,96.66%,3.34%,7168
5283,5282,1439292,2134819,Risk 1 (High),60607,41.86920558,-87.66316445,0,1,1,Canvass,1911,TAYLOR,225.3325,437.3007,575.2294,3178.0396,1,96.66%,3.34%,7169
6397,6396,1329704,2271192,Risk 1 (High),60639,41.93130325,-87.75545485,1,1,0,License,1930,DIVERSEY,202.3361,323.082,436.5384,3122.9187,1,96.66%,3.34%,7170
5411,5410,1401609,2146642,Risk 1 (High),60613,41.95420874,-87.66684727,0,1,1,Canvass,1923,IRVING,387.8832,336.0983,555.5111,2069.6895,1,96.66%,3.34%,7171
3806,3805,1395780,1933456,Risk 2 (Medium),60620,41.75018934,-87.67298584,1,1,1,Complaint,2005,DAMEN,145.5613,420.4381,187.6216,1802.0585,1,96.66%,3.34%,7172
3735,3734,1491073,1915583,Risk 1 (High),60625,41.97962823,-87.70892214,1,1,0,Canvass,1966,KEDZIE,206.5864,495.5163,769.9804,2935.3004,1,96.67%,3.33%,7173
257,256,1497290,9571,Risk 1 (High),60618,41.95475904,-87.68863477,1,1,1,Canvass,1908,WESTERN,1153.0348,729.9995,510.9558,2037.2223,1,96.67%,3.33%,7174
254,253,1434419,9523,Risk 1 (High),60707,41.93133955,-87.80636676,1,1,0,Canvass,1958,HARLEM,418.2182,1185.0274,1039.4173,2556.5835,1,96.67%,3.33%,7175
632,631,1464416,26164,Risk 1 (High),60626,42.00174202,-87.67841912,1,1,1,Canvass,1965,RIDGE,488.384,948.331,983.8717,1088.2466,1,96.67%,3.33%,7176
1089,1088,1497227,42945,Risk 2 (Medium),60643,41.68441279,-87.68107105,1,1,0,Canvass,1956,WESTERN,318.3202,815.4274,1672.4729,7382.2625,1,96.67%,3.33%,7177
4225,4224,1464353,1998810,Risk 1 (High),60626,42.00800013,-87.66687083,1,1,1,Canvass,1932,MORSE,653.6783,320.0691,325.1896,1120.0068,1,96.67%,3.33%,7178
5463,5462,1199550,2152397,Risk 2 (Medium),60661,41.88418751,-87.64111967,1,0,1,Canvass,2000,CLINTON,837.5863,799.3478,698.9896,1672.9061,1,96.67%,3.33%,7179
4637,4636,1408248,2064121,Risk 1 (High),60647,41.92475132,-87.69180095,1,1,1,Canvass,1889,FULLERTON,422.0964,871.2923,69.6792,2109.4488,1,96.67%,3.33%,7180
114,113,1434369,3726,Risk 2 (Medium),60707,41.9322075,-87.80639665,1,1,0,Canvass,1958,HARLEM,1068.9717,1326.6836,1058.1387,2593.509,1,96.67%,3.33%,7181
5228,5227,1107115,2130340,Risk 1 (High),60640,41.96531063,-87.65578122,1,1,1,Canvass,1906,WILSON,688.918,596.4893,214.9587,2058.3169,1,96.67%,3.33%,7182
7657,7656,1497727,2358628,Risk 2 (Medium),60643,41.72108059,-87.67996165,1,1,0,License,2005,95th,533.3816,366.0166,633.6248,4854.3707,1,96.67%,3.33%,7183
1482,1481,1401390,74883,Risk 1 (High),60618,41.94329621,-87.68094112,1,1,1,Canvass,1899,ROSCOE,456.0208,343.966,156.8481,2022.1569,1,96.67%,3.33%,7184
5633,5632,1459415,2172667,Risk 1 (High),60707,41.92365708,-87.80165652,1,1,0,Canvass,1956,GRAND,266.5151,578.9421,512.7519,2152.7336,1,96.67%,3.33%,7185
5059,5058,1329707,2114597,Risk 2 (Medium),60639,41.91571015,-87.74590775,1,1,1,Canvass,1907,CICERO,680.5265,707.7646,718.9022,1919.4547,1,96.67%,3.33%,7186
5885,5884,1460207,2202572,Risk 1 (High),60618,41.96123967,-87.71307662,1,1,1,Canvass,1927,MONTROSE,456.8873,446.175,239.2896,950.9608,1,96.67%,3.33%,7187
7183,7182,1460099,2321063,Risk 1 (High),60707,41.92365574,-87.80190452,1,1,0,License,1956,GRAND,106.7912,565.0903,520.9726,2158.188,1,96.67%,3.33%,7188
4457,4456,1199569,2032333,Risk 2 (Medium),60661,41.88418751,-87.64111967,1,1,1,Canvass,2000,CLINTON,525.4699,799.3478,698.9896,1672.9061,1,96.67%,3.33%,7189
5749,5748,1324925,2188927,Risk 1 (High),60612,41.87136341,-87.68631729,1,1,1,Canvass,1889,WESTERN,205.1493,247.0864,263.1979,2972.2339,1,96.68%,3.32%,7190
400,399,1491003,17349,Risk 2 (Medium),60641,41.95346817,-87.75230593,1,1,0,Canvass,1963,IRVING,275.9244,653.8901,397.184,2244.7872,1,96.68%,3.32%,7191
1384,1383,1418462,64171,Risk 1 (High),60657,41.94640883,-87.65570669,1,1,1,Canvass,1947,CLARK,21087.1053,523.2525,209.3263,2246.1477,1,96.68%,3.32%,7192
5709,5708,1464417,2184159,Risk 1 (High),60660,41.99288645,-87.66050315,1,1,1,Canvass,1911,BROADWAY,665.1676,423.271,483.8016,1981.8363,1,96.68%,3.32%,7193
2427,2426,1497258,1494444,Risk 2 (Medium),60618,41.95767395,-87.68138945,1,1,1,Canvass,1902,LINCOLN,231.2678,706.4334,319.9583,1998.1444,1,96.68%,3.32%,7194
2236,2235,1307538,1441906,Risk 1 (High),60629,41.77878424,-87.72157517,1,1,0,Canvass,1971,63RD,40.3048,932.4632,534.186,4295.5795,1,96.68%,3.32%,7195
6031,6030,1491067,2232612,Risk 2 (Medium),60641,41.95310073,-87.76465693,1,1,0,Canvass,1955,IRVING,503.6133,542.8206,501.9058,2403.6581,1,96.68%,3.32%,7196
2714,2713,1115223,1616804,Risk 2 (Medium),60652,41.74270331,-87.70205643,1,1,0,Canvass,2005,KEDZIE,222.3866,741.6483,234.3715,3868.2904,1,96.68%,3.32%,7197
1970,1969,1401796,1272499,Risk 1 (High),60654,41.8941867,-87.62799202,1,1,1,Canvass,2002,STATE,196.4708,510.8586,600.804,1620.6904,1,96.68%,3.32%,7198
315,314,1471349,12532,Risk 1 (High),60634,41.95276473,-87.78907688,1,1,0,Canvass,1967,IRVING,970.1091,1295.2461,1534.3543,3043.3841,1,96.68%,3.32%,7199
3611,3610,1493367,1898317,Risk 1 (High),60603,41.88163119,-87.62605243,1,1,1,Canvass,2006,WABASH,392.4881,210.8937,194.1916,1228.439,1,96.68%,3.32%,7200
7696,7695,1497408,2359302,Risk 2 (Medium),60643,41.72028188,-87.6818967,1,1,0,License,2008,WESTERN,183.7232,443.5134,1068.0716,5305.3021,1,96.68%,3.32%,7201
5352,5351,1473949,2141272,Risk 1 (High),60638,41.79199587,-87.79425799,1,1,1,Canvass,1949,ARCHER,278.6287,1163.8139,659.6996,1512.7068,1,96.69%,3.31%,7202
3369,3368,1434340,1844293,Risk 1 (High),60618,41.96123763,-87.71328438,1,1,1,Canvass,1924,MONTROSE,371.6871,442.1409,206.8115,1000.7107,1,96.69%,3.31%,7203
4595,4594,1399219,2055437,Risk 1 (High),60625,41.96855298,-87.70920976,1,1,1,Canvass,1921,LAWRENCE,259.928,782.3236,494.8121,1365.4655,1,96.69%,3.31%,7204
5666,5665,1464208,2178008,Risk 1 (High),60626,42.00985571,-87.67401205,1,1,1,Canvass,1919,CLARK,439.6466,961.6753,175.6744,1091.6641,1,96.69%,3.31%,7205
5831,5830,1490882,2196607,Risk 1 (High),60613,41.95303244,-87.65435476,1,1,1,Canvass,1924,SHERIDAN,442.3167,430.8741,440.486,2147.1214,1,96.69%,3.31%,7206
4521,4520,1325087,2042998,Risk 1 (High),60647,41.90995972,-87.7104295,1,1,0,Canvass,1990,NORTH,181.4379,617.5749,57.8277,2294.7626,1,96.69%,3.31%,7207
2451,2450,1490466,1496158,Risk 2 (Medium),60625,41.96461176,-87.70849944,1,1,0,Canvass,2006,KEDZIE,519.0327,829.4442,270.7069,1729.4334,1,96.69%,3.31%,7208
4927,4926,1496219,2094560,Risk 1 (High),60613,41.95296442,-87.65464669,1,1,1,Canvass,1924,SHERIDAN,780.663,437.4501,442.3913,2171.1445,1,96.70%,3.30%,7209
4642,4641,1471510,2064431,Risk 2 (Medium),60639,41.909157,-87.77452778,1,1,0,Canvass,1993,NORTH,1381.5284,584.1846,288.8081,1727.601,1,96.70%,3.30%,7210
4298,4297,1434299,2008719,Risk 2 (Medium),60647,41.91969266,-87.68762594,1,1,1,Complaint,1912,WESTERN,797.9336,584.4068,242.8923,2052.1903,1,96.70%,3.30%,7211
6949,6948,1399257,2308306,Risk 1 (High),60625,41.98020552,-87.69260038,1,1,0,License,1961,LINCOLN,359.6741,356.1892,519.0648,3040.1714,1,96.70%,3.30%,7212
1944,1943,1460152,1248488,Risk 1 (High),60613,41.95073517,-87.6688129,1,1,1,Canvass,1916,ASHLAND,631.2033,559.87,203.1976,1872.3196,1,96.70%,3.30%,7213
3762,3761,1490230,1926615,Risk 1 (High),60618,41.93811658,-87.72201224,1,1,0,Canvass,2006,MILWAUKEE,66.1352,610.1055,424.5084,1998.8812,1,96.70%,3.30%,7214
5037,5036,1474147,2113557,Risk 1 (High),60638,41.79617425,-87.76257753,1,1,0,Canvass,1913,CENTRAL,306.7187,1032.6933,749.2229,5082.3033,1,96.70%,3.30%,7215
3537,3536,1496741,1884390,Risk 1 (High),60654,41.89418045,-87.62821813,1,1,1,Canvass,2007,ERIE,252.2801,492.4324,629.2661,1598.8002,1,96.70%,3.30%,7216
2290,2289,1343603,1470843,Risk 1 (High),60613,41.95377883,-87.64985956,1,1,1,Canvass,1928,BROADWAY,1062.4089,506.3843,227.4405,1911.4845,1,96.70%,3.30%,7217
149,148,1482508,4956,Risk 2 (Medium),60640,41.97774202,-87.66850646,0,1,1,Canvass,1929,CLARK,2797.0337,560.2184,523.3165,1840.0536,1,96.70%,3.30%,7218
1827,1826,1395381,1168341,Risk 1 (High),60654,41.89528332,-87.63283171,1,1,1,Canvass,1974,LA,403.9076,512.5175,353.7302,1883.8022,1,96.71%,3.29%,7219
6310,6309,1345841,2263063,Risk 1 (High),60659,41.9951771,-87.69970469,1,1,0,Canvass,1963,CALIFORNIA,507.0207,299.881,408.2813,2660.8839,1,96.71%,3.29%,7220
3697,3696,1497621,1909527,Risk 2 (Medium),60610,41.90885673,-87.63837516,1,1,1,Canvass,2001,SEDGWICK,630.3573,92.1724,167.624,949.6046,1,96.71%,3.29%,7221
4259,4258,1325133,2003571,Risk 1 (High),60624,41.88070919,-87.73643718,1,1,1,Canvass,1928,MADISON,706.4445,416.4258,355.1229,1618.4032,1,96.71%,3.29%,7222
467,466,1418219,20904,Risk 1 (High),60659,41.99030461,-87.70431284,1,1,0,Canvass,1956,PETERSON,115.6047,1039.7024,508.9105,2847.1824,1,96.71%,3.29%,7223
1080,1079,1471442,42484,Risk 1 (High),60634,41.93735507,-87.76630745,1,1,0,Canvass,1950,CENTRAL,254.947,499.0631,560.0208,2765.9511,1,96.71%,3.29%,7224
6799,6798,1418272,2299479,Risk 1 (High),60659,41.99523276,-87.69970638,1,0,0,License,1963,CALIFORNIA,643.1219,295.4267,394.5151,2663.5975,1,96.71%,3.29%,7225
4809,4808,1395340,2083998,Risk 1 (High),60630,41.97704127,-87.75442839,1,1,0,Canvass Re-Inspection,1970,ELSTON,412.498,678.6446,1051.8129,2721.1472,1,96.71%,3.29%,7226
1521,1520,1228461,78794,Risk 1 (High),60605,41.8640026,-87.62393205,1,1,1,Canvass,2007,MICHIGAN,1081.9136,425.6257,464.1948,1809.6441,1,96.71%,3.29%,7227
978,977,1493722,37803,Risk 1 (High),60616,41.85388797,-87.63450743,1,1,1,Canvass,1998,CHINA,651.0835,192.9586,510.3478,2008.6466,1,96.72%,3.28%,7228
2047,2046,1324883,1305113,Risk 1 (High),60612,41.8688772,-87.6853578,1,1,1,Short Form Complaint,1908,TAYLOR,344.9514,292.1883,251.0141,2705.3456,1,96.72%,3.28%,7229
4435,4434,1435069,2031413,Risk 1 (High),60625,41.98134577,-87.69265967,1,1,0,Canvass,1962,lincoln,163.6711,395.7939,403.0261,2910.8124,1,96.72%,3.28%,7230
6534,6533,1418273,2284190,Risk 1 (High),60659,41.99523276,-87.69970638,1,1,0,Canvass,1963,CALIFORNIA,133.1942,295.4267,394.5151,2663.5975,1,96.72%,3.28%,7231
6670,6669,1329664,2293643,Risk 1 (High),60639,41.93141405,-87.74740231,1,1,0,License,1930,Diversey,406.0492,516.7657,496.9702,3438.2819,1,96.72%,3.28%,7232
2813,2812,1391474,1648523,Risk 1 (High),60626,42.00488092,-87.66101071,1,1,1,Canvass,1908,SHERIDAN,453.4871,376.196,320.2972,1834.1126,1,96.73%,3.27%,7233
83,82,1496717,2217,Risk 2 (Medium),60639,41.9316371,-87.74710185,1,1,0,Canvass,1930,DIVERSEY,89.6003,461.5489,527.1953,3471.46,1,96.73%,3.27%,7234
7542,7541,1493512,2349674,Risk 1 (High),60618,41.93447945,-87.71650804,1,0,0,License,2007,MILWAUKEE,126.1827,373.7397,192.7505,1888.7765,1,96.73%,3.27%,7235
2795,2794,1307651,1647307,Risk 1 (High),60629,41.76399366,-87.72208036,1,1,0,Canvass,1960,71ST,667.2815,688.8099,442.9637,4698.159,1,96.73%,3.27%,7236
4021,4020,1389331,1969701,Risk 2 (Medium),60644,41.8804472,-87.75775505,1,1,0,Canvass,1935,Madison,235.1252,465.4414,270.089,3422.8658,1,96.73%,3.27%,7237
6871,6870,1401278,2304565,Risk 2 (Medium),60652,41.74298525,-87.70206428,1,1,0,License,2005,KEDZIE,660.641,769.8946,134.4119,3871.7448,1,96.73%,3.27%,7238
5626,5625,1459473,2172532,Risk 1 (High),60625,41.9685443,-87.71038828,1,1,1,Canvass,1917,LAWRENCE,272.139,709.9163,376.7009,1391.4163,1,96.73%,3.27%,7239
7308,7307,1325050,2333015,Risk 2 (Medium),60612,41.87503334,-87.668753,1,1,1,License,1972,CONGRESS,345.3845,1688.6481,1118.03,2532.4251,1,96.73%,3.27%,7240
1781,1780,1464237,1144342,Risk 1 (High),60626,42.00727086,-87.67371086,1,1,1,Canvass,1912,CLARK,181.4346,621.8492,204.9084,1416.4453,1,96.73%,3.27%,7241
7796,7795,1515399,2364363,Risk 1 (High),60659,41.98293113,-87.71115251,1,1,0,License,1926,BRYN,584.1176,404.5101,392.7034,3426.4398,1,96.74%,3.26%,7242
1187,1186,1345842,47917,Risk 1 (High),60659,41.99539959,-87.69971134,1,1,0,Canvass,1963,CALIFORNIA,623.0364,290.8065,357.0695,2672.0224,1,96.74%,3.26%,7243
1771,1770,1418216,1143174,Risk 1 (High),60646,41.99402273,-87.78453052,1,1,0,Canvass,1930,MILWAUKEE,747.3404,680.9705,312.0487,2163.1906,1,96.74%,3.26%,7244
7551,7550,1385777,2350031,Risk 2 (Medium),60612,41.88123342,-87.69038959,1,1,0,License,2010,MADISON,1771.6843,620.1484,786.4758,3461.5292,1,96.74%,3.26%,7245
3590,3589,1459271,1893362,Risk 1 (High),60652,41.74971286,-87.71976333,1,1,1,Canvass,1961,79TH,454.7813,855.8395,933.496,3133.1514,1,96.74%,3.26%,7246
5579,5578,1151980,2162462,Risk 1 (High),60637,41.78579096,-87.60374469,1,1,1,Canvass,2012,60TH,345.2776,725.674,1308.5918,3735.011,1,96.74%,3.26%,7247
5286,5285,1401258,2136991,Risk 2 (Medium),60707,41.92974701,-87.80631038,1,1,0,License,1962,HARLEM,351.9402,975.3844,868.1196,2467.6021,1,96.74%,3.26%,7248
3065,3064,1471316,1742352,Risk 1 (High),60634,41.93830438,-87.77876303,1,1,0,Canvass,1930,BELMONT,434.166,882.6823,534.1497,3013.976,1,96.74%,3.26%,7249
3586,3585,1401526,1892955,Risk 1 (High),60613,41.95419279,-87.66810945,1,1,1,Canvass,1925,IRVING,1070.2542,644.2758,351.9552,1951.5465,1,96.74%,3.26%,7250
3844,3843,1418305,1939050,Risk 2 (Medium),60659,41.98293113,-87.71115251,1,1,0,Canvass,1926,BRYN,355.989,404.5101,392.7034,3426.4398,1,96.74%,3.26%,7251
1667,1666,1152030,1070164,Risk 1 (High),60609,41.83048987,-87.67620688,1,1,1,Canvass,1898,35TH,122.0463,831.89,188.9204,3330.9816,1,96.74%,3.26%,7252
1611,1610,1459418,1042910,Risk 1 (High),60638,41.77764538,-87.77706596,1,1,0,Canvass,1956,63RD,605.4317,1130.59,473.459,3957.0233,1,96.74%,3.26%,7253
6245,6244,1471338,2256277,Risk 1 (High),60634,41.93844282,-87.76831838,1,1,0,Canvass,1948,BELMONT,752.7535,566.3404,643.2264,2965.0418,1,96.75%,3.25%,7254
6898,6897,1329694,2307826,Risk 1 (High),60639,41.92229033,-87.78469456,1,1,0,License,1957,GRAND,559.3863,661.3008,381.3364,2392.8113,1,96.75%,3.25%,7255
1473,1472,1329734,73325,Risk 1 (High),60639,41.92383773,-87.76812296,1,1,0,Canvass,1970,FULLERTON,46.3991,631.2481,476.4895,2434.9322,1,96.75%,3.25%,7256
2892,2891,1345872,1678004,Risk 1 (High),60659,41.98292525,-87.71161309,1,1,0,Canvass,1926,BRYN,98.0106,455.5299,417.2119,3461.0361,1,96.75%,3.25%,7257
177,176,1473482,6475,Risk 1 (High),60626,42.00803845,-87.66481712,1,1,1,Canvass,1930,MORSE,494.9683,559.0104,451.6449,1509.2469,1,96.75%,3.25%,7258
7434,7433,1471407,2341076,Risk 2 (Medium),60634,41.95326311,-87.76931122,1,1,0,License,1963,IRVING,328.0662,250.2904,820.1834,2732.3816,1,96.75%,3.25%,7259
2615,2614,1493320,1578392,Risk 2 (Medium),60602,41.88371685,-87.62608622,1,1,1,Canvass,2005,WABASH,364.2627,345.9497,484.9683,1723.53,1,96.75%,3.25%,7260
4601,4600,1473496,2059426,Risk 1 (High),60613,41.95409303,-87.67519473,1,1,1,Canvass,1924,IRVING,1325.5499,567.0195,511.9992,2118.8436,1,96.75%,3.25%,7261
3732,3731,1372500,1915457,Risk 1 (High),60601,41.88577819,-87.62779374,1,1,1,Canvass,2009,STATE,790.4741,537.4682,521.0186,1651.616,1,96.75%,3.25%,7262
1260,1259,1092899,52559,Risk 2 (Medium),60657,41.9371402,-87.64822755,1,1,1,Canvass,1985,CLARK,332.2821,387.2442,328.271,1148.326,1,96.75%,3.25%,7263
4026,4025,1391478,1969808,Risk 1 (High),60626,42.00542382,-87.66104613,1,1,1,Canvass,1916,SHERIDAN,282.5602,404.0109,342.7607,1752.7439,1,96.75%,3.25%,7264
2469,2468,1395572,1515180,Risk 1 (High),60654,41.89658519,-87.64299618,1,1,1,Canvass,2005,CHICAGO,219.0672,1044.0695,746.1455,1645.7365,1,96.75%,3.25%,7265
5673,5672,1474132,2179299,Risk 1 (High),60638,41.77526935,-87.74203845,1,1,0,Canvass,1967,CICERO,250.4764,849.5336,802.2206,4651.3225,1,96.76%,3.24%,7266
1325,1324,1372489,58044,Risk 1 (High),60601,41.88463208,-87.62224799,1,1,1,Complaint,2006,RANDOLPH,972.7828,819.7393,523.4633,1795.5677,1,96.76%,3.24%,7267
5592,5591,1491157,2163282,Risk 1 (High),60654,41.89658519,-87.64299618,1,1,1,Canvass,2005,CHICAGO,129.7205,1044.0695,746.1455,1645.7365,1,96.76%,3.24%,7268
5878,5877,1490768,2202338,Risk 1 (High),60608,41.8545692,-87.66413574,1,1,1,Canvass,1939,BLUE,266.3627,616.0267,663.6749,3050.7646,1,96.76%,3.24%,7269
3731,3730,1372498,1915447,Risk 1 (High),60601,41.88577819,-87.62779374,1,1,1,Canvass,2009,STATE,401.4509,537.4682,521.0186,1651.616,1,96.76%,3.24%,7270
5372,5371,1372499,2142351,Risk 1 (High),60601,41.88577819,-87.62779374,1,1,1,Canvass,2009,STATE,131.1629,537.4682,521.0186,1651.616,1,96.76%,3.24%,7271
7552,7551,1385778,2350033,Risk 2 (Medium),60612,41.88123342,-87.69038959,1,0,0,License,2010,MADISON,177.7845,620.1484,786.4758,3461.5292,1,96.76%,3.24%,7272
4091,4090,1372532,1979981,Risk 1 (High),60601,41.88463208,-87.62224799,1,1,1,Canvass,2006,Randolph,396.3173,819.7393,523.4633,1795.5677,1,96.77%,3.23%,7273
4095,4094,1325357,1979997,Risk 2 (Medium),60612,41.87642685,-87.66917652,1,1,1,Canvass,1985,Van,381.9443,1419.2404,1007.2825,2219.3071,1,96.77%,3.23%,7274
5554,5553,1473601,2157805,Risk 1 (High),60629,41.78658293,-87.68960547,1,1,1,Canvass,1954,59TH,49.946,503.0908,371.4974,2731.1841,1,96.77%,3.23%,7275
1497,1496,1471444,76170,Risk 1 (High),60634,41.95302031,-87.770968,1,1,0,Canvass,1953,IRVING,298.7489,307.6599,718.6771,2833.3158,1,96.77%,3.23%,7276
3200,3199,1372581,1801753,Risk 1 (High),60601,41.88463208,-87.62224799,1,1,1,Canvass,2006,RANDOLPH,246.9822,819.7393,523.4633,1795.5677,1,96.77%,3.23%,7277
7286,7285,1501400,2328292,Risk 1 (High),60641,41.93916539,-87.74672887,1,1,0,License,1928,CICERO,1303.5298,389.766,196.257,3208.7691,1,96.77%,3.23%,7278
1010,1009,1493495,39192,Risk 1 (High),60638,41.79475316,-87.76937662,1,1,0,Canvass,1959,ARCHER,185.7067,1094.5166,610.1613,4052.0787,1,96.77%,3.23%,7279
992,991,1399250,38156,Risk 1 (High),60625,41.98038076,-87.69261453,1,1,0,Canvass,1969,LINCOLN,605.0618,346.0656,492.0097,3031.9475,1,96.77%,3.23%,7280
5906,5905,1372548,2202890,Risk 1 (High),60601,41.88539005,-87.61898671,1,1,1,Canvass,2011,BENTON,521.4371,996.8227,492.1352,1702.4316,1,96.77%,3.23%,7281
178,177,1307306,6476,Risk 1 (High),60629,41.77165015,-87.72272965,1,1,0,Canvass,1956,PULASKI,124.6543,594.1958,462.9914,4818.9008,1,96.78%,3.22%,7282
3186,3185,1418425,1800742,Risk 2 (Medium),60630,41.9691923,-87.72820341,1,1,0,Canvass,2007,PULASKI,411.7705,858.0829,422.4028,1772.5714,1,96.78%,3.22%,7283
3264,3263,1459366,1817167,Risk 1 (High),60641,41.944317,-87.74716146,1,1,0,Canvass,1926,CICERO,1559.4816,673.8533,141.6495,3136.9838,1,96.78%,3.22%,7284
4593,4592,1418427,2055430,Risk 2 (Medium),60630,41.9691923,-87.72820341,1,1,0,Canvass,2007,PULASKI,367.998,858.0829,422.4028,1772.5714,1,96.78%,3.22%,7285
5333,5332,1395519,2138371,Risk 1 (High),60601,41.88539005,-87.61898671,1,1,1,Canvass,2011,BENTON,257.7395,996.8227,492.1352,1702.4316,1,96.78%,3.22%,7286
5201,5200,1372547,2129639,Risk 1 (High),60601,41.88539005,-87.61898671,1,1,1,Canvass,2011,BENTON,257.2973,996.8227,492.1352,1702.4316,1,96.78%,3.22%,7287
4596,4595,1496969,2055445,Risk 1 (High),60616,41.84755805,-87.64549599,1,1,1,Canvass,2006,ARCHER,148.992,1291.8383,803.1144,2163.539,1,96.78%,3.22%,7288
3667,3666,1401776,1905411,Risk 1 (High),60615,41.7955584,-87.62396332,1,1,1,Canvass,1918,WABASH,962.2839,497.3704,567.1388,4546.6594,1,96.78%,3.22%,7289
394,393,1471330,17161,Risk 1 (High),60634,41.94938962,-87.80700291,1,1,0,Canvass,1985,HARLEM,457.7908,853.9863,870.0188,1917.9651,1,96.78%,3.22%,7290
6808,6807,1424278,2303631,Risk 1 (High),60630,41.96811502,-87.72955401,1,1,0,Canvass,2006,LAWRENCE,246.7341,966.3029,552.4792,1938.5548,1,96.78%,3.22%,7291
167,166,1493461,6292,Risk 1 (High),60638,41.7776491,-87.79045984,1,1,0,Canvass,1974,63RD,244.7577,830.1482,750.0507,3845.1232,1,96.78%,3.22%,7292
4121,4120,1506303,1981060,Risk 3 (Low),60634,41.93867671,-87.7671863,1,1,0,Canvass,1956,Belmont,632.7982,561.5266,649.4419,2903.6141,1,96.78%,3.22%,7293
125,124,1491072,3801,Risk 2 (Medium),60618,41.95381893,-87.70673205,1,1,1,Canvass,1911,IRVING,287.6279,649.3567,679.3769,2194.6254,1,96.78%,3.22%,7294
798,797,1490465,32813,Risk 1 (High),60613,41.94970619,-87.65870141,1,1,1,Canvass,1918,CLARK,70.4902,508.4456,274.5148,2251.8322,1,96.79%,3.21%,7295
3600,3599,1464479,1893935,Risk 1 (High),60626,42.00565706,-87.66037856,1,1,1,Canvass,1926,PRATT,521.1229,450.5807,377.7505,1681.6101,1,96.79%,3.21%,7296
3139,3138,1496390,1771442,Risk 1 (High),60639,41.93150296,-87.75692545,1,1,0,Canvass,1959,DIVERSEY,474.7213,444.236,536.3456,2927.8429,1,96.79%,3.21%,7297
1962,1961,1305545,1271633,Risk 1 (High),60623,41.83908027,-87.71205827,1,1,1,Canvass,1926,ST,102.706,411.1736,279.4383,2458.0245,1,96.79%,3.21%,7298
3050,3049,1324926,1741161,Risk 2 (Medium),60612,41.873217,-87.67567518,1,1,1,Complaint,1981,OGDEN,271.2261,1304.3422,1350.2422,2716.3424,1,96.79%,3.21%,7299
3836,3835,1228409,1938462,Risk 1 (High),60605,41.8644656,-87.6239358,1,1,1,Canvass,2007,MICHIGAN,101.2017,484.62,468.374,1948.7569,1,96.79%,3.21%,7300
6552,6551,1474129,2284613,Risk 1 (High),60626,42.00568707,-87.66080018,1,1,1,License Re-Inspection,1926,SHERIDAN,401.4509,409.9498,376.798,1686.1189,1,96.79%,3.21%,7301
412,411,1418317,17938,Risk 1 (High),60659,41.98292283,-87.71178201,1,1,0,Canvass,1931,BRYN,525.938,480.7276,416.3743,3475.0036,1,96.79%,3.21%,7302
2028,2027,1418398,1300871,Risk 2 (Medium),60659,41.98316084,-87.71045236,1,1,0,Canvass,1930,BRYN,625.8107,337.0565,314.8925,3405.7446,1,96.79%,3.21%,7303
795,794,1474001,32693,Risk 1 (High),60638,41.79256532,-87.80140184,1,1,1,Canvass,1992,HARLEM,137.2693,839.4481,1115.7041,1355.1656,1,96.79%,3.21%,7304
4170,4169,1473559,1990870,Risk 1 (High),60641,41.93898927,-87.74672747,1,1,0,Canvass,1928,CICERO,195.324,391.8954,185.0303,3217.1835,1,96.80%,3.20%,7305
961,960,1473470,37220,Risk 1 (High),60654,41.89399188,-87.64284995,1,1,1,Canvass,2006,ERIE,189.6437,1048.1766,658.7759,1648.7212,1,96.80%,3.20%,7306
1565,1564,1494109,83111,Risk 2 (Medium),60622,41.9089214,-87.6775678,1,1,1,Complaint,1967,DAMEN,586.581,437.3668,152.5932,1300.839,1,96.80%,3.20%,7307
4646,4645,1459513,2064468,Risk 1 (High),60618,41.95762626,-87.68842561,1,1,1,Canvass,1913,WESTERN,906.7432,326.0046,552.0209,2297.6367,1,96.80%,3.20%,7308
490,489,1490234,21611,Risk 1 (High),60608,41.84111018,-87.68542554,1,1,1,Canvass,1995,WESTERN,91.4777,2102.7303,1771.23,3074.8779,1,96.80%,3.20%,7309
4454,4453,1473524,2032247,Risk 1 (High),60618,41.95403468,-87.71942863,1,1,1,Canvass,1912,ELSTON,73.1352,583.1105,438.0008,1758.8425,1,96.80%,3.20%,7310
4910,4909,1473312,2093908,Risk 2 (Medium),60707,41.93085132,-87.78775565,1,1,0,Canvass,2004,DIVERSEY,21087.1053,1040.9319,865.4865,2831.2457,1,96.80%,3.20%,7311
1272,1271,1418231,53845,Risk 1 (High),60659,41.99766054,-87.70021252,1,1,0,Canvass,1955,DEVON,698.0167,462.1407,281.9239,2868.8601,1,96.80%,3.20%,7312
1403,1402,1453373,65747,Risk 1 (High),60607,41.88338938,-87.6530979,1,1,1,Canvass,2006,CARPENTER,275.4555,668.7075,523.9458,1495.7489,1,96.80%,3.20%,7313
3374,3373,1473423,1844787,Risk 1 (High),60622,41.9089214,-87.6775678,1,1,1,Canvass,1967,DAMEN,339.6852,437.3668,152.5932,1300.839,1,96.80%,3.20%,7314
4657,4656,1401463,2064973,Risk 2 (Medium),60634,41.94899257,-87.80699019,1,1,0,Canvass,1985,HARLEM,307.5619,840.2552,836.425,1936.6831,1,96.81%,3.19%,7315
5181,5180,1329745,2129098,Risk 1 (High),60639,41.92682882,-87.7560987,1,1,0,Canvass,1960,LARAMIE,193.5053,403.2644,195.4124,2592.5347,1,96.81%,3.19%,7316
7125,7124,1434347,2319942,Risk 2 (Medium),60625,41.96576551,-87.68652127,1,1,1,License,1929,LINCOLN,109.6938,275.8584,468.1835,1810.0387,1,96.81%,3.19%,7317
5484,5483,1512802,2152780,Risk 2 (Medium),60614,41.91809714,-87.64658724,1,1,1,Canvass,1998,ARMITAGE,764.6739,860.3237,287.8903,1159.1338,1,96.81%,3.19%,7318
1261,1260,1490859,52646,Risk 1 (High),60613,41.94846119,-87.66390462,1,1,1,Canvass,1921,SOUTHPORT,413.3056,602.4438,350.5021,2292.8558,1,96.81%,3.19%,7319
816,815,1387595,33183,Risk 1 (High),60619,41.75119526,-87.60365276,1,1,1,Canvass,2005,79TH,204.7815,250.2796,131.3541,3004.8037,1,96.81%,3.19%,7320
3648,3647,1372352,1904148,Risk 1 (High),60602,41.88248143,-87.62607683,1,1,1,Canvass,2006,WABASH,357.5182,102.8616,82.2181,1399.6976,1,96.81%,3.19%,7321
4872,4871,1496486,2089173,Risk 1 (High),60625,41.98194878,-87.69336921,1,1,0,Canvass,1973,LINCOLN,101.5328,555.929,411.2182,2890.7796,1,96.81%,3.19%,7322
3615,3614,1372439,1898430,Risk 1 (High),60602,41.88256707,-87.62607878,1,1,1,Complaint,2006,WABASH,76.429,124.2352,109.369,1419.6592,1,96.81%,3.19%,7323
5719,5718,1473618,2184424,Risk 1 (High),60642,41.90502126,-87.65251954,1,1,1,Canvass,2005,EVERGREEN,591.1626,1854.7556,1083.3931,1945.4313,1,96.81%,3.19%,7324
2552,2551,1286360,1547706,Risk 1 (High),60606,41.8829406,-87.63400629,1,1,1,Canvass,2010,WELLS,256.2917,342.5843,358.4755,1529.2601,1,96.82%,3.18%,7325
601,600,1471318,25026,Risk 1 (High),60634,41.93848548,-87.78187631,1,1,0,Canvass,1958,BELMONT,348.7087,938.6226,603.6941,2667.2079,1,96.82%,3.18%,7326
5220,5219,1395552,2130102,Risk 1 (High),60634,41.93554618,-87.76654136,1,1,0,Canvass,1946,CENTRAL,58.5681,595.6147,263.8608,2749.0913,1,96.82%,3.18%,7327
6496,6495,1435161,2283151,Risk 1 (High),60651,41.90398321,-87.7212449,1,1,1,Canvass,1923,GRAND,360.8468,391.3072,401.8773,2010.6028,1,96.82%,3.18%,7328
1732,1731,1441251,1123284,Risk 2 (Medium),60657,41.94094464,-87.66884145,1,1,1,Canvass,2009,ASHLAND,707.9282,352.3659,273.3969,466.7555,1,96.82%,3.18%,7329
4523,4522,1460112,2043152,Risk 1 (High),60618,41.9593807,-87.68877407,1,1,1,Canvass,1918,WESTERN,429.3375,561.9719,607.383,2264.0681,1,96.82%,3.18%,7330
1050,1049,1460055,40853,Risk 1 (High),60654,41.89402711,-87.63428072,1,1,1,Canvass,1985,WELLS,410.625,654.2745,307.0435,1874.0828,1,96.83%,3.17%,7331
5679,5678,1372409,2179872,Risk 2 (Medium),60614,41.92230468,-87.64850217,1,1,1,Canvass,2006,2217,519.0782,308.8696,233.2433,933.5601,1,96.83%,3.17%,7332
4027,4026,1473503,1969907,Risk 1 (High),60618,41.95403155,-87.70771986,1,1,1,Canvass,1918,IRVING,388.2902,617.2379,659.1599,2128.288,1,96.83%,3.17%,7333
4514,4513,1410224,2042610,Risk 1 (High),60616,41.8552817,-87.63199264,1,1,1,Canvass,2006,WENTWORTH,445.4432,434.2769,348.8954,1921.1048,1,96.83%,3.17%,7334
384,383,1307617,16310,Risk 1 (High),60629,41.7786219,-87.73530382,1,1,0,Canvass,1917,63RD,710.4648,744.2075,85.4068,5079.9196,1,96.83%,3.17%,7335
4575,4574,1410226,2053884,Risk 1 (High),60616,41.8552817,-87.63199264,1,1,1,Canvass,2006,WENTWORTH,337.301,434.2769,348.8954,1921.1048,1,96.83%,3.17%,7336
5583,5582,1410223,2162560,Risk 1 (High),60616,41.8552817,-87.63199264,1,1,1,Canvass,2006,WENTWORTH,266.9295,434.2769,348.8954,1921.1048,1,96.83%,3.17%,7337
1476,1475,1307559,74033,Risk 1 (High),60629,41.76869209,-87.72265419,1,1,0,Canvass,1962,PULASKI,461.4958,444.332,489.0275,4923.9182,1,96.83%,3.17%,7338
2867,2866,1490738,1675911,Risk 1 (High),60618,41.95419358,-87.68367527,1,1,1,Canvass,1920,IRVING,751.2708,761.5002,396.4863,2111.1864,1,96.83%,3.17%,7339
448,447,1307504,19834,Risk 1 (High),60629,41.7785584,-87.74064393,1,1,0,Canvass,1969,63RD,637.3153,452.9985,531.6969,4511.6137,1,96.84%,3.16%,7340
442,441,1493322,19419,Risk 1 (High),60618,41.94308171,-87.68064405,1,1,1,Canvass,1917,ROSCOE,102.9453,326.1557,140.727,2021.9621,1,96.84%,3.16%,7341
2658,2657,1490906,1593938,Risk 1 (High),60638,41.79220633,-87.78316763,1,1,1,Canvass,1971,ARCHER,157.2225,1057.3383,753.2331,1689.6113,1,96.84%,3.16%,7342
7160,7159,1464216,2320593,Risk 2 (Medium),60626,42.01909911,-87.67357517,1,1,0,License,2006,PAULINA,157.0922,907.3303,926.4055,2783.7681,1,96.84%,3.16%,7343
3171,3170,1453453,1800030,Risk 2 (Medium),60605,41.86638952,-87.62398313,1,1,1,Canvass,2005,MICHIGAN,185.4957,443.6945,462.9522,2101.6805,1,96.84%,3.16%,7344
4209,4208,1490577,1997624,Risk 1 (High),60618,41.93396947,-87.70733142,1,1,1,Canvass,1917,KEDZIE,216.563,499.6642,248.9892,1896.9089,1,96.84%,3.16%,7345
2583,2582,1471416,1574635,Risk 1 (High),60634,41.95256564,-87.8112743,1,1,0,Canvass,1924,IRVING,305.1423,1004.392,642.5833,2944.1953,1,96.84%,3.16%,7346
747,746,1418382,30853,Risk 1 (High),60645,41.99906695,-87.69983577,1,1,0,Canvass,1955,CALIFORNIA,144.7562,381.4718,298.4524,2968.6955,1,96.85%,3.15%,7347
3480,3479,1395498,1874789,Risk 2 (Medium),60633,41.64818878,-87.56157337,1,1,0,Canvass Re-Inspection,2006,CALHOUN,368.6529,3443.3282,3821.7194,11098.4208,1,96.85%,3.15%,7348
6050,6049,1329681,2233089,Risk 1 (High),60639,41.93115079,-87.7673993,1,1,0,Canvass,1965,DIVERSEY,400.7045,647.9788,636.0207,2921.4301,1,96.85%,3.15%,7349
1517,1516,1434374,78398,Risk 1 (High),60610,41.90317004,-87.62847164,1,0,1,Canvass,2015,STATE,394.1713,582.6271,234.115,1227.8523,1,96.85%,3.15%,7350
3491,3490,1496278,1875357,Risk 1 (High),60633,41.65491155,-87.55408109,1,1,0,Canvass,1970,BRAINARD,667.2815,549.4716,1251.2429,9020.7197,1,96.85%,3.15%,7351
1514,1513,1459485,78302,Risk 1 (High),60707,41.92388497,-87.80619241,1,1,0,Canvass,1986,GRAND,440.7655,562.045,994.9917,2489.4143,1,96.85%,3.15%,7352
2165,2164,1491191,1358601,Risk 2 (Medium),60638,41.78932932,-87.74164564,1,1,0,Canvass,2004,CICERO,395.6999,1831.7234,1593.5354,4880.1148,1,96.85%,3.15%,7353
361,360,1391451,15059,Risk 1 (High),60626,42.01270994,-87.6640336,1,1,1,Canvass,1924,TOUHY,532.7194,402.9297,205.2021,1560.0818,1,96.85%,3.15%,7354
6513,6512,1447381,2283543,Risk 2 (Medium),60606,41.88309943,-87.63454503,1,1,1,Complaint,2010,WASHINGTON,466.6079,354.6978,410.7988,1675.6165,1,96.85%,3.15%,7355
2156,2155,1473403,1357352,Risk 2 (Medium),60638,41.78932932,-87.74164564,1,1,0,Canvass,2004,CICERO,300.3822,1831.7234,1593.5354,4880.1148,1,96.85%,3.15%,7356
4221,4220,1494056,1998392,Risk 1 (High),60618,41.95692025,-87.68086072,1,1,1,Canvass,1918,LINCOLN,206.7957,564.6826,244.8669,2017.1539,1,96.85%,3.15%,7357
5213,5212,1491179,2129927,Risk 2 (Medium),60638,41.78932932,-87.74164564,1,0,0,Canvass,2004,CICERO,235.3712,1831.7234,1593.5354,4880.1148,1,96.85%,3.15%,7358
3321,3320,1473406,1823522,Risk 2 (Medium),60638,41.78932932,-87.74164564,1,0,0,Canvass,2004,CICERO,217.7341,1831.7234,1593.5354,4880.1148,1,96.85%,3.15%,7359
2164,2163,1491185,1358598,Risk 2 (Medium),60638,41.78932932,-87.74164564,1,1,0,Canvass,2004,CICERO,141.9549,1831.7234,1593.5354,4880.1148,1,96.85%,3.15%,7360
7680,7679,1467505,2359078,Risk 2 (Medium),60607,41.86481082,-87.64699486,0,1,1,License,2005,HALSTED,465.6578,1027.9414,676.7138,2065.7061,1,96.85%,3.15%,7361
3234,3233,1424339,1816177,Risk 1 (High),60630,41.96777985,-87.77598087,1,1,0,Canvass,1931,LAWRENCE,486.939,936.5041,333.6202,2794.798,1,96.86%,3.14%,7362
3496,3495,1307573,1878766,Risk 1 (High),60629,41.76710167,-87.72261568,1,1,0,Canvass,1959,PULASKI,579.769,404.6803,309.0834,4849.0115,1,96.86%,3.14%,7363
3305,3304,1372374,1822140,Risk 1 (High),60601,41.88453096,-87.62460204,1,1,1,Canvass,1985,MICHIGAN,581.7868,540.5173,210.9601,2072.893,1,96.86%,3.14%,7364
4524,4523,1434920,2043237,Risk 1 (High),60642,41.91039632,-87.64901127,1,1,1,Canvass,2006,CLYBOURN,415.3447,928.7362,311.1144,1166.1299,1,96.86%,3.14%,7365
3619,3618,1493895,1898488,Risk 1 (High),60601,41.88453096,-87.62460204,1,1,1,Canvass,1985,MICHIGAN,400.1766,540.5173,210.9601,2072.893,1,96.86%,3.14%,7366
3986,3985,1307572,1964458,Risk 1 (High),60629,41.76512642,-87.72227899,1,1,0,Canvass,1956,PULASKI,107.6129,657.0232,218.1175,4799.9198,1,96.86%,3.14%,7367
539,538,1345888,23067,Risk 2 (Medium),60646,41.98996424,-87.73351986,1,1,0,Canvass,1989,PETERSON,250.6671,1216.233,911.0496,2635.8657,1,96.86%,3.14%,7368
6176,6175,1445212,2247284,Risk 2 (Medium),60610,41.90489682,-87.63436942,1,0,1,Canvass,1970,WELLS,906.5022,482.2611,259.1159,2144.5938,1,96.86%,3.14%,7369
613,612,1435058,25251,Risk 1 (High),60622,41.9025393,-87.66761746,1,1,1,Complaint,1994,ASHLAND,428.2319,314.4643,361.9381,1358.209,1,96.87%,3.13%,7370
2538,2537,1494222,1545541,Risk 1 (High),60623,41.85170859,-87.70151949,1,1,1,Canvass,1993,CERMAK,616.954,274.9496,342.914,1405.8097,1,96.87%,3.13%,7371
2805,2804,1447339,1647924,Risk 1 (High),60606,41.88524803,-87.63554592,1,1,1,Canvass,1990,FRANKLIN,1070.2542,513.1921,417.4917,2114.1675,1,96.87%,3.13%,7372
1505,1504,1493332,77033,Risk 1 (High),60618,41.94331639,-87.67943319,1,1,1,Canvass,1916,ROSCOE,116.6984,313.7567,51.3239,2030.8853,1,96.87%,3.13%,7373
4588,4587,1441281,2055074,Risk 2 (Medium),60657,41.93993522,-87.64454332,1,1,1,Complaint,1974,BROADWAY,385.8744,424.488,127.7732,1435.1417,1,96.87%,3.13%,7374
4851,4850,1296954,2088431,Risk 1 (High),60643,41.71127569,-87.68191389,1,1,1,Canvass,1961,WESTERN,404.9308,1367.0834,1733.4728,5243.921,1,96.87%,3.13%,7375
5571,5570,1441419,2158512,Risk 2 (Medium),60657,41.93592957,-87.64440716,1,1,1,Complaint,1942,BROADWAY,100.5864,224.4574,80.2295,2081.54,1,96.87%,3.13%,7376
2291,2290,1236193,1470908,Risk 1 (High),60659,41.98779176,-87.70325097,1,1,0,Canvass,1963,LINCOLN,434.1806,575.1884,179.9224,2792.4512,1,96.87%,3.13%,7377
4989,4988,1459875,2104463,Risk 1 (High),60654,41.89593967,-87.63137866,1,1,1,Canvass,2005,CLARK,480.0031,427.4762,225.9065,1526.5022,1,96.87%,3.13%,7378
130,129,1307264,3847,Risk 1 (High),60629,41.76567603,-87.72229053,1,1,0,Complaint,1956,PULASKI,605.0618,585.7273,179.8264,4805.8406,1,96.87%,3.13%,7379
3485,3484,1325154,1874909,Risk 2 (Medium),60647,41.90995065,-87.71124469,1,1,0,Canvass,2007,NORTH,477.6686,621.7496,165.5774,2516.5848,1,96.88%,3.12%,7380
5206,5205,1471496,2129761,Risk 2 (Medium),60639,41.90946997,-87.74966585,1,1,1,Canvass,2006,NORTH,343.6636,396.9853,554.4968,213.4927,1,96.88%,3.12%,7381
947,946,1434875,36337,Risk 1 (High),60641,41.93856566,-87.75855584,1,1,0,Canvass,1992,BELMONT,1967.0986,390.6367,327.4481,2204.9912,1,96.88%,3.12%,7382
2849,2848,1372512,1649700,Risk 1 (High),60601,41.88458837,-87.62327256,1,0,1,Canvass,2006,RANDOLPH,285.0335,712.2394,377.8055,1894.7323,1,96.88%,3.12%,7383
2243,2242,1496828,1443076,Risk 3 (Low),60618,41.94299353,-87.71246232,1,0,1,Canvass,1950,KIMBALL,638.6657,1308.7955,1115.553,2159.5223,1,96.88%,3.12%,7384
3191,3190,1490409,1801470,Risk 1 (High),60601,41.88502983,-87.62640835,1,1,1,Canvass,1990,WABASH,425.0757,597.0321,265.6913,2058.3782,1,96.88%,3.12%,7385
7137,7136,1464246,2320178,Risk 1 (High),60645,42.01242825,-87.69986135,1,1,0,License,1955,CALIFORNIA,228.0752,813.5863,227.6487,2824.1341,1,96.88%,3.12%,7386
5399,5398,1496907,2146528,Risk 2 (Medium),60625,41.97146622,-87.69021463,1,1,1,Canvass,1987,LINCOLN,628.7434,555.3309,323.9987,537.4907,1,96.88%,3.12%,7387
3304,3303,1460174,1821836,Risk 1 (High),60618,41.9540343,-87.70732758,1,1,1,Canvass,1924,IRVING,326.9247,650.4041,671.989,2161.8441,1,96.88%,3.12%,7388
5736,5735,1307602,2185180,Risk 1 (High),60629,41.76588398,-87.72229394,1,1,0,Canvass,1956,PULASKI,262.5114,553.815,171.6713,4808.1454,1,96.88%,3.12%,7389
6028,6027,1512625,2232417,Risk 2 (Medium),60632,41.79828531,-87.74276777,1,1,0,Canvass,1912,CICERO,541.12,601.9573,704.1142,5773.5749,1,96.89%,3.11%,7390
2614,2613,1453425,1578072,Risk 1 (High),60607,41.86475566,-87.64669918,1,1,1,Complaint,2005,HALSTED,215.0478,1012.9072,610.1174,2065.246,1,96.89%,3.11%,7391
3707,3706,1418350,1909884,Risk 1 (High),60618,41.95755793,-87.68130813,1,1,1,Canvass,1927,LINCOLN,603.2727,683.2678,305.0046,1999.4335,1,96.89%,3.11%,7392
6223,6222,1482414,2254174,Risk 2 (Medium),60640,41.96529723,-87.67275723,1,1,1,Canvass,1932,WILSON,748.8945,654.5104,339.7787,1990.8148,1,96.89%,3.11%,7393
6304,6303,1402118,2262821,Risk 1 (High),60646,41.99378202,-87.78430121,1,1,0,Canvass,1954,MILWAUKEE,244.9309,704.4186,406.9099,2154.5815,1,96.89%,3.11%,7394
5859,5858,1389306,2197148,Risk 1 (High),60651,41.8948147,-87.75630216,1,0,1,Canvass,1904,CHICAGO,112.1559,512.4441,318.5725,2093.7698,1,96.90%,3.10%,7395
5553,5552,1496618,2157766,Risk 1 (High),60639,41.9189225,-87.7673216,1,1,1,Canvass,1890,GRAND,115.7501,804.0588,590.3894,2310.8534,1,96.90%,3.10%,7396
1177,1176,1471354,47379,Risk 1 (High),60634,41.96023659,-87.77739163,1,1,0,Canvass,1985,MONTROSE,525.9874,590.7811,286.9335,1816.3706,1,96.90%,3.10%,7397
3896,3895,1236220,1948824,Risk 1 (High),60659,41.98497207,-87.6990721,1,1,0,Canvass,1965,CALIFORNIA,265.5885,396.7848,186.3781,2907.0889,1,96.90%,3.10%,7398
102,101,1391396,3595,Risk 1 (High),60645,42.01189377,-87.70267434,1,1,0,Canvass,1959,TOUHY,469.6654,900.2778,547.3989,3137.6736,1,96.90%,3.10%,7399
1239,1238,1329680,51201,Risk 1 (High),60639,41.93114143,-87.76822211,1,1,0,Canvass,1972,DIVERSEY,618.7497,662.4083,691.0345,2971.5317,1,96.90%,3.10%,7400
4274,4273,1494192,2004448,Risk 2 (Medium),60638,41.79392295,-87.80144211,1,1,1,Canvass,1986,HARLEM,477.0069,1046.8236,1037.503,1635.9268,1,96.90%,3.10%,7401
5738,5737,1464210,2185218,Risk 2 (Medium),60626,41.99964587,-87.66053367,1,1,1,Canvass,1991,SHERIDAN,340.1884,313.4607,752.3743,1147.0586,1,96.90%,3.10%,7402
721,720,1464536,29510,Risk 2 (Medium),60645,42.01217318,-87.69984398,1,1,0,Canvass,1955,TOUHY,208.2739,837.0293,181.1401,2818.8711,1,96.90%,3.10%,7403
5069,5068,1464219,2114917,Risk 1 (High),60645,42.01196173,-87.69986788,1,1,0,Canvass,1955,CALIFORNIA,296.3952,854.56,175.7908,2820.1854,1,96.91%,3.09%,7404
3111,3110,1453400,1768216,Risk 2 (Medium),60605,41.86607359,-87.62426767,1,1,1,Canvass,2005,MICHIGAN,95.8015,358.0006,346.1208,2117.8382,1,96.91%,3.09%,7405
4169,4168,1418329,1990863,Risk 1 (High),60659,41.98312305,-87.71321223,1,1,0,Canvass,1930,Bryn,211.7622,416.0366,272.139,3575.4125,1,96.91%,3.09%,7406
158,157,1383393,5944,Risk 1 (High),60607,41.8677288,-87.64205883,1,1,1,Canvass,1965,JEFFERSON,383.7539,1159.3571,711.0371,3077.9564,1,96.91%,3.09%,7407
2271,2270,1496936,1446432,Risk 2 (Medium),60652,41.73585224,-87.72094571,1,1,0,Complaint,2006,COLUMBUS,331.2259,749.2987,461.1642,4487.1175,1,96.91%,3.09%,7408
4536,4535,1439544,2043549,Risk 1 (High),60607,41.8653607,-87.64671741,1,1,1,Canvass,2005,HALSTED,268.4265,1123.6132,721.1494,2254.0721,1,96.92%,3.08%,7409
7390,7389,1424539,2340580,Risk 1 (High),60630,41.96754537,-87.77701144,1,1,0,License,1926,LAWRENCE,258.6722,857.8351,78.5972,2727.0752,1,96.92%,3.08%,7410
2499,2498,1439530,1520427,Risk 1 (High),60607,41.86468124,-87.64636586,1,1,1,Canvass,2005,MAXWELL,376.0721,1000.7691,537.5851,2064.3733,1,96.92%,3.08%,7411
3713,3712,1512371,1913873,Risk 2 (Medium),60621,41.7801029,-87.62971887,1,1,1,Canvass,2006,63RD,203.9618,1276.5146,1358.1831,4025.7462,1,96.92%,3.08%,7412
3330,3329,1512318,1823777,Risk 2 (Medium),60616,41.83118551,-87.616821,1,1,1,Complaint,2004,DR,209.927,784.3946,511.9021,2777.6792,1,96.92%,3.08%,7413
2940,2939,1497779,1694954,Risk 2 (Medium),60601,41.88438732,-87.62593565,1,1,1,Canvass,2005,RANDOLPH,591.2566,496.0772,324.3224,1944.5285,1,96.92%,3.08%,7414
2210,2209,1497013,1383221,Risk 2 (Medium),60618,41.94653898,-87.70208489,1,1,1,Canvass,1961,ADDISON,276.7124,678.6986,812.8104,1809.5277,1,96.92%,3.08%,7415
3843,3842,1490792,1939047,Risk 1 (High),60638,41.79213894,-87.78674848,1,1,1,Canvass,1986,ARCHER,275.9895,1321.2526,731.3092,1507.7904,1,96.92%,3.08%,7416
1736,1735,1473595,1124128,Risk 1 (High),60618,41.9486761,-87.7120596,1,1,1,Canvass,1912,ELSTON,104.259,1287.4992,401.6552,2118.0461,1,96.92%,3.08%,7417
2425,2424,1471433,1494357,Risk 2 (Medium),60634,41.94555292,-87.78636821,1,1,0,Canvass,1954,ADDISON,525.938,230.6126,413.5536,2717.3925,1,96.93%,3.07%,7418
2163,2162,1307551,1358563,Risk 1 (High),60629,41.77061934,-87.72270419,1,1,0,Canvass,1967,PULASKI,369.1266,627.3357,426.3497,4944.2217,1,96.93%,3.07%,7419
475,474,1459437,21262,Risk 1 (High),60634,41.93850968,-87.77989876,1,1,0,Canvass,1962,BELMONT,848.8375,873.6094,579.0551,2879.5798,1,96.93%,3.07%,7420
66,65,1424305,1838,Risk 1 (High),60630,41.9667518,-87.75960721,1,1,0,Canvass,1924,MILWAUKEE,423.4536,989.227,406.3646,3427.1416,1,96.93%,3.07%,7421
5567,5566,1434880,2158378,Risk 1 (High),60651,41.89516377,-87.74315682,1,1,1,Canvass,1951,CHICAGO,436.7495,575.7842,809.9589,2003.9517,1,96.94%,3.06%,7422
1581,1580,1459902,85112,Risk 1 (High),60618,41.96121115,-87.688533,1,1,1,Canvass,1912,WESTERN,417.9044,774.127,342.6615,2323.9828,1,96.94%,3.06%,7423
2904,2903,1307570,1679207,Risk 1 (High),60629,41.77847253,-87.72900513,1,1,0,Canvass,1955,63RD,844.2279,481.7414,232.6031,4861.9464,1,96.94%,3.06%,7424
2696,2695,1434233,1596874,Risk 1 (High),60707,41.90918904,-87.79082898,1,1,0,Canvass,2005,NORTH,299.2877,509.1895,1458.8289,3231.8721,1,96.94%,3.06%,7425
5512,5511,1325219,2153509,Risk 2 (Medium),60624,41.87987261,-87.72551692,1,1,1,Canvass,1974,MONROE,254.1783,305.0353,247.9665,1278.043,1,96.95%,3.05%,7426
4172,4171,1491126,1990944,Risk 1 (High),60618,41.95406,-87.70306843,1,1,1,Canvass,1920,IRVING,224.4199,600.6373,243.4161,1947.2174,1,96.95%,3.05%,7427
2622,2621,1464371,1578895,Risk 1 (High),60626,42.01548128,-87.67526203,1,1,1,Canvass,1925,CLARK,143.4135,657.4731,788.816,2278.0574,1,96.95%,3.05%,7428
1383,1382,1493777,64050,Risk 2 (Medium),60638,41.7921856,-87.79580847,1,1,1,Canvass,1986,ARCHER,405.0963,1117.034,724.7853,1469.117,1,96.95%,3.05%,7429
502,501,1493478,22697,Risk 1 (High),60638,41.77784068,-87.77842839,1,1,0,Canvass,1966,63RD,607.0275,1123.7792,236.3713,3975.6999,1,96.95%,3.05%,7430
7744,7743,1385749,2363226,Risk 2 (Medium),60639,41.93102834,-87.77610286,1,1,0,License,1928,DIVERSEY,642.6853,745.7937,303.3018,3450.4828,1,96.96%,3.04%,7431
2518,2517,1325011,1543798,Risk 2 (Medium),60624,41.86621302,-87.71278165,1,1,1,Complaint,1987,ROOSEVELT,1806.417,294.8544,379.7075,1574.3178,1,96.96%,3.04%,7432
7815,7814,1385847,2368685,Risk 1 (High),60707,41.90907575,-87.7993386,0,1,0,License,1956,NORTH,680.6601,752.5814,587.9405,3127.8321,1,96.96%,3.04%,7433
631,630,1418371,26117,Risk 1 (High),60659,41.98292038,-87.71195072,1,1,0,Canvass,1951,BRYN,837.4842,508.5766,406.763,3489.6229,1,96.96%,3.04%,7434
4162,4161,1391453,1986871,Risk 1 (High),60626,42.01881279,-87.67592023,1,1,1,Canvass,1901,Clark,288.3235,603.7014,605.1287,2553.4417,1,96.96%,3.04%,7435
770,769,1418657,31782,Risk 1 (High),60659,41.99741971,-87.70142268,1,1,0,Canvass,1957,DEVON,121.0111,488.5446,67.66,2936.0422,1,96.96%,3.04%,7436
5796,5795,1464322,2192919,Risk 2 (Medium),60626,42.01863113,-87.6758446,1,1,1,Canvass,1901,CLARK,422.0964,580.8653,578.6428,2535.2817,1,96.97%,3.03%,7437
5080,5079,1424261,2115225,Risk 1 (High),60656,41.98080502,-87.80502338,1,1,0,Canvass,1930,HIGGINS,388.3342,962.2954,807.2688,3152.2692,1,96.97%,3.03%,7438
3612,3611,1453510,1898331,Risk 1 (High),60607,41.88426637,-87.64927147,1,1,1,Canvass,2006,RANDOLPH,324.2996,369.2329,179.7418,1567.3187,1,96.97%,3.03%,7439
316,315,1459521,12540,Risk 1 (High),60618,41.94655283,-87.70053577,1,1,1,Canvass,1987,ADDISON,363.3144,627.92,1053.6804,1715.7235,1,96.97%,3.03%,7440
665,664,1513162,27392,Risk 2 (Medium),60638,41.77673389,-87.76152794,1,1,1,Canvass,1942,CENTRAL,21087.1053,436.804,203.1453,3283.8585,1,96.97%,3.03%,7441
5710,5709,1467452,2184200,Risk 1 (High),60607,41.86468702,-87.64582096,1,1,1,Canvass,2005,MAXWELL,430.9227,1000.419,445.0338,2108.2069,1,96.97%,3.03%,7442
1256,1255,1474078,52210,Risk 2 (Medium),60613,41.96151732,-87.66657161,1,1,1,Canvass,1995,MONTROSE,733.4236,400.7148,633.7931,1398.8522,1,96.98%,3.02%,7443
5052,5051,1471336,2114455,Risk 1 (High),60634,41.94522591,-87.81607438,1,1,0,Canvass,1930,ADDISON,344.6599,510.4499,834.7985,3425.2791,1,96.98%,3.02%,7444
343,342,1490536,14113,Risk 2 (Medium),60652,41.75072749,-87.7412686,1,1,0,Canvass,1957,CICERO,65.7945,834.7404,623.9664,5426.9712,1,96.98%,3.02%,7445
5805,5804,1493476,2195969,Risk 1 (High),60647,41.92441607,-87.72331978,1,1,1,Canvass,1924,FULLERTON,428.2636,469.2921,318.7297,2074.0404,1,96.98%,3.02%,7446
4338,4337,1482236,2013590,Risk 1 (High),60659,41.99757606,-87.70500111,1,1,0,Complaint,1954,Devon,458.2272,428.2461,336.7474,3335.0115,1,96.98%,3.02%,7447
1801,1800,1464456,1165545,Risk 1 (High),60626,42.00778458,-87.66663652,1,1,1,Canvass,1967,W,701.4124,311.4424,351.9329,1219.6125,1,96.98%,3.02%,7448
1849,1848,1385645,1193659,Risk 2 (Medium),60644,41.88031771,-87.75074636,1,1,0,Canvass,1988,MADISON,298.1282,375.6046,135.5401,2913.354,1,96.98%,3.02%,7449
2176,2175,1445252,1379700,Risk 1 (High),60607,41.88476992,-87.65196798,1,0,1,Canvass,2006,MORGAN,157.2225,573.4079,411.2577,1818.9534,1,96.98%,3.02%,7450
6020,6019,1473945,2232350,Risk 2 (Medium),60638,41.77692054,-87.74238401,1,1,1,Complaint,1901,CICERO,2595.0156,533.204,880.9707,4457.3694,1,96.98%,3.02%,7451
1042,1041,1459950,40566,Risk 1 (High),60634,41.93502218,-87.76622875,1,1,0,Canvass,1974,CENTRAL,327.3706,635.3005,372.7934,2744.0988,1,96.99%,3.01%,7452
3552,3551,1329738,1887616,Risk 1 (High),60639,41.93153615,-87.73796114,1,1,0,Canvass,1959,DIVERSEY,290.1673,685.1431,134.383,3172.8284,1,96.99%,3.01%,7453
2974,2973,1424382,1716608,Risk 1 (High),60631,41.99002002,-87.80922429,1,1,0,Canvass,1962,PETERSON,1048.1307,1232.3104,1526.4258,3279.0575,1,96.99%,3.01%,7454
1456,1455,1424576,70957,Risk 1 (High),60630,41.96766365,-87.76825902,1,1,0,Canvass,1925,LAWRENCE,333.5012,642.6231,320.3948,3359.1713,1,96.99%,3.01%,7455
1414,1413,1305607,66734,Risk 1 (High),60623,41.84441606,-87.70421001,1,1,1,Canvass,1997,26TH,219.0171,396.8487,844.6185,2247.5156,1,96.99%,3.01%,7456
639,638,1424443,26342,Risk 2 (Medium),60630,41.96498819,-87.75807649,1,1,0,Canvass,1957,MILWAUKEE,191.3616,903.0582,456.5411,3005.8603,1,96.99%,3.01%,7457
4357,4356,1401793,2017114,Risk 1 (High),60707,41.92301042,-87.80453642,1,1,0,Canvass,1990,NEVA,532.7194,446.0002,638.0148,2382.664,1,96.99%,3.01%,7458
4431,4430,1389374,2027814,Risk 1 (High),60651,41.89494199,-87.76687934,1,1,1,Canvass,1913,CHICAGO,194.0823,194.3433,276.259,1991.2776,1,96.99%,3.01%,7459
1157,1156,1471309,46328,Risk 1 (High),60634,41.95248836,-87.81440271,1,1,0,Canvass,1923,IRVING,213.3988,1046.8408,498.3627,3121.7595,1,96.99%,3.01%,7460
5588,5587,1490708,2163032,Risk 2 (Medium),60641,41.953998,-87.74746352,1,1,0,Canvass,2008,CICERO,312.5025,475.4135,588.6312,2433.4437,1,97.00%,3.00%,7461
3364,3363,1396174,1843726,Risk 1 (High),60707,41.92287515,-87.80453333,1,1,0,Canvass,1990,NEVA,916.4813,438.0926,605.2844,2395.7286,1,97.01%,2.99%,7462
5852,5851,1345895,2197050,Risk 1 (High),60659,41.99315114,-87.71209941,1,1,0,Canvass,1959,LINCOLN,587.756,882.0174,778.1777,3744.309,1,97.01%,2.99%,7463
4511,4510,1459206,2042438,Risk 1 (High),60641,41.94614611,-87.72754094,1,1,1,Canvass,1913,PULASKI,198.6936,588.1387,396.6083,2181.1175,1,97.01%,2.99%,7464
1637,1636,1329712,1045342,Risk 1 (High),60639,41.92404417,-87.76894098,1,1,0,Canvass,2005,FULLERTON,565.9562,499.311,593.2612,2528.2178,1,97.01%,2.99%,7465
7752,7751,1501529,2363519,Risk 2 (Medium),60707,41.90919556,-87.79033774,1,1,0,License,2005,NORTH,539.6702,478.2797,1326.7603,3272.2886,1,97.01%,2.99%,7466
5493,5492,1395330,2153039,Risk 1 (High),60618,41.93931867,-87.71791184,1,1,1,Canvass,1915,BELMONT,480.1895,344.8962,341.0229,2310.0812,1,97.02%,2.98%,7467
7505,7504,1512431,2348944,Risk 1 (High),60707,41.90907048,-87.79979158,1,1,0,License,1955,NORTH,283.2713,811.6954,506.1417,3157.7623,1,97.02%,2.98%,7468
3069,3068,1329718,1742786,Risk 1 (High),60639,41.92404171,-87.76912344,1,1,0,Canvass,2005,FULLERTON,464.7822,469.3466,605.1996,2549.6902,1,97.02%,2.98%,7469
929,928,1464489,35587,Risk 2 (Medium),60645,42.01199858,-87.70770275,1,1,0,Canvass,1958,TOUHY,1223.1262,1487.3968,924.1259,3825.7038,1,97.02%,2.98%,7470
2794,2793,1473895,1647184,Risk 1 (High),60641,41.93897351,-87.72806828,1,1,1,Canvass,2005,BELMONT,643.1219,553.3005,595.1202,645.1031,1,97.02%,2.98%,7471
5914,5913,1424454,2203329,Risk 2 (Medium),60630,41.96800626,-87.75827623,1,1,0,Canvass,1922,LAWRENCE,900.6859,1227.0111,481.1072,3793.7543,1,97.02%,2.98%,7472
3423,3422,1391466,1868777,Risk 1 (High),60626,42.00326386,-87.6722428,1,1,1,Canvass,1927,CLARK,384.1584,545.8495,285.7344,1987.1341,1,97.02%,2.98%,7473
4987,4986,1496547,2104240,Risk 1 (High),60639,41.93152199,-87.73910664,1,1,0,Canvass,1959,DIVERSEY,236.7078,531.7937,163.8426,3289.4247,1,97.02%,2.98%,7474
7126,7125,1434306,2319968,Risk 1 (High),60629,41.77139059,-87.7303174,1,1,0,License,1961,MARQUETTE,217.1089,726.9886,343.8676,5089.654,1,97.02%,2.98%,7475
5882,5881,1307582,2202486,Risk 1 (High),60629,41.77750984,-87.72287892,1,1,0,Canvass,2006,PULASKI,771.6336,911.8916,513.6568,4427.0143,1,97.02%,2.98%,7476
6585,6584,1345834,2288908,Risk 1 (High),60659,41.99759299,-87.70403463,1,1,0,Canvass,1969,DEVON,843.5443,529.6367,408.2352,3243.1169,1,97.02%,2.98%,7477
4337,4336,1493794,2013539,Risk 1 (High),60639,41.92309768,-87.78527866,1,1,0,Canvass,1995,NARRAGANSETT,661.4654,850.7265,532.4428,2470.2559,1,97.03%,2.97%,7478
1991,1990,1329726,1273737,Risk 1 (High),60639,41.92042652,-87.775499,1,1,0,Complaint,2007,GRAND,247.3027,466.6198,477.8854,2343.9977,1,97.03%,2.97%,7479
1348,1347,1459957,60765,Risk 1 (High),60622,41.90598597,-87.69680736,1,1,1,Canvass,1996,CALIFORNIA,1073.7651,321.8097,650.8104,1701.4547,1,97.04%,2.96%,7480
2158,2157,1490877,1357513,Risk 1 (High),60625,41.97213808,-87.71117113,1,1,1,Canvass,1963,SPAULDING,334.1532,453.9596,614.6138,1514.7232,1,97.05%,2.95%,7481
5242,5241,1439211,2133892,Risk 2 (Medium),60638,41.79582571,-87.76091869,1,1,0,Canvass,1959,ARCHER,471.0148,864.4138,876.1799,5209.2422,1,97.05%,2.95%,7482
203,202,1329701,7214,Risk 1 (High),60639,41.93133655,-87.75299705,1,1,0,Canvass,1974,DIVERSEY,725.4562,397.1573,434.3155,3234.5271,1,97.05%,2.95%,7483
2463,2462,1418238,1514864,Risk 1 (High),60646,41.99698918,-87.72876515,1,1,1,Canvass,1971,PULASKI,345.5635,918.7682,1096.2378,1431.7055,1,97.05%,2.95%,7484
5167,5166,1401928,2125348,Risk 2 (Medium),60622,41.89589708,-87.68427764,1,1,1,Complaint,1973,CHICAGO,94.1091,439.3675,201.7963,1895.2022,1,97.05%,2.95%,7485
5485,5484,1408240,2152799,Risk 2 (Medium),60622,41.89795569,-87.67696391,1,1,1,Canvass,2007,DAMEN,421.0649,255.1513,40.5385,1112.7513,1,97.05%,2.95%,7486
3672,3671,1459687,1908150,Risk 1 (High),60618,41.94662323,-87.68802683,1,1,1,Canvass,1974,ADDISON,1049.5264,400.8471,537.3968,1794.5419,1,97.06%,2.94%,7487
1039,1038,1424462,40530,Risk 2 (Medium),60631,42.0116069,-87.80678668,1,1,0,Canvass,1958,HARLEM,512.8407,1736.9652,1051.0761,2738.9539,1,97.06%,2.94%,7488
959,958,1497141,37209,Risk 1 (High),60629,41.77849967,-87.72673559,1,1,0,Canvass,1973,63RD,327.5006,482.3251,186.3594,4763.514,1,97.06%,2.94%,7489
1477,1476,1395565,74425,Risk 1 (High),60618,41.95395722,-87.71355988,1,1,1,Canvass,1928,IRVING,144.6086,319.3881,435.7221,2189.953,1,97.06%,2.94%,7490
3530,3529,1434666,1884050,Risk 1 (High),60641,41.95353193,-87.72833818,1,1,0,Complaint,2007,IRVING,256.6545,264.7546,265.3387,2491.7981,1,97.06%,2.94%,7491
3685,3684,1324917,1909302,Risk 1 (High),60612,41.8706748,-87.67388968,1,1,1,Canvass,2006,WOLCOTT,0,1843.625,1311.6922,2854.9733,1,97.07%,2.93%,7492
7620,7619,1471465,2354829,Risk 2 (Medium),60634,41.95314063,-87.77806553,1,1,0,License,1968,Irving,148.2321,335.7245,242.5957,2604.0288,1,97.07%,2.93%,7493
3205,3204,1493350,1802253,Risk 2 (Medium),60652,41.75466012,-87.74138476,1,1,0,Canvass,2005,CICERO,266.8931,1309.1745,1657.995,5852.1175,1,97.07%,2.93%,7494
1250,1249,1459744,51951,Risk 2 (Medium),60652,41.75466012,-87.74138476,1,1,0,Canvass,2005,CICERO,147.7758,1309.1745,1657.995,5852.1175,1,97.07%,2.93%,7495
2441,2440,1424488,1495393,Risk 2 (Medium),60630,41.98256422,-87.78137789,1,1,0,Canvass,1950,NORTHWEST,590.8356,688.7761,703.1768,3201.6031,1,97.07%,2.93%,7496
5907,5906,1418327,2202891,Risk 1 (High),60659,41.99327149,-87.71229906,1,1,0,Canvass,1964,LINCOLN,291.0642,888.766,762.8465,3775.2197,1,97.07%,2.93%,7497
4377,4376,1474079,2020893,Risk 1 (High),60647,41.92018284,-87.69313904,1,1,1,Canvass,1990,MILWAUKEE,137.9123,702.5187,565.7795,1666.1685,1,97.07%,2.93%,7498
645,644,1459598,26580,Risk 2 (Medium),60638,41.77815325,-87.76220727,1,1,1,Canvass,1928,63RD,296.4268,646.9267,212.4886,2982.8435,1,97.08%,2.92%,7499
3416,3415,1307697,1868355,Risk 2 (Medium),60629,41.76686758,-87.72261004,1,1,0,Canvass,1986,PULASKI,579.8381,429.031,277.1749,4842.0081,1,97.08%,2.92%,7500
5421,5420,1473435,2147076,Risk 1 (High),60622,41.90340737,-87.67046561,1,1,1,Canvass,2006,DIVISION,97.7512,360.3301,249.4223,1479.6637,1,97.09%,2.91%,7501
5141,5140,1236209,2124659,Risk 1 (High),60631,41.99353422,-87.80126102,1,1,0,Canvass,1930,NORTHWEST,527.8259,986.4722,644.7078,3202.3939,1,97.09%,2.91%,7502
794,793,1424472,32672,Risk 2 (Medium),60656,41.98009468,-87.80279633,1,1,0,Canvass,1925,HIGGINS,362.1954,948.2966,555.6114,3303.526,1,97.09%,2.91%,7503
210,209,1464442,7471,Risk 1 (High),60645,42.01924584,-87.69833171,1,1,0,Canvass,1957,HOWARD,530.6382,1016.6488,389.7723,3467.0669,1,97.09%,2.91%,7504
1921,1920,1491174,1243865,Risk 2 (Medium),60620,41.73558551,-87.67022566,1,1,1,Canvass,2005,87TH,288.2914,791.5226,331.5909,3200.2857,1,97.09%,2.91%,7505
4633,4632,1473964,2060957,Risk 1 (High),60641,41.94647991,-87.72764435,1,1,1,Canvass,1923,ADDISON,643.1219,604.5338,418.9148,2242.1725,1,97.10%,2.90%,7506
2052,2051,1473951,1305825,Risk 1 (High),60642,41.89558431,-87.65538895,1,1,1,Canvass,2006,OGDEN,1408.9638,796.0164,513.069,2122.9211,1,97.10%,2.90%,7507
970,969,1424216,37611,Risk 1 (High),60656,41.98016396,-87.80207994,1,1,0,Canvass,1920,HIGGINS,924.5808,917.4364,444.9399,3327.3513,1,97.10%,2.90%,7508
31,30,1418256,1050,Risk 1 (High),60659,41.99019852,-87.71526237,1,1,0,Canvass,1964,PETERSON,324.1798,488.5994,469.0788,3515.8656,1,97.10%,2.90%,7509
5366,5365,1473644,2141874,Risk 1 (High),60629,41.78638189,-87.70179623,1,1,1,Canvass,1967,59TH,202.3361,355.207,345.3062,3129.4688,1,97.10%,2.90%,7510
619,618,1471420,25534,Risk 2 (Medium),60634,41.94359089,-87.80709676,1,1,0,Canvass,1979,HARLEM,220.7789,352.0049,838.3075,2890.6479,1,97.10%,2.90%,7511
3666,3665,1493366,1905394,Risk 1 (High),60609,41.83078218,-87.62679018,1,1,1,Complaint,2010,STATE,289.6048,988.4199,102.9464,2495.8527,1,97.10%,2.90%,7512
6041,6040,1471378,2232948,Risk 1 (High),60634,41.93876633,-87.80662717,1,1,0,Canvass,1963,HARLEM,243.9712,328.1755,937.8542,3398.36,1,97.10%,2.90%,7513
28,27,1490868,955,Risk 1 (High),60618,41.93416814,-87.69047826,1,1,1,Canvass,2006,ELSTON,569.5728,767.787,922.5911,1766.3651,1,97.10%,2.90%,7514
3235,3234,1471394,1816306,Risk 1 (High),60634,41.94011194,-87.80696856,1,1,0,Canvass,1963,HARLEM,301.2091,399.9454,1093.336,3577.4498,1,97.11%,2.89%,7515
1217,1216,1471364,49683,Risk 1 (High),60634,41.952792,-87.78670112,1,1,0,Canvass,1996,NARRAGANSETT,332.7498,979.8162,1248.1926,3199.5774,1,97.11%,2.89%,7516
4471,4470,1464257,2032949,Risk 1 (High),60645,42.00599079,-87.70472572,1,1,0,Canvass,1987,SACRAMENTO,404.3416,1391.1262,860.1076,3472.3264,1,97.11%,2.89%,7517
636,635,1473592,26263,Risk 1 (High),60618,41.94886905,-87.71234012,1,1,1,Canvass,1937,ELSTON,696.9599,1251.6713,374.097,2084.9714,1,97.11%,2.89%,7518
584,583,1496580,23939,Risk 2 (Medium),60618,41.96094626,-87.71910892,1,1,1,Canvass,2006,MONTROSE,491.2766,515.3278,290.0382,421.4829,1,97.11%,2.89%,7519
1451,1450,1345876,70402,Risk 1 (High),60659,41.99728718,-87.70887208,1,1,0,Canvass,1965,DEVON,169.5599,452.6207,623.9784,3746.8445,1,97.12%,2.88%,7520
3012,3011,1296830,1737199,Risk 2 (Medium),60643,41.69166663,-87.68083409,1,1,1,Complaint,1940,111TH,379.5179,395.2937,1160.6579,5896.9971,1,97.12%,2.88%,7521
5568,5567,1174664,2158449,Risk 2 (Medium),60615,41.80211854,-87.62211491,1,1,1,Canvass,2005,51ST,202.7455,408.4088,176.9878,3114.5762,1,97.12%,2.88%,7522
6643,6642,1418274,2292977,Risk 1 (High),60659,41.98317026,-87.7097844,1,1,0,Canvass,1970,BRYN,169.8786,320.9654,277.6714,3377.7667,1,97.12%,2.88%,7523
1929,1928,1307566,1245171,Risk 1 (High),60629,41.77848614,-87.72788606,1,1,0,Canvass,1979,63RD,886.7802,529.5546,200.2375,4824.7557,1,97.12%,2.88%,7524
6010,6009,1329690,2232184,Risk 1 (High),60639,41.93138856,-87.74917553,1,1,0,Canvass,1971,DIVERSEY,513.8778,586.434,332.9435,3398.9278,1,97.13%,2.87%,7525
5456,5455,1418518,2152231,Risk 1 (High),60659,41.99765535,-87.6878405,1,1,1,Canvass,1929,DEVON,44.9558,450.8548,252.8874,2044.2534,1,97.13%,2.87%,7526
93,92,1488216,3070,Risk 1 (High),60608,41.83183073,-87.67552719,1,1,1,Canvass,1957,ARCHER,365.8121,823.668,466.7772,3456.713,1,97.13%,2.87%,7527
3968,3967,1490967,1963537,Risk 2 (Medium),60652,41.74783932,-87.74115714,1,1,0,Canvass,2009,CICERO,436.7048,1025.4083,960.2275,5206.4086,1,97.13%,2.87%,7528
934,933,1345873,35692,Risk 2 (Medium),60659,41.98571759,-87.69909643,1,1,0,Canvass,1994,CALIFORNIA,156.8248,386.2959,92.1182,2802.4822,1,97.13%,2.87%,7529
1330,1329,1460144,59230,Risk 1 (High),60622,41.89581359,-87.69068394,1,1,1,Canvass,2008,CHICAGO,427.1707,235.2899,461.0206,1654.8531,1,97.14%,2.86%,7530
2021,2020,1395793,1300057,Risk 1 (High),60638,41.7772013,-87.76154175,1,1,1,Canvass,1966,CENTRAL,21087.1053,458.8685,162.4181,3171.1244,1,97.14%,2.86%,7531
4083,4082,1490491,1979649,Risk 1 (High),60632,41.79877258,-87.74149891,1,1,0,Canvass,1953,ARCHER,1134.5702,565.2426,651.344,5564.1919,1,97.14%,2.86%,7532
3523,3522,1402087,1883567,Risk 1 (High),60622,41.89581526,-87.69048155,1,1,1,Canvass,2008,CHICAGO,455.7284,261.4421,447.1092,1649.1074,1,97.14%,2.86%,7533
377,376,1459810,15783,Risk 1 (High),60707,41.92033617,-87.7949943,1,1,1,Canvass,1928,OAK,319.2766,1041.2046,1049.5365,2330.2121,1,97.14%,2.86%,7534
3343,3342,1471365,1841264,Risk 2 (Medium),60634,41.94146315,-87.80672279,1,1,0,Canvass,1989,HARLEM,134.7302,558.9871,1222.6479,3268.0035,1,97.14%,2.86%,7535
7632,7631,1464680,2355055,Risk 1 (High),60630,41.96796581,-87.76065246,0,1,0,License,1928,MILWAUKEE,114.3744,819.2843,311.5954,3765.6293,1,97.14%,2.86%,7536
4700,4699,1471348,2069192,Risk 2 (Medium),60634,41.94527534,-87.81216071,1,1,0,Canvass,1928,ADDISON,110.8563,917.7162,339.1638,3333.9995,1,97.15%,2.85%,7537
5359,5358,1325108,2141668,Risk 1 (High),60647,41.91292355,-87.67737209,1,1,1,Complaint,1999,DAMEN,552.6941,472.063,289.8581,1678.7245,1,97.15%,2.85%,7538
7758,7757,1512514,2363678,Risk 1 (High),60632,41.79877258,-87.74149891,1,1,0,License,1953,ARCHER,95.8015,565.2426,651.344,5564.1919,1,97.15%,2.85%,7539
1665,1664,1345776,1070144,Risk 1 (High),60646,41.99121509,-87.74817971,1,1,0,Canvass,1954,CICERO,69.6395,990.5905,1317.0068,4393.066,1,97.15%,2.85%,7540
5647,5646,1459296,2177405,Risk 1 (High),60707,41.90912708,-87.79549071,1,1,1,Canvass,1928,NORTH,550.8435,680.5837,1518.1236,3065.3084,1,97.15%,2.85%,7541
3251,3250,1389406,1816818,Risk 2 (Medium),60644,41.88046719,-87.75622522,1,1,0,Canvass,1992,MADISON,407.0671,580.4917,249.0651,3335.9981,1,97.16%,2.84%,7542
362,361,1424301,15136,Risk 1 (High),60631,42.0122553,-87.80677912,1,1,0,Canvass,1962,HARLEM,1231.0129,1786.5089,1024.6527,2907.2172,1,97.16%,2.84%,7543
1926,1925,1418351,1244983,Risk 1 (High),60659,41.99647012,-87.71750381,1,1,0,Canvass,1976,LINCOLN,384.7284,660.3238,634.9124,3529.3382,1,97.16%,2.84%,7544
5760,5759,1464452,2189327,Risk 1 (High),60626,42.01958216,-87.67295276,1,1,1,Canvass,1927,PAULINA,195.7191,933.9219,923.3878,2918.1769,1,97.16%,2.84%,7545
7726,7725,1506236,2360133,Risk 1 (High),60634,41.95253693,-87.81245044,1,1,0,License,1957,IRVING,47.7343,1057.4116,601.2709,3007.3205,1,97.16%,2.84%,7546
5623,5622,1490891,2167555,Risk 1 (High),60625,41.97584015,-87.71011548,1,1,1,Canvass,1929,FOSTER,966.4243,658.4014,425.8613,2266.0229,1,97.16%,2.84%,7547
5600,5599,1459928,2163614,Risk 1 (High),60618,41.96156558,-87.67912568,1,1,1,Canvass,1993,MONTROSE,805.6062,405.892,617.1113,1775.3276,1,97.17%,2.83%,7548
7611,7610,1418489,2354664,Risk 1 (High),60659,41.98289768,-87.71380018,1,1,0,License,1963,BRYN,397.307,406.4793,242.2631,3570.5616,1,97.17%,2.83%,7549
6530,6529,1329751,2283990,Risk 1 (High),60639,41.93121277,-87.77853674,1,1,0,Canvass,1956,DIVERSEY,1569.4582,497.23,240.306,3390.5389,1,97.18%,2.82%,7550
5107,5106,1401890,2120593,Risk 1 (High),60707,41.90912536,-87.79562029,1,1,1,Canvass,1928,NORTH,0,659.8596,1489.0114,3064.1996,1,97.18%,2.82%,7551
657,656,1418452,26910,Risk 1 (High),60626,42.01933311,-87.68002153,1,1,1,Canvass,1931,HOWARD,343.9553,471.1721,495.3948,2327.6766,1,97.18%,2.82%,7552
1693,1692,1493698,1096007,Risk 2 (Medium),60643,41.67919891,-87.6809084,1,1,0,Canvass,1956,WESTERN,946.1986,1291.1497,1170.035,8115.6711,1,97.18%,2.82%,7553
4587,4586,1307670,2055070,Risk 1 (High),60629,41.78492213,-87.72278639,1,1,0,Canvass,2006,PULASKI,466.6967,638.3947,172.7111,4379.9021,1,97.18%,2.82%,7554
4746,4745,1464298,2074321,Risk 2 (Medium),60626,42.01928994,-87.67580162,1,1,1,Canvass,1932,HOWARD,148.4813,737.4694,743.3037,2643.8526,1,97.18%,2.82%,7555
198,197,1296759,7053,Risk 1 (High),60643,41.68353214,-87.68104527,1,1,0,Canvass,2006,WESTERN,253.8619,797.0936,1541.3797,7525.0678,1,97.19%,2.81%,7556
5466,5465,1389376,2152493,Risk 1 (High),60651,41.90989785,-87.70714515,1,1,1,Canvass,1984,KEDZIE,687.3653,640.7288,292.6073,1711.839,1,97.19%,2.81%,7557
2543,2542,1471405,1546100,Risk 2 (Medium),60634,41.94086524,-87.80699551,1,1,0,Canvass,1985,HARLEM,816.1125,473.0803,1160.319,3453.3802,1,97.19%,2.81%,7558
5785,5784,1395757,2192711,Risk 2 (Medium),60707,41.9128535,-87.8057541,1,1,0,Canvass,2005,HARLEM,124.7227,998.8761,1338.6228,3477.3961,1,97.19%,2.81%,7559
6557,6556,1329755,2284711,Risk 1 (High),60639,41.93121142,-87.778615,1,1,0,Canvass,1956,DIVERSEY,340.5315,488.9606,227.6511,3389.0605,1,97.20%,2.80%,7560
354,353,1424376,14745,Risk 1 (High),60630,41.97150246,-87.77238727,1,1,0,Canvass,1932,HIGGINS,140.5215,809.2472,599.6091,3994.9559,1,97.20%,2.80%,7561
6204,6203,1424344,2252715,Risk 1 (High),60631,42.01177152,-87.80880368,1,1,0,Canvass,1961,TOUHY,423.5021,1505.1648,701.5631,2628.5703,1,97.20%,2.80%,7562
2766,2765,1325040,1622135,Risk 2 (Medium),60612,41.87621067,-87.6963055,1,1,1,Canvass,1967,CALIFORNIA,654.8356,451.3218,328.0887,2623.204,1,97.20%,2.80%,7563
3029,3028,1424358,1739326,Risk 1 (High),60631,42.01259291,-87.80677399,1,1,0,Canvass,1962,HARLEM,411.1508,1817.6558,1028.6787,3001.5358,1,97.20%,2.80%,7564
4960,4959,1329698,2099479,Risk 1 (High),60639,41.93124982,-87.775907,1,1,0,Canvass,1961,DIVERSEY,603.1946,741.9675,354.2763,3481.2744,1,97.20%,2.80%,7565
2209,2208,1490772,1383191,Risk 2 (Medium),60655,41.70397489,-87.70141552,1,1,0,Canvass,1955,KEDZIE,217.7432,1043.5719,731.0017,7167.5714,1,97.21%,2.79%,7566
2993,2992,1329682,1717917,Risk 1 (High),60639,41.93169647,-87.74254645,1,1,0,Canvass,2005,DIVERSEY,383.6663,457.0307,787.9206,3553.9314,1,97.21%,2.79%,7567
27,26,1424471,928,Risk 2 (Medium),60656,41.9807262,-87.80571278,1,1,0,Canvass,1963,HIGGINS,233.9335,1001.7921,848.3313,3138.6462,1,97.21%,2.79%,7568
3870,3869,1329675,1943656,Risk 1 (High),60639,41.93169743,-87.7424672,1,1,0,Canvass,2005,DIVERSEY,266.7878,448.4389,781.4274,3548.6404,1,97.21%,2.79%,7569
5322,5321,1493951,2138095,Risk 2 (Medium),60639,41.9317002,-87.74223193,1,1,0,Canvass,2005,DIVERSEY,224.9151,424.9617,763.1084,3533.627,1,97.21%,2.79%,7570
6611,6610,1385835,2289593,Risk 1 (High),60639,41.93169835,-87.74238878,0,1,0,License,2005,DIVERSEY,145.5484,440.2556,775.1615,3543.5177,1,97.21%,2.79%,7571
2183,2182,1493985,1380398,Risk 1 (High),60639,41.93177288,-87.73667582,1,1,0,Canvass,2006,DIVERSEY,341.5044,627.3159,299.2407,3026.633,1,97.21%,2.79%,7572
2501,2500,1496740,1520640,Risk 2 (Medium),60639,41.93148359,-87.74199187,1,1,0,Canvass,2005,DIVERSEY,56.656,404.3278,728.3633,3500.018,1,97.21%,2.79%,7573
4655,4654,1497270,2064928,Risk 2 (Medium),60618,41.96155579,-87.67986227,1,1,1,Canvass,1993,MONTROSE,163.4431,470.0255,637.3761,1872.2923,1,97.21%,2.79%,7574
4674,4673,1155252,2065311,Risk 1 (High),60622,41.89578616,-87.69342746,1,1,1,Canvass,2007,CHICAGO,390.965,447.8107,514.0584,1898.6568,1,97.21%,2.79%,7575
2408,2407,1395503,1492342,Risk 1 (High),60638,41.79551639,-87.76292466,1,1,0,Canvass,1995,ARCHER,101.1897,1060.1976,885.6785,4870.0548,1,97.21%,2.79%,7576
3183,3182,1424365,1800577,Risk 1 (High),60656,41.98100034,-87.80590547,1,1,0,Canvass,1966,HIGGINS,855.9423,1038.4172,837.4176,3114.7447,1,97.22%,2.78%,7577
1851,1850,1471375,1193775,Risk 1 (High),60634,41.9455403,-87.76659733,1,1,0,Canvass,1986,CENTRAL,605.2934,413.6471,208.1282,2847.4384,1,97.22%,2.78%,7578
1228,1227,1493546,50282,Risk 2 (Medium),60608,41.86672491,-87.68584255,1,1,1,Canvass,1996,ROOSEVELT,395.6231,280.4959,456.6638,2459.9517,1,97.22%,2.78%,7579
5035,5034,1493622,2113406,Risk 2 (Medium),60638,41.7954958,-87.76305714,1,1,0,Canvass,1997,ARCHER,207.7107,1066.9603,882.6285,4848.6245,1,97.22%,2.78%,7580
4505,4504,1391393,2042082,Risk 1 (High),60626,42.00262823,-87.67232835,1,1,1,Canvass,1953,CLARK,610.2964,444.5444,127.1622,1836.0269,1,97.22%,2.78%,7581
6015,6014,1345893,2232343,Risk 2 (Medium),60659,41.9957096,-87.71579472,1,1,0,Canvass,1966,LINCOLN,518.4791,767.7775,559.264,3854.7059,1,97.22%,2.78%,7582
3320,3319,1490608,1823466,Risk 2 (Medium),60641,41.93869118,-87.7489078,1,1,0,Canvass,2007,BELMONT,438.6794,488.67,405.9963,2958.542,1,97.22%,2.78%,7583
360,359,1471487,15052,Risk 2 (Medium),60707,41.91608562,-87.80553599,1,1,0,Canvass,1990,ARMITAGE,63.6652,1470.9477,825.9498,3213.6486,1,97.23%,2.77%,7584
4758,4757,1236232,2074607,Risk 1 (High),60630,41.96855858,-87.77807228,1,1,0,Complaint,1971,AUSTIN,569.8585,763.3581,325.4451,2939.0907,1,97.23%,2.77%,7585
589,588,1424456,24249,Risk 2 (Medium),60630,41.96864191,-87.77830164,1,1,0,Canvass,1971,GUNNISON,198.949,747.6709,340.4309,2958.5288,1,97.24%,2.76%,7586
5441,5440,1393263,2147812,Risk 1 (High),60614,41.91524999,-87.63429327,1,1,1,Complaint,2006,CLARK,479.5825,801.7087,234.6054,2241.8418,1,97.24%,2.76%,7587
3581,3580,1396016,1892674,Risk 1 (High),60643,41.71421193,-87.68170937,1,1,1,Canvass,1985,WESTERN,400.5964,1354.5444,1526.9945,5483.0307,1,97.25%,2.75%,7588
1564,1563,1474176,83069,Risk 1 (High),60638,41.79285676,-87.76157025,1,1,1,Canvass,1916,55TH,151.2378,890.9767,957.9283,4439.5607,1,97.25%,2.75%,7589
1764,1763,1401881,1142567,Risk 1 (High),60707,41.90912363,-87.79574987,1,1,1,Canvass,1938,NORTH,366.9923,639.1889,1460.0538,3063.2759,1,97.26%,2.74%,7590
5751,5750,1418384,2189028,Risk 1 (High),60659,41.99755417,-87.69377018,1,1,1,Canvass,1927,DEVON,443.6129,518.5336,344.5802,2475.7785,1,97.26%,2.74%,7591
160,159,1473353,6006,Risk 1 (High),60655,41.70520849,-87.70116326,1,1,0,Canvass,1953,KEDZIE,567.8875,1059.0308,590.0482,7193.0449,1,97.26%,2.74%,7592
7623,7622,1424586,2354915,Risk 2 (Medium),60656,41.97921691,-87.80683816,1,0,0,License,1961,HARLEM,518.6279,860.0677,798.2443,3290.9145,1,97.26%,2.74%,7593
5694,5693,1471409,2183791,Risk 1 (High),60634,41.93840769,-87.7708254,1,1,0,Canvass,2006,BELMONT,621.0249,557.6593,721.778,3177.7817,1,97.26%,2.74%,7594
4986,4985,1424371,2104217,Risk 1 (High),60631,42.00233656,-87.81568404,1,1,0,Canvass,1920,N,129.631,1053.595,326.1372,3218.4509,1,97.27%,2.73%,7595
2346,2345,1493506,1476422,Risk 2 (Medium),60618,41.93916783,-87.71254599,1,1,1,Canvass,1974,BELMONT,560.5552,689.7684,534.6181,2077.37,1,97.27%,2.73%,7596
5314,5313,1395755,2137941,Risk 1 (High),60638,41.77787774,-87.76508771,1,1,1,Canvass,1958,63RD,646.094,595.9693,491.8705,3224.2083,1,97.28%,2.72%,7597
7133,7132,1424217,2320090,Risk 1 (High),60630,41.97018002,-87.76259589,1,1,0,License,1933,MILWAUKEE,455.1256,669.3308,620.278,4381.0622,1,97.28%,2.72%,7598
3787,3786,1408219,1927839,Risk 1 (High),60642,41.89602503,-87.66327229,1,1,1,Canvass,2006,CHICAGO,46.3991,429.8183,175.1471,2081.3534,1,97.28%,2.72%,7599
3353,3352,1434278,1842806,Risk 1 (High),60655,41.70503248,-87.70116013,1,1,0,Canvass,1958,KEDZIE,484.869,1036.3523,597.1694,7183.8759,1,97.29%,2.71%,7600
3376,3375,1325288,1845223,Risk 1 (High),60624,41.88065415,-87.72273803,1,1,1,Canvass,1992,MADISON,891.9602,450.9272,144.3148,1750.1382,1,97.29%,2.71%,7601
3876,3875,1325045,1947810,Risk 2 (Medium),60612,41.8830406,-87.68633875,1,1,1,Canvass,1989,WESTERN,526.8016,469.8098,845.3445,3093.4544,1,97.29%,2.71%,7602
3641,3640,1345791,1903535,Risk 1 (High),60659,41.99547888,-87.71287527,1,1,0,Canvass,1987,MCCORMICK,566.6302,1135.3937,849.6368,3983.6053,1,97.29%,2.71%,7603
7457,7456,1490362,2341289,Risk 1 (High),60638,41.80064255,-87.74311347,1,1,0,License,1986,CICERO,21087.1053,440.6772,473.9703,5899.1191,1,97.30%,2.70%,7604
2063,2062,1491055,1330168,Risk 2 (Medium),60641,41.94607533,-87.74720859,1,1,0,Canvass,2006,CICERO,580.2663,464.1019,391.3246,3121.7816,1,97.30%,2.70%,7605
5540,5539,1399286,2157363,Risk 1 (High),60625,41.96845445,-87.69461992,1,1,1,Canvass,1987,LAWRENCE,371.5678,704.5185,135.2399,1376.867,1,97.30%,2.70%,7606
3879,3878,1401990,1948046,Risk 1 (High),60655,41.69150403,-87.69695391,1,1,0,Canvass,1973,111TH,425.0761,1454.0712,807.9751,7332.4085,1,97.31%,2.69%,7607
1997,1996,1490292,1275144,Risk 1 (High),60618,41.9326133,-87.71344918,1,1,1,Canvass,1993,MILWAUKEE,396.8365,278.9835,312.3473,1610.6571,1,97.31%,2.69%,7608
1108,1107,1424418,43677,Risk 2 (Medium),60630,41.97675231,-87.72841362,1,1,1,Canvass,1991,PULASKI,136.7773,1768.3737,996.3685,1755.0615,1,97.32%,2.68%,7609
648,647,1345820,26813,Risk 1 (High),60659,41.99034172,-87.69770066,1,1,1,Canvass,1929,PETERSON,588.1334,582.9823,102.5583,2350.5238,1,97.32%,2.68%,7610
2390,2389,1329758,1490057,Risk 1 (High),60639,41.92884722,-87.78578102,1,1,0,Canvass,2005,NARRAGANSETT,618.0984,1037.6106,644.4547,3142.3234,1,97.32%,2.68%,7611
5443,5442,1474175,2147880,Risk 1 (High),60647,41.92335589,-87.69785017,1,1,1,Canvass,2007,MILWAUKEE,148.6303,465.9303,257.8247,1576.887,1,97.33%,2.67%,7612
4219,4218,1471483,1998116,Risk 2 (Medium),60639,41.92856273,-87.78577116,1,1,0,Canvass,2005,NARRAGANSETT,496.9791,1080.4362,589.2102,3096.7906,1,97.33%,2.67%,7613
722,721,1434598,29514,Risk 1 (High),60655,41.6930787,-87.70073413,1,1,0,Canvass,1968,KEDZIE,679.4964,971.4151,802.5755,7487.8925,1,97.33%,2.67%,7614
4917,4916,1236210,2094168,Risk 1 (High),60631,41.99391518,-87.80143201,1,1,0,Canvass,1956,Northwest,1563.5357,994.4171,520.7359,3241.2592,1,97.34%,2.66%,7615
1660,1659,1418226,1069760,Risk 2 (Medium),60613,41.94912883,-87.65588747,1,1,1,Canvass,1998,WAVELAND,290.5175,455.7893,440.9922,2326.0952,1,97.34%,2.66%,7616
2715,2714,1329674,1617552,Risk 1 (High),60639,41.92856273,-87.78577116,1,1,0,Canvass,2005,NARRAGANSETT,279.1037,1080.4362,589.2102,3096.7906,1,97.34%,2.66%,7617
4489,4488,1418249,2036995,Risk 1 (High),60659,41.99775479,-87.69482972,1,1,1,Complaint,1931,DEVON,68.5208,483.6738,276.0038,2512.3062,1,97.34%,2.66%,7618
6991,6990,1402160,2309037,Risk 1 (High),60631,42.00258143,-87.81607036,1,0,0,License,1930,NORTHWEST,163.6814,1020.3777,354.2044,3254.6771,1,97.34%,2.66%,7619
2038,2037,1490691,1302448,Risk 2 (Medium),60652,41.75106616,-87.74128108,1,1,0,Canvass,2006,CICERO,337.6232,830.9346,646.6819,5458.0929,1,97.34%,2.66%,7620
2542,2541,1471482,1545897,Risk 2 (Medium),60639,41.92799529,-87.78575236,1,1,0,Canvass,2005,NARRAGANSETT,315.0655,1186.4071,500.3268,3012.4298,1,97.34%,2.66%,7621
2143,2142,1474170,1356009,Risk 1 (High),60632,41.79952555,-87.72319591,1,1,1,Canvass,2006,PULASKI,333.83,604.4403,541.3238,2836.8576,1,97.35%,2.65%,7622
2762,2761,1329671,1621730,Risk 1 (High),60639,41.92799529,-87.78575236,1,1,0,Canvass,2005,NARRAGANSETT,60.9989,1186.4071,500.3268,3012.4298,1,97.35%,2.65%,7623
107,106,1493634,3644,Risk 1 (High),60618,41.94037401,-87.67852421,1,1,1,Canvass,2008,DAMEN,553.3983,497.7505,106.1914,1563.5583,1,97.35%,2.65%,7624
6067,6066,1471357,2234977,Risk 1 (High),60634,41.96010806,-87.78674163,1,1,0,Canvass,1994,MONTROSE,367.9597,979.5816,757.9861,3276.1642,1,97.36%,2.64%,7625
1305,1304,1424453,56519,Risk 1 (High),60631,42.00200032,-87.81515201,1,1,0,Canvass,1940,NORTHWEST,413.6169,1102.0552,401.4658,3174.5501,1,97.36%,2.64%,7626
5644,5643,1513130,2177274,Risk 2 (Medium),60632,41.80789596,-87.73027571,1,1,1,Canvass,1955,47TH,172.6207,586.2134,405.6323,3585.6971,1,97.36%,2.64%,7627
368,367,1396042,15512,Risk 2 (Medium),60655,41.69205749,-87.70069701,1,1,0,Canvass,1963,KEDZIE,515.4292,1070.3593,716.8968,7588.2169,1,97.37%,2.63%,7628
7363,7362,1497826,2334308,Risk 2 (Medium),60655,41.69205749,-87.70069701,1,1,0,License,1963,KEDZIE,183.1469,1070.3593,716.8968,7588.2169,1,97.37%,2.63%,7629
684,683,1383440,28260,Risk 1 (High),60607,41.86957675,-87.65367577,1,1,1,Canvass,2006,TAYLOR,212.8469,900.4951,628.5408,3250.4179,1,97.37%,2.63%,7630
6819,6818,1459528,2303699,Risk 1 (High),60655,41.69149532,-87.6977804,1,0,0,License,1971,111TH,50.4863,1382.497,674.015,7397.2581,1,97.38%,2.62%,7631
1454,1453,1408213,70744,Risk 1 (High),60624,41.86908618,-87.72140544,1,1,1,Canvass,1993,TAYLOR,600.1405,333.4916,733.9282,2820.4256,1,97.38%,2.62%,7632
6493,6492,1389387,2279617,Risk 1 (High),60644,41.88013506,-87.76494245,1,1,0,Canvass,1986,MADISON,588.3478,516.1853,127.3941,3845.1896,1,97.38%,2.62%,7633
487,486,1401803,21602,Risk 1 (High),60652,41.75687639,-87.72232174,1,1,1,Canvass,1962,PULASKI,753.1722,1385.0534,767.5306,4486.3209,1,97.38%,2.62%,7634
2349,2348,1434390,1477297,Risk 1 (High),60656,41.98020524,-87.80331569,1,1,0,Complaint,1972,HIGGINS,663.3498,970.9651,644.8874,3269.746,1,97.38%,2.62%,7635
7257,7256,1459404,2327356,Risk 1 (High),60655,41.69168161,-87.70043191,1,0,0,License,1963,111TH,1073.7651,1100.5367,659.5848,7604.0328,1,97.39%,2.61%,7636
7176,7175,1464226,2320961,Risk 1 (High),60645,42.01197988,-87.70853385,1,1,0,License,2007,TOUHY,297.6154,1597.3641,1028.5201,3935.1368,1,97.39%,2.61%,7637
91,90,1490546,2767,Risk 1 (High),60632,41.79677719,-87.74271809,1,1,0,Canvass,1989,CICERO,387.52,874.2415,783.687,5674.3207,1,97.40%,2.60%,7638
5935,5934,1493724,2203919,Risk 1 (High),60633,41.64936399,-87.54685344,1,1,0,Canvass,1898,BRAINARD,715.9465,434.0923,508.936,11242.3523,1,97.40%,2.60%,7639
5373,5372,1107091,2142370,Risk 1 (High),60659,41.99749526,-87.69705608,1,1,1,Canvass,1937,DEVON,169.4356,361.5241,276.7871,2571.9142,1,97.40%,2.60%,7640
6875,6874,1462208,2304639,Risk 1 (High),60646,41.98504835,-87.77612157,1,0,0,License,1964,MILWAUKEE,352.0591,523.258,573.4418,3767.0581,1,97.41%,2.59%,7641
1174,1173,1464305,47163,Risk 1 (High),60626,42.01570881,-87.67500337,1,1,1,Canvass,1988,CLARK,1411.5134,608.9913,783.3984,2319.2156,1,97.41%,2.59%,7642
2382,2381,1473226,1489003,Risk 2 (Medium),60707,41.90904012,-87.80262196,1,1,0,Canvass,1995,NORTH,791.7897,1062.8407,595.4694,3526.1425,1,97.42%,2.58%,7643
5044,5043,1395315,2114034,Risk 2 (Medium),60707,41.93092528,-87.80130969,1,1,1,Canvass,1953,DIVERSEY,0,1339.6198,691.9997,1958.382,1,97.42%,2.58%,7644
363,362,1418210,15193,Risk 1 (High),60646,41.98498352,-87.77641785,1,1,0,Canvass,1970,MILWAUKEE,1383.8052,543.0775,542.5362,3709.5272,1,97.43%,2.57%,7645
2279,2278,1496819,1447281,Risk 2 (Medium),60618,41.94488107,-87.71280509,1,1,1,Canvass,2006,KIMBALL,454.1281,1477.3366,909.0847,2247.0615,1,97.44%,2.56%,7646
6624,6623,1471423,2289953,Risk 2 (Medium),60634,41.94521258,-87.82372778,1,1,0,Canvass,2006,ADDISON,333.6509,927.0532,914.0245,3120.1795,1,97.44%,2.56%,7647
138,137,1418365,3933,Risk 1 (High),60646,41.99753276,-87.76690074,1,1,0,Canvass,1958,CALDWELL,694.2044,1582.6515,1520.9635,5053.5101,1,97.44%,2.56%,7648
312,311,1496330,12465,Risk 1 (High),60638,41.77704743,-87.76153944,1,1,1,Canvass,1966,CENTRAL,471.3148,448.4531,158.4539,3207.7977,1,97.44%,2.56%,7649
4954,4953,1471485,2099171,Risk 2 (Medium),60639,41.93108692,-87.77189206,1,1,1,Canvass,1929,DIVERSEY,3288.4181,531.3479,845.3206,3298.7437,1,97.45%,2.55%,7650
4794,4793,1345831,2083396,Risk 1 (High),60630,41.98235014,-87.77365984,1,1,0,Canvass,1930,Milwaukee,141.2559,485.8563,560.6664,4622.2456,1,97.45%,2.55%,7651
2027,2026,1471415,1300833,Risk 2 (Medium),60634,41.94492331,-87.82644772,1,1,0,Canvass,1986,ADDISON,591.465,1254.8368,692.5593,3263.1689,1,97.45%,2.55%,7652
3506,3505,1115250,1879298,Risk 1 (High),60638,41.7777538,-87.78339851,1,1,1,Canvass,1968,63RD,707.9282,609.8313,1016.5358,3953.1502,1,97.46%,2.54%,7653
2374,2373,1494046,1488400,Risk 1 (High),60633,41.65239789,-87.54700779,1,1,0,Canvass,1954,BALTIMORE,593.7373,522.7265,517.4488,10267.8143,1,97.47%,2.53%,7654
118,117,1236205,3752,Risk 1 (High),60630,41.97612328,-87.78699375,1,1,0,Canvass,1973,HIGGINS,295.3731,608.5051,819.193,3986.3019,1,97.47%,2.53%,7655
2182,2181,1418450,1380221,Risk 1 (High),60626,42.01931744,-87.67734232,1,1,1,Canvass,1974,HOWARD,289.2788,583.1546,619.83,2481.7618,1,97.47%,2.53%,7656
4520,4519,1325224,2042890,Risk 2 (Medium),60624,41.86626841,-87.72611133,1,1,1,Canvass,2009,ROOSEVELT,370.8861,475.4572,437.3421,2385.3724,1,97.48%,2.52%,7657
5448,5447,1473738,2151959,Risk 1 (High),60638,41.79807544,-87.74775274,1,1,0,Canvass,1970,ARCHER,163.3033,335.0081,768.1646,6259.9235,1,97.49%,2.51%,7658
809,808,1513148,33143,Risk 2 (Medium),60638,41.8074172,-87.7432947,1,1,0,Canvass,1986,CICERO,21087.1053,470.1859,401.777,6314.7937,1,97.49%,2.51%,7659
4361,4360,1434457,2017409,Risk 2 (Medium),60646,41.99774418,-87.76545324,1,1,0,Canvass,1942,Kinzua,763.0119,1293.2339,1383.1326,5406.6822,1,97.49%,2.51%,7660
261,260,1434496,9648,Risk 1 (High),60707,41.92792702,-87.80624603,1,1,1,Canvass,1950,HARLEM,663.0646,750.1582,726.1087,2338.7668,1,97.50%,2.50%,7661
563,562,1490497,23225,Risk 1 (High),60618,41.95337788,-87.71884823,1,1,1,Canvass,2007,ELSTON,415.5518,410.6671,411.3005,1735.4878,1,97.50%,2.50%,7662
5712,5711,1464271,2184244,Risk 1 (High),60645,42.01921374,-87.69970316,1,1,0,Canvass,2005,HOWARD,429.3085,1104.8909,276.3617,3495.2952,1,97.50%,2.50%,7663
5668,5667,1473521,2178035,Risk 1 (High),60632,41.80111415,-87.72792013,1,1,1,Canvass,2006,ARCHER,437.5468,598.0645,306.0802,2953.6905,1,97.50%,2.50%,7664
2854,2853,1424452,1675002,Risk 2 (Medium),60630,41.97591106,-87.78772272,1,1,0,Canvass,1973,NAGLE,563.6462,547.6537,739.0563,4027.2206,1,97.51%,2.49%,7665
33,32,1490255,1060,Risk 1 (High),60638,41.77787867,-87.77632371,1,1,1,Canvass,1960,63RD,422.8809,1099.1341,631.2337,3872.5911,1,97.52%,2.48%,7666
2981,2980,1490259,1717126,Risk 2 (Medium),60618,41.93904479,-87.72235158,1,1,1,Canvass,2008,BELMONT,913.3097,668.8468,344.8307,1833.5807,1,97.53%,2.47%,7667
1474,1473,1424492,73379,Risk 2 (Medium),60631,41.98904253,-87.79297938,1,1,1,Canvass,1963,NORTHWEST,865.095,1422.1071,868.4093,1916.9938,1,97.54%,2.46%,7668
4462,4461,1473922,2032648,Risk 1 (High),60618,41.94331271,-87.67972197,1,1,1,Canvass,2006,ROSCOE,163.8994,335.3446,50.616,2040.575,1,97.54%,2.46%,7669
3153,3152,1493277,1797882,Risk 1 (High),60618,41.95406813,-87.70147783,1,1,1,Canvass,2007,IRVING,263.2809,496.8638,184.8359,1801.0962,1,97.54%,2.46%,7670
5525,5524,1493643,2156750,Risk 1 (High),60625,41.98258182,-87.70899575,1,1,1,Canvass,1929,KEDZIE,901.5626,393.9161,366.2996,3305.6906,1,97.55%,2.45%,7671
1249,1248,1424390,51858,Risk 1 (High),60656,41.97656453,-87.80687528,1,1,0,Canvass,1952,HARLEM,382.937,961.2899,406.2639,3892.2911,1,97.55%,2.45%,7672
804,803,1493360,33011,Risk 1 (High),60638,41.79456475,-87.76914449,1,1,1,Canvass,1955,ARCHER,156.6324,1085.8287,614.6476,4039.8478,1,97.57%,2.43%,7673
1156,1155,1418467,46241,Risk 1 (High),60659,41.99539959,-87.69971134,1,1,1,Canvass,1963,CALIFORNIA,709.3607,290.8065,357.0695,2672.0224,1,97.57%,2.43%,7674
364,363,1424470,15259,Risk 2 (Medium),60631,41.99586185,-87.80793148,1,1,0,Canvass,1955,AVONDALE,439.8618,1289.3869,528.919,3841.0916,1,97.58%,2.42%,7675
5489,5488,1329754,2152972,Risk 1 (High),60639,41.9317404,-87.73919085,1,1,1,Canvass,1927,DIVERSEY,447.1334,533.9436,173.7583,3264.8461,1,97.58%,2.42%,7676
2145,2144,1471369,1356058,Risk 2 (Medium),60634,41.95326311,-87.76931122,1,1,1,Canvass,1963,IRVING,264.8077,250.2904,820.1834,2732.3816,1,97.59%,2.41%,7677
5203,5202,1490742,2129708,Risk 1 (High),60638,41.77755967,-87.78171662,1,1,1,Canvass,1966,63RD,134.3627,639.3155,732.7026,4049.9457,1,97.59%,2.41%,7678
3332,3331,1464459,1840645,Risk 2 (Medium),60626,42.00469264,-87.67303569,1,1,1,Canvass,2007,CLARK,163.5383,582.9206,335.1479,2021.136,1,97.59%,2.41%,7679
3969,3968,1325250,1963590,Risk 2 (Medium),60612,41.88123342,-87.69038959,1,1,1,Canvass,2010,MADISON,558.5841,620.1484,786.4758,3461.5292,1,97.59%,2.41%,7680
5287,5286,1418266,2137144,Risk 1 (High),60659,41.98293737,-87.71072602,1,1,1,Canvass,1930,BRYN,822.4805,384.7743,368.7669,3399.3288,1,97.60%,2.40%,7681
3918,3917,1329740,1954039,Risk 1 (High),60639,41.93109487,-87.77134438,1,1,1,Canvass,1952,DIVERSEY,258.9873,525.3078,878.659,3240.3846,1,97.60%,2.40%,7682
1238,1237,1401426,51126,Risk 1 (High),60707,41.91456849,-87.80580867,1,1,1,Canvass,1945,HARLEM,146.6777,1230.865,1125.1808,3342.4361,1,97.61%,2.39%,7683
190,189,1498037,6776,Risk 1 (High),60638,41.79702025,-87.7531835,1,0,0,Canvass,1986,ARCHER,661.4654,883.2411,708.1649,6175.5057,1,97.61%,2.39%,7684
6731,6730,1236182,2298374,Risk 1 (High),60631,42.00273166,-87.81768655,1,0,0,License,1969,OLMSTED,884.1109,950.7009,528.1478,3504.5933,1,97.61%,2.39%,7685
5031,5030,1460154,2113394,Risk 1 (High),60641,41.93894663,-87.74608562,1,1,1,Canvass,1928,Belmont,401.4509,404.6652,261.9117,3313.1047,1,97.62%,2.38%,7686
1418,1417,1493888,67265,Risk 1 (High),60632,41.80753274,-87.74290645,1,1,0,Canvass,2006,47TH,21087.1053,424.5988,329.7507,6239.6272,1,97.62%,2.38%,7687
392,391,1424335,17145,Risk 1 (High),60630,41.98174514,-87.77346516,1,1,0,Canvass,1954,MILWAUKEE,426.2263,596.6999,543.3306,4697.3571,1,97.64%,2.36%,7688
6421,6420,1345901,2277580,Risk 2 (Medium),60646,41.99743791,-87.76424486,1,1,0,Canvass,1946,DEVON,397.9417,1081.9759,1285.0553,5691.5778,1,97.64%,2.36%,7689
2333,2332,1402158,1475245,Risk 1 (High),60634,41.93799083,-87.81945187,1,1,0,Canvass,1957,BELMONT,1080.6917,871.7116,675.3356,4621.8139,1,97.64%,2.36%,7690
5440,5439,1401771,2147804,Risk 1 (High),60634,41.94563344,-87.77928519,1,1,1,Canvass,1928,ADDISON,92.9679,794.7341,559.4168,3206.9747,1,97.64%,2.36%,7691
1393,1392,1401886,64722,Risk 2 (Medium),60646,41.99609842,-87.78687691,1,1,1,Canvass,1955,MILWAUKEE,287.3176,688.3197,550.7158,2089.7777,1,97.64%,2.36%,7692
6567,6566,1471361,2284865,Risk 1 (High),60634,41.93803297,-87.8172596,1,1,0,Canvass,1964,BELMONT,316.3392,1037.2755,713.5309,4532.8058,1,97.65%,2.35%,7693
7731,7730,1506232,2362723,Risk 1 (High),60634,41.93799083,-87.81945187,1,1,0,License,1957,BELMONT,298.8591,871.7116,675.3356,4621.8139,1,97.65%,2.35%,7694
2896,2895,1473437,1678525,Risk 2 (Medium),60638,41.78932932,-87.74164564,1,1,1,Complaint,2004,CICERO,1083.27,1831.7234,1593.5354,4880.1148,1,97.65%,2.35%,7695
5067,5066,1513213,2114911,Risk 2 (Medium),60655,41.70748086,-87.71131771,1,1,0,Canvass,1986,CENTRAL,745.368,3329.1895,1567.2991,8581.9214,1,97.65%,2.35%,7696
5134,5133,1424367,2124427,Risk 1 (High),60656,41.97587298,-87.80690681,1,1,0,Canvass,1956,HARLEM,445.3299,990.4684,352.6172,4080.2378,1,97.65%,2.35%,7697
1689,1688,1345825,1095196,Risk 2 (Medium),60646,41.99743743,-87.7638592,1,1,0,Canvass,1946,DEVON,1053.3927,1020.104,1251.1159,5758.2554,1,97.66%,2.34%,7698
2480,2479,1473401,1517098,Risk 2 (Medium),60638,41.78932932,-87.74164564,1,1,1,Canvass,2004,CICERO,436.0189,1831.7234,1593.5354,4880.1148,1,97.66%,2.34%,7699
2125,2124,1418319,1351984,Risk 2 (Medium),60646,41.98413691,-87.78419746,1,1,1,Canvass,1928,NORTHWEST,432.2582,1220.3555,294.1302,2514.4057,1,97.66%,2.34%,7700
253,252,1396121,9498,Risk 1 (High),60638,41.79541424,-87.76506224,1,1,1,Canvass,1956,ARCHER,428.7863,1024.027,755.235,4601.8524,1,97.68%,2.32%,7701
484,483,1115225,21593,Risk 1 (High),60655,41.70612378,-87.7136936,1,1,0,Canvass,1945,103RD,539.3816,3267.5646,1099.1951,8985.8676,1,97.70%,2.30%,7702
1276,1275,1115227,54004,Risk 1 (High),60655,41.69155477,-87.70810065,1,1,0,Canvass,1958,111TH,42.3403,940.4423,602.6365,8498.166,1,97.70%,2.30%,7703
5524,5523,1389347,2156721,Risk 2 (Medium),60644,41.87297667,-87.76137654,1,1,1,Canvass,1926,HARRISON,685.1466,402.3713,671.8876,4586.7434,1,97.71%,2.29%,7704
5766,5765,1329742,2189408,Risk 1 (High),60639,41.93024185,-87.75652286,1,1,1,Canvass,1958,LARAMIE,360.993,353.7331,433.49,3165.6762,1,97.71%,2.29%,7705
1820,1819,1115255,1167646,Risk 2 (Medium),60638,41.78783563,-87.74127656,1,1,1,Canvass,2004,CICERO,491.6308,1609.6164,1346.9142,4797.5407,1,97.71%,2.29%,7706
294,293,1493639,11648,Risk 1 (High),60638,41.79484996,-87.76728036,1,1,1,Canvass,1970,ARCHER,739.3797,1025.3675,543.0644,4246.1467,1,97.74%,2.26%,7707
5968,5967,1307290,2222362,Risk 2 (Medium),60629,41.77847132,-87.72908901,1,1,1,Complaint,1955,63RD,0,482.2201,238.3489,4865.1826,1,97.74%,2.26%,7708
5614,5613,1471432,2164010,Risk 2 (Medium),60634,41.94509199,-87.82033987,1,1,1,Canvass,1951,ADDISON,472.3517,506.4399,1034.2083,3150.9313,1,97.75%,2.25%,7709
4250,4249,1424427,2003152,Risk 2 (Medium),60631,41.99759826,-87.80825276,1,1,0,Canvass,2010,DEVON,402.7383,1227.4543,712.4947,3487.5646,1,97.75%,2.25%,7710
1051,1050,1424374,40896,Risk 2 (Medium),60630,41.96955287,-87.76202557,1,1,0,Canvass,2007,MILWAUKEE,431.0412,687.0155,535.5414,4256.1187,1,97.75%,2.25%,7711
3565,3564,1329689,1888901,Risk 1 (High),60639,41.93149805,-87.75738202,1,1,1,Canvass,1984,DIVERSEY,236.6283,480.1965,549.3854,2884.9116,1,97.76%,2.24%,7712
3298,3297,1471355,1821163,Risk 1 (High),60634,41.95221269,-87.83419518,1,1,0,Canvass,1979,IRVING,377.4608,896.819,458.0018,4004.2061,1,97.77%,2.23%,7713
3579,3578,1345811,1892604,Risk 1 (High),60646,41.98684368,-87.77812273,1,1,1,Canvass,1952,MILWAUKEE,333.8946,826.0013,819.8521,3124.3904,1,97.78%,2.22%,7714
706,705,1424360,28853,Risk 1 (High),60630,41.97776393,-87.76982985,1,1,0,Canvass,1959,MILWAUKEE,468.4961,809.2375,499.0594,5112.5314,1,97.78%,2.22%,7715
2883,2882,1389318,1677122,Risk 2 (Medium),60644,41.86569011,-87.76538911,1,1,0,Complaint,2005,ROOSEVELT,148.1254,1144.2131,1131.1919,6022.9864,1,97.78%,2.22%,7716
2403,2402,1471424,1491988,Risk 2 (Medium),60634,41.9395278,-87.84003995,1,1,0,Canvass,1941,FOREST,114.9257,2706.7914,1750.8816,6315.2211,1,97.80%,2.20%,7717
7354,7353,1424619,2334141,Risk 2 (Medium),60631,41.98531807,-87.82981838,1,1,0,License,1972,HIGGINS,119.3269,2587.6187,2338.9807,6103.3477,1,97.80%,2.20%,7718
7355,7354,1424620,2334142,Risk 2 (Medium),60631,41.98531807,-87.82981838,1,0,0,License,1972,HIGGINS,119.3269,2587.6187,2338.9807,6103.3477,1,97.80%,2.20%,7719
1198,1197,1418209,48472,Risk 2 (Medium),60646,41.99418953,-87.78468949,1,1,1,Canvass,1967,MILWAUKEE,1191.1125,671.7256,252.3693,2171.0598,1,97.82%,2.18%,7720
5273,5272,1395747,2134641,Risk 1 (High),60652,41.75466012,-87.74138476,1,1,1,Canvass,2005,CICERO,280.4441,1309.1745,1657.995,5852.1175,1,97.82%,2.18%,7721
4437,4436,1345824,2031440,Risk 1 (High),60646,41.99743675,-87.7610026,1,1,0,Canvass,1964,Devon,1559.4816,643.0633,1139.4125,5903.8898,1,97.82%,2.18%,7722
3887,3886,1329752,1948353,Risk 1 (High),60639,41.93104732,-87.77468516,1,1,1,Complaint,1945,DIVERSEY,0,780.4059,373.5422,3464.2599,1,97.83%,2.17%,7723
3147,3146,1424444,1772294,Risk 2 (Medium),60630,41.97293449,-87.77778665,1,1,0,Canvass,2006,HIGGINS,277.5807,522.8387,295.7456,4020.0393,1,97.83%,2.17%,7724
5841,5840,1418320,2196818,Risk 1 (High),60646,41.99496878,-87.78543707,1,1,1,Canvass,1963,MILWAUKEE,148.5007,643.5511,227.997,2202.3309,1,97.83%,2.17%,7725
2702,2701,1473448,1597560,Risk 2 (Medium),60638,41.79291088,-87.74207734,1,1,1,Canvass,2006,CICERO,455.1363,1799.1126,1392.0386,5231.6625,1,97.86%,2.14%,7726
1542,1541,1471425,80795,Risk 1 (High),60634,41.95194858,-87.83594475,1,1,0,Canvass,1971,IRVING,848.8375,933.7375,434.0268,4425.264,1,97.86%,2.14%,7727
6550,6549,1389360,2284581,Risk 1 (High),60644,41.86568336,-87.76588992,1,1,0,Canvass,2005,ROOSEVELT,428.8187,1135.2963,1005.9792,6140.2123,1,97.86%,2.14%,7728
4909,4908,1491096,2093902,Risk 2 (Medium),60632,41.80753346,-87.74300342,1,1,0,Canvass,2006,CICERO,290.8128,426.8834,346.3958,6261.7555,1,97.87%,2.13%,7729
4968,4967,1424423,2102697,Risk 1 (High),60631,41.99148226,-87.79781164,1,1,1,Canvass,1990,NORTHWEST,535.0762,970.4883,1114.3523,2738.385,1,97.88%,2.12%,7730
3456,3455,1385765,1873335,Risk 2 (Medium),60644,41.86568174,-87.76603699,1,1,0,Canvass,2005,ROOSEVELT,169.4356,1133.5571,969.7109,6174.8075,1,97.88%,2.12%,7731
993,992,1424474,38164,Risk 2 (Medium),60630,41.97566223,-87.76952929,1,1,0,Canvass,1987,N,392.0042,988.5102,714.8978,5169.4118,1,97.89%,2.11%,7732
5281,5280,1424266,2134794,Risk 1 (High),60631,41.99165185,-87.79809695,1,1,1,Canvass,1990,NORTHWEST,348.2546,930.4106,1125.2462,2778.503,1,97.89%,2.11%,7733
3452,3451,1395284,1870339,Risk 1 (High),60707,41.90920757,-87.78920248,1,1,1,Canvass,2005,NORTH,691.1909,495.4915,1024.0003,3315.7674,1,97.89%,2.11%,7734
6036,6035,1358255,2232837,Risk 2 (Medium),60644,41.86567932,-87.7662576,1,1,0,Canvass,2005,ROOSEVELT,440.1381,1131.6858,915.8694,6226.8825,1,97.91%,2.09%,7735
5068,5067,1115226,2114912,Risk 1 (High),60655,41.70608827,-87.71607715,1,1,0,Canvass,1946,103RD,643.8681,3377.635,829.8335,9374.6169,1,97.92%,2.08%,7736
3229,3228,1358256,1804138,Risk 2 (Medium),60644,41.86567851,-87.76633113,1,1,0,Canvass,2005,ROOSEVELT,331.4696,1131.2523,898.0913,6244.287,1,97.93%,2.07%,7737
6696,6695,1389384,2294065,Risk 1 (High),60644,41.86561582,-87.77078264,1,1,0,Canvass,1925,ROOSEVELT,576.1982,660.2036,437.0069,7332.8984,1,97.93%,2.07%,7738
5636,5635,1329739,2176974,Risk 1 (High),60639,41.93125972,-87.77520288,1,1,1,Canvass,1962,DIVERSEY,263.8075,772.2775,359.8077,3490.2394,1,97.93%,2.07%,7739
926,925,1418276,35407,Risk 1 (High),60659,41.99750964,-87.70871561,1,1,1,Canvass,1976,DEVON,293.9766,448.435,550.3098,3729.6778,1,97.94%,2.06%,7740
270,269,1424345,10229,Risk 1 (High),60631,42.01807882,-87.80697947,1,1,0,Canvass,1957,MILWAUKEE,429.4128,2347.1803,508.8843,4770.3316,1,97.95%,2.05%,7741
673,672,1418212,27835,Risk 1 (High),60646,41.98401087,-87.77517247,1,0,1,Canvass,1929,MILWAUKEE,717.111,536.7931,625.051,4117.4921,1,97.96%,2.04%,7742
3898,3897,1434789,1948847,Risk 2 (Medium),60655,41.69150144,-87.69723143,1,1,1,Canvass,1973,111TH,227.4109,1428.6833,757.8329,7353.7737,1,98.03%,1.97%,7743
6664,6663,1395977,2293476,Risk 1 (High),60631,42.00241224,-87.81634604,1,0,1,License,1930,OLIPHANT,512.1461,977.635,379.5362,3310.7511,1,98.03%,1.97%,7744
1308,1307,1236196,56711,Risk 1 (High),60631,42.00310351,-87.81689426,1,1,1,Canvass,1931,NORTHWEST,85.8882,998.3197,448.1554,3344.5851,1,98.03%,1.97%,7745
175,174,1236201,6429,Risk 2 (Medium),60631,42.00238974,-87.81707622,1,1,1,Canvass,1929,OLMSTED,382.6457,925.5985,460.9034,3428.7492,1,98.03%,1.97%,7746
2135,2134,1236202,1353941,Risk 1 (High),60631,42.0024276,-87.81714426,1,1,1,Canvass,1929,OLMSTED,145.5613,926.7111,466.5146,3436.8169,1,98.04%,1.96%,7747
5376,5375,1391369,2142476,Risk 1 (High),60645,42.01197988,-87.70853385,1,1,1,Complaint,2007,TOUHY,646.9827,1597.3641,1028.5201,3935.1368,1,98.06%,1.94%,7748
5382,5381,1389386,2142655,Risk 1 (High),60644,41.8655723,-87.77382227,1,1,0,Canvass,1925,ROOSEVELT,525.938,997.6609,502.5286,7866.7725,1,98.07%,1.93%,7749
2211,2210,1424440,1383391,Risk 2 (Medium),60656,41.96276792,-87.83684033,1,1,0,Canvass,1979,CUMBERLAND,270.6004,3199.9853,1430.5968,6061.5967,1,98.09%,1.91%,7750
116,115,1418236,3742,Risk 2 (Medium),60659,41.9975183,-87.70822416,1,1,1,Canvass,2006,DEVON,304.5658,411.4262,473.0332,3667.9069,1,98.10%,1.90%,7751
4447,4446,1418222,2031881,Risk 1 (High),60646,41.98541778,-87.7688481,1,1,1,Canvass,1952,Elston,267.4143,781.3652,1252.8389,5051.9982,1,98.12%,1.88%,7752
5415,5414,1329679,2146827,Risk 1 (High),60639,41.9310303,-87.77590313,1,1,1,Canvass,2005,DIVERSEY,289.8599,756.7113,290.4112,3460.0031,1,98.17%,1.83%,7753
301,300,1395704,12141,Risk 1 (High),60638,41.80513933,-87.74324248,1,1,1,Canvass,1979,CICERO,61.4013,442.3401,636.3708,6085.7133,1,98.18%,1.82%,7754
2991,2990,1236160,1717838,Risk 1 (High),60631,42.00284556,-87.81795264,1,1,1,Canvass,1959,OLMSTED,661.4654,967.6215,564.1176,3542.7012,1,98.18%,1.82%,7755
699,698,1424461,28491,Risk 2 (Medium),60631,42.01865151,-87.80669988,1,1,0,Canvass,2006,HARLEM,593.7373,2513.933,675.9845,4972.4234,1,98.20%,1.80%,7756
5432,5431,1473972,2147522,Risk 1 (High),60638,41.79812662,-87.74741651,1,1,1,Canvass,1990,ARCHER,2584.3116,290.3758,755.2003,6262.9429,1,98.21%,1.79%,7757
395,394,1236159,17171,Risk 1 (High),60631,42.00273166,-87.81768655,1,1,1,Canvass,1969,OLMSTED,890.8114,950.7009,528.1478,3504.5933,1,98.23%,1.77%,7758
6730,6729,1236183,2298370,Risk 1 (High),60631,42.00273166,-87.81768655,1,0,1,License,1969,OLMSTED,559.3863,950.7009,528.1478,3504.5933,1,98.23%,1.77%,7759
899,898,1424318,34348,Risk 1 (High),60631,41.98678859,-87.84012417,1,1,0,Canvass,1970,HIGGINS,660.7851,2185.9806,2303.7936,7707.0524,1,98.24%,1.76%,7760
3483,3482,1424311,1874859,Risk 1 (High),60656,41.96405106,-87.83683792,1,1,0,Canvass,1996,CUMBERLAND,356.4653,3501.6605,1383.801,6292.1065,1,98.25%,1.75%,7761
5261,5260,1424400,2134196,Risk 1 (High),60656,41.96645317,-87.83838526,1,1,0,Canvass,1968,LAWRENCE,288.2914,2849.302,1337.3753,6860.9927,1,98.27%,1.73%,7762
887,886,1473829,34230,Risk 2 (Medium),60666,42.0085364,-87.91442844,1,1,0,Canvass,2006,TOUHY,21087.1053,22126.3784,20207.5073,26816.328,1,98.28%,1.72%,7763
888,887,1493889,34233,Risk 2 (Medium),60666,42.0085364,-87.91442844,1,1,0,Canvass,2006,TOUHY,21087.1053,22126.3784,20207.5073,26816.328,1,98.28%,1.72%,7764
4351,4350,1493876,2016727,Risk 1 (High),60666,42.0085364,-87.91442844,1,1,0,Canvass,2006,TOUHY,21087.1053,22126.3784,20207.5073,26816.328,1,98.28%,1.72%,7765
7108,7107,1402205,2314946,Risk 1 (High),60632,41.80685498,-87.74298397,0,1,1,License,1991,CICERO,0,541.1168,329.3678,6181.7289,1,98.35%,1.65%,7766
380,379,1512962,15956,Risk 2 (Medium),60655,41.69140619,-87.71830608,1,1,1,Canvass,1924,111TH,186.1383,991.2388,1239.4147,10238.17,1,98.39%,1.61%,7767
4308,4307,1424281,2009092,Risk 2 (Medium),60666,42.0085364,-87.91442844,1,1,0,Complaint,2006,TOUHY,1142.2164,22126.3784,20207.5073,26816.328,1,98.46%,1.54%,7768
7766,7765,1515529,2363763,Risk 1 (High),60666,42.0085364,-87.91442844,1,1,0,License,2006,TOUHY,1068.9717,22126.3784,20207.5073,26816.328,1,98.46%,1.54%,7769
895,894,1493540,34244,Risk 2 (Medium),60666,42.0085364,-87.91442844,1,1,0,Canvass,2006,TOUHY,888.4814,22126.3784,20207.5073,26816.328,1,98.46%,1.54%,7770
7768,7767,1424677,2363766,Risk 1 (High),60666,42.0085364,-87.91442844,1,1,0,License,2006,TOUHY,846.4066,22126.3784,20207.5073,26816.328,1,98.46%,1.54%,7771
873,872,1490773,34206,Risk 2 (Medium),60666,42.0085364,-87.91442844,1,1,0,Canvass,2006,TOUHY,809.3228,22126.3784,20207.5073,26816.328,1,98.46%,1.54%,7772
1742,1741,1494050,1140128,Risk 2 (Medium),60666,42.0085364,-87.91442844,1,1,0,Canvass,2006,TOUHY,791.9707,22126.3784,20207.5073,26816.328,1,98.46%,1.54%,7773
6773,6772,1401573,2299088,Risk 1 (High),60666,42.0085364,-87.91442844,1,0,0,License,2006,TOUHY,789.6278,22126.3784,20207.5073,26816.328,1,98.46%,1.54%,7774
6538,6537,1474034,2284294,Risk 1 (High),60666,42.0085364,-87.91442844,1,1,0,Canvass,2006,TOUHY,766.3894,22126.3784,20207.5073,26816.328,1,98.46%,1.54%,7775
7772,7771,1418758,2363772,Risk 3 (Low),60666,42.0085364,-87.91442844,1,1,0,License,2006,TOUHY,745.2654,22126.3784,20207.5073,26816.328,1,98.46%,1.54%,7776
7769,7768,1515509,2363769,Risk 3 (Low),60666,42.0085364,-87.91442844,1,1,0,License,2006,TOUHY,586.0353,22126.3784,20207.5073,26816.328,1,98.46%,1.54%,7777
2093,2092,1490749,1333235,Risk 2 (Medium),60666,42.0085364,-87.91442844,1,1,0,Canvass,2006,TOUHY,585.9966,22126.3784,20207.5073,26816.328,1,98.46%,1.54%,7778
884,883,1424497,34227,Risk 2 (Medium),60666,42.0085364,-87.91442844,1,1,0,Canvass,2006,TOUHY,534.1327,22126.3784,20207.5073,26816.328,1,98.46%,1.54%,7779
1582,1581,1493582,85188,Risk 2 (Medium),60666,42.0085364,-87.91442844,1,1,0,Canvass,2006,TOUHY,503.6133,22126.3784,20207.5073,26816.328,1,98.46%,1.54%,7780
3700,3699,1490922,1909538,Risk 2 (Medium),60666,42.0085364,-87.91442844,1,1,0,Canvass,2006,TOUHY,484.8776,22126.3784,20207.5073,26816.328,1,98.46%,1.54%,7781
891,890,1490448,34236,Risk 2 (Medium),60666,42.0085364,-87.91442844,1,1,0,Canvass,2006,TOUHY,469.6165,22126.3784,20207.5073,26816.328,1,98.46%,1.54%,7782
6962,6961,1236242,2308568,Risk 1 (High),60666,42.0085364,-87.91442844,1,0,0,License,2006,TOUHY,447.218,22126.3784,20207.5073,26816.328,1,98.46%,1.54%,7783
894,893,1490639,34243,Risk 2 (Medium),60666,42.0085364,-87.91442844,1,1,0,Canvass,2006,TOUHY,435.943,22126.3784,20207.5073,26816.328,1,98.46%,1.54%,7784
7614,7613,1497763,2354681,Risk 3 (Low),60666,42.0085364,-87.91442844,1,0,0,License,2006,TOUHY,433.8741,22126.3784,20207.5073,26816.328,1,98.46%,1.54%,7785
7767,7766,1515532,2363764,Risk 1 (High),60666,42.0085364,-87.91442844,1,0,0,License,2006,TOUHY,422.9092,22126.3784,20207.5073,26816.328,1,98.46%,1.54%,7786
7765,7764,1424675,2363762,Risk 2 (Medium),60666,42.0085364,-87.91442844,1,1,0,License,2006,TOUHY,420.7186,22126.3784,20207.5073,26816.328,1,98.46%,1.54%,7787
5803,5802,1434431,2192978,Risk 1 (High),60666,42.0085364,-87.91442844,1,0,0,License,2006,TOUHY,413.316,22126.3784,20207.5073,26816.328,1,98.46%,1.54%,7788
6842,6841,1236147,2304183,Risk 2 (Medium),60666,42.0085364,-87.91442844,1,1,0,License,2006,TOUHY,395.6848,22126.3784,20207.5073,26816.328,1,98.46%,1.54%,7789
3846,3845,1493362,1942304,Risk 2 (Medium),60666,42.0085364,-87.91442844,1,1,0,Canvass,2006,TOUHY,332.7644,22126.3784,20207.5073,26816.328,1,98.46%,1.54%,7790
5171,5170,1424394,2125731,Risk 3 (Low),60666,42.0085364,-87.91442844,1,1,0,Canvass,2006,TOUHY,332.1452,22126.3784,20207.5073,26816.328,1,98.46%,1.54%,7791
5264,5263,1424387,2134316,Risk 3 (Low),60666,42.0085364,-87.91442844,1,1,0,Canvass,2006,TOUHY,324.8702,22126.3784,20207.5073,26816.328,1,98.46%,1.54%,7792
858,857,1473819,34150,Risk 2 (Medium),60666,42.0085364,-87.91442844,1,1,0,Canvass,2006,TOUHY,320.3729,22126.3784,20207.5073,26816.328,1,98.46%,1.54%,7793
7774,7773,1424676,2363807,Risk 2 (Medium),60666,42.0085364,-87.91442844,1,0,0,License,2006,TOUHY,310.4014,22126.3784,20207.5073,26816.328,1,98.46%,1.54%,7794
7770,7769,1515511,2363770,Risk 3 (Low),60666,42.0085364,-87.91442844,1,0,0,License,2006,TOUHY,290.5671,22126.3784,20207.5073,26816.328,1,98.46%,1.54%,7795
883,882,1474185,34224,Risk 2 (Medium),60666,42.0085364,-87.91442844,1,1,0,Canvass,2006,TOUHY,270.361,22126.3784,20207.5073,26816.328,1,98.46%,1.54%,7796
7763,7762,1515515,2363760,Risk 1 (High),60666,42.0085364,-87.91442844,1,1,0,License,2006,TOUHY,262.4282,22126.3784,20207.5073,26816.328,1,98.46%,1.54%,7797
879,878,1490269,34218,Risk 2 (Medium),60666,42.0085364,-87.91442844,1,1,0,Canvass,2006,TOUHY,225.5898,22126.3784,20207.5073,26816.328,1,98.46%,1.54%,7798
1381,1380,1494054,64032,Risk 2 (Medium),60666,42.0085364,-87.91442844,1,1,0,Canvass,2006,TOUHY,217.6284,22126.3784,20207.5073,26816.328,1,98.46%,1.54%,7799
1754,1753,1474069,1141457,Risk 2 (Medium),60666,42.0085364,-87.91442844,1,1,0,Canvass,2006,TOUHY,197.3545,22126.3784,20207.5073,26816.328,1,98.46%,1.54%,7800
4322,4321,1490540,2013206,Risk 1 (High),60666,42.0085364,-87.91442844,1,1,0,Canvass,2006,TOUHY,188.5147,22126.3784,20207.5073,26816.328,1,98.46%,1.54%,7801
878,877,1490284,34217,Risk 2 (Medium),60666,42.0085364,-87.91442844,1,1,0,Canvass,2006,TOUHY,162.337,22126.3784,20207.5073,26816.328,1,98.46%,1.54%,7802
7764,7763,1515516,2363761,Risk 1 (High),60666,42.0085364,-87.91442844,1,0,0,License,2006,TOUHY,146.3643,22126.3784,20207.5073,26816.328,1,98.46%,1.54%,7803
3927,3926,1490623,1954648,Risk 2 (Medium),60666,42.0085364,-87.91442844,1,1,0,Canvass,2006,TOUHY,107.8424,22126.3784,20207.5073,26816.328,1,98.46%,1.54%,7804
7771,7770,1418757,2363771,Risk 2 (Medium),60666,42.0085364,-87.91442844,1,1,0,License,2006,TOUHY,102.0043,22126.3784,20207.5073,26816.328,1,98.46%,1.54%,7805
892,891,1493401,34241,Risk 2 (Medium),60666,42.0085364,-87.91442844,1,1,0,Canvass,2006,TOUHY,83.098,22126.3784,20207.5073,26816.328,1,98.46%,1.54%,7806
3568,3567,1424272,1891776,Risk 1 (High),60631,41.99299042,-87.82167425,1,1,1,Canvass,1955,TALCOTT,445.8126,2341.8943,412.3606,5158.3427,1,98.56%,1.44%,7807
4530,4529,1236204,2043444,Risk 1 (High),60631,41.98121021,-87.83801332,1,1,0,Canvass,1981,BRYN,527.4316,1141.4255,481.1586,7410.3472,1,98.64%,1.36%,7808
6311,6310,1424438,2263086,Risk 1 (High),60631,41.98118072,-87.83916756,1,1,0,Canvass,1981,BRYN,1024.7529,1129.8063,309.5752,7580.3188,1,98.70%,1.30%,7809
6439,6438,1424439,2278129,Risk 2 (Medium),60631,41.98118072,-87.83916756,1,1,0,Canvass,1981,BRYN,817.5846,1129.8063,309.5752,7580.3188,1,98.70%,1.30%,7810
3696,3695,1490927,1909525,Risk 2 (Medium),60666,42.0085364,-87.91442844,1,1,1,Canvass,2006,TOUHY,21087.1053,22126.3784,20207.5073,26816.328,1,98.73%,1.27%,7811
4306,4305,1401509,2008948,Risk 1 (High),60631,41.9810632,-87.84567442,1,1,0,Canvass,2003,BRYN,469.7481,1665.3005,1462.1204,8557.5742,1,98.73%,1.27%,7812
885,884,1401593,34228,Risk 2 (Medium),60666,42.0085364,-87.91442844,1,1,1,Canvass,2006,TOUHY,1101.0552,22126.3784,20207.5073,26816.328,1,98.86%,1.14%,7813
2151,2150,1493378,1356711,Risk 2 (Medium),60666,42.0085364,-87.91442844,1,1,1,Canvass,2006,TOUHY,924.5808,22126.3784,20207.5073,26816.328,1,98.86%,1.14%,7814
2094,2093,1490751,1333242,Risk 2 (Medium),60666,42.0085364,-87.91442844,1,1,1,Canvass,2006,TOUHY,701.2547,22126.3784,20207.5073,26816.328,1,98.86%,1.14%,7815
4459,4458,1473488,2032399,Risk 2 (Medium),60666,42.0085364,-87.91442844,1,1,1,Canvass,2006,TOUHY,614.5994,22126.3784,20207.5073,26816.328,1,98.86%,1.14%,7816
875,874,1494145,34211,Risk 2 (Medium),60666,42.0085364,-87.91442844,1,1,1,Canvass,2006,TOUHY,523.6126,22126.3784,20207.5073,26816.328,1,98.86%,1.14%,7817
861,860,1490759,34159,Risk 2 (Medium),60666,42.0085364,-87.91442844,1,1,1,Canvass,2006,TOUHY,485.9294,22126.3784,20207.5073,26816.328,1,98.86%,1.14%,7818
369,368,1490558,15531,Risk 2 (Medium),60666,42.0085364,-87.91442844,1,1,1,Canvass,2006,TOUHY,480.6629,22126.3784,20207.5073,26816.328,1,98.86%,1.14%,7819
877,876,1474199,34215,Risk 2 (Medium),60666,42.0085364,-87.91442844,1,1,1,Canvass,2006,TOUHY,444.0596,22126.3784,20207.5073,26816.328,1,98.86%,1.14%,7820
2666,2665,1494063,1594714,Risk 2 (Medium),60666,42.0085364,-87.91442844,1,1,1,Canvass,2006,TOUHY,442.632,22126.3784,20207.5073,26816.328,1,98.86%,1.14%,7821
3760,3759,1493532,1926569,Risk 2 (Medium),60666,42.0085364,-87.91442844,1,1,1,Canvass,2006,TOUHY,440.9905,22126.3784,20207.5073,26816.328,1,98.86%,1.14%,7822
4323,4322,1490729,2013208,Risk 1 (High),60666,42.0085364,-87.91442844,1,1,1,Canvass,2006,TOUHY,385.8744,22126.3784,20207.5073,26816.328,1,98.86%,1.14%,7823
3544,3543,1474056,1885162,Risk 2 (Medium),60666,42.0085364,-87.91442844,1,1,1,Canvass,2006,TOUHY,373.0808,22126.3784,20207.5073,26816.328,1,98.86%,1.14%,7824
3759,3758,1490455,1926527,Risk 2 (Medium),60666,42.0085364,-87.91442844,1,1,1,Canvass,2006,TOUHY,351.4639,22126.3784,20207.5073,26816.328,1,98.86%,1.14%,7825
880,879,1493592,34219,Risk 2 (Medium),60666,42.0085364,-87.91442844,1,1,1,Canvass,2006,TOUHY,342.7952,22126.3784,20207.5073,26816.328,1,98.86%,1.14%,7826
3698,3697,1494125,1909531,Risk 2 (Medium),60666,42.0085364,-87.91442844,1,1,1,Canvass,2006,TOUHY,337.238,22126.3784,20207.5073,26816.328,1,98.86%,1.14%,7827
4352,4351,1493507,2016729,Risk 2 (Medium),60666,42.0085364,-87.91442844,1,1,1,Canvass,2006,TOUHY,327.0998,22126.3784,20207.5073,26816.328,1,98.86%,1.14%,7828
5293,5292,1493910,2137234,Risk 2 (Medium),60666,42.0085364,-87.91442844,1,1,1,Canvass,2006,TOUHY,321.271,22126.3784,20207.5073,26816.328,1,98.86%,1.14%,7829
882,881,1490647,34222,Risk 2 (Medium),60666,42.0085364,-87.91442844,1,1,1,Canvass,2006,TOUHY,293.5786,22126.3784,20207.5073,26816.328,1,98.86%,1.14%,7830
5701,5700,1493370,2184012,Risk 2 (Medium),60666,42.0085364,-87.91442844,1,1,1,Canvass,2006,TOUHY,286.8343,22126.3784,20207.5073,26816.328,1,98.86%,1.14%,7831
4985,4984,1493915,2103989,Risk 2 (Medium),60666,42.0085364,-87.91442844,1,1,1,Canvass,2006,TOUHY,254.234,22126.3784,20207.5073,26816.328,1,98.86%,1.14%,7832
1240,1239,1493555,51206,Risk 1 (High),60666,42.0085364,-87.91442844,1,1,1,Canvass,2006,TOUHY,220.4398,22126.3784,20207.5073,26816.328,1,98.86%,1.14%,7833
886,885,1490264,34229,Risk 2 (Medium),60666,42.0085364,-87.91442844,1,1,1,Canvass,2006,TOUHY,190.5173,22126.3784,20207.5073,26816.328,1,98.86%,1.14%,7834
890,889,1494164,34235,Risk 2 (Medium),60666,42.0085364,-87.91442844,1,1,1,Canvass,2006,TOUHY,141.6548,22126.3784,20207.5073,26816.328,1,98.86%,1.14%,7835
2855,2854,1236136,1675026,Risk 2 (Medium),60666,42.0085364,-87.91442844,1,1,1,Canvass Re-Inspection,2006,TOUHY,69.6395,22126.3784,20207.5073,26816.328,1,98.87%,1.13%,7836
1755,1754,1494138,1141505,Risk 2 (Medium),60666,42.0085364,-87.91442844,1,1,1,Canvass,2006,TOUHY,44.9558,22126.3784,20207.5073,26816.328,1,98.87%,1.13%,7837
5214,5213,1424343,2129944,Risk 1 (High),60631,41.98114396,-87.84108737,1,1,1,Canvass,2002,BRYN,750.5658,1225.1446,621.2825,7864.8699,1,99.09%,0.91%,7838
